0.12043502926826477 0.3258911967277527 0.17572376132011414 0.35319483280181885
0.23591794073581696 0.25916990637779236 0.3154221773147583 0.29877200722694397
0.13036233186721802 0.2092197984457016 0.1902875304222107 0.25868862867355347
0.12391924858093262 0.3853297531604767 0.1648406684398651 0.4126342833042145
0.02724498137831688 0.27916303277015686 0.06353220343589783 0.3083581030368805
0.21663923561573029 0.42241615056991577 0.2966541051864624 0.46384602785110474
0.8732807636260986 0.08897838741540909 0.9991897344589233 0.23905736207962036
0.5604957938194275 0.0018887072801589966 1.0 0.16424161195755005
0.018572192639112473 0.31843405961990356 0.0539337582886219 0.3358399271965027
0.0 0.3369687795639038 0.029853204265236855 0.35526221990585327
0.5631313920021057 0.001013919711112976 1.0 0.1665031909942627
0.12391924858093262 0.3853297531604767 0.1648406684398651 0.4126342833042145
