0.26035794615745544 0.6301301121711731 0.2983548939228058 0.6892172694206238
0.33007198572158813 0.6645249724388123 0.38697415590286255 0.7427242398262024
0.45093709230422974 0.38326016068458557 0.5399320125579834 0.46165069937705994
0.2542881369590759 0.5856545567512512 0.3041791319847107 0.6193369030952454
0.15936411917209625 0.5708255767822266 0.18596936762332916 0.6068087816238403
0.15312477946281433 0.5657292604446411 0.18057185411453247 0.5992105007171631
0.22335238754749298 0.6067712903022766 0.26856592297554016 0.6629737019538879
0.2905895709991455 0.5591804385185242 0.3438049554824829 0.5711709856987
0.236015185713768 0.6102063059806824 0.27642545104026794 0.6691403985023499
0.14949409663677216 0.5636016726493835 0.17638354003429413 0.5929500460624695
0.28801286220550537 0.5424444079399109 0.33516037464141846 0.5547921061515808
0.22464774549007416 0.6173394918441772 0.2514922320842743 0.6605569124221802
0.44964003562927246 0.3825562596321106 0.539559006690979 0.4624693989753723
