0.26081764698028564 0.6315915584564209 0.2990661859512329 0.6893138885498047
0.3296598196029663 0.6648870706558228 0.387188196182251 0.7424110174179077
0.23948824405670166 0.6164681911468506 0.2743564248085022 0.6691539287567139
0.1616380363702774 0.5727732181549072 0.18621386587619781 0.6065553426742554
0.20831841230392456 0.5663896203041077 0.2428843379020691 0.5900484919548035
0.2286229133605957 0.6100872159004211 0.26486021280288696 0.6599701046943665
0.4976310133934021 0.5361565351486206 0.6178314089775085 0.6587783098220825
0.15093964338302612 0.5637149810791016 0.17838221788406372 0.5956652164459229
0.22770632803440094 0.6213478446006775 0.25090280175209045 0.6604730486869812
0.26572325825691223 0.555355429649353 0.30891749262809753 0.5654628276824951
0.12820768356323242 0.5336077213287354 0.29960042238235474 0.6965934038162231
