0.2608047127723694 0.6316937804222107 0.29911500215530396 0.6896781325340271
0.329725444316864 0.6651530265808105 0.38740450143814087 0.7424256801605225
0.5770126581192017 0.6336560845375061 0.7457504272460938 0.7316555380821228
0.23929463326931 0.6155843138694763 0.27426379919052124 0.6692447066307068
0.22805210947990417 0.6093364357948303 0.26487746834754944 0.6597233414649963
0.15110816061496735 0.5637701153755188 0.1794593781232834 0.5978596806526184
0.34797629714012146 0.5672635436058044 0.4094732105731964 0.5834794640541077
0.1608169823884964 0.571652889251709 0.18646986782550812 0.6072545051574707
0.1934124231338501 0.5585494637489319 0.2192365825176239 0.5765851140022278
0.22761400043964386 0.6201694011688232 0.2510928213596344 0.6605727672576904
