0.2605907618999481 0.6315653920173645 0.2994038164615631 0.6899694800376892
0.33037710189819336 0.663794219493866 0.38633978366851807 0.7422665953636169
0.23812487721443176 0.6144141554832458 0.2734491527080536 0.6660585999488831
0.22409844398498535 0.6054697036743164 0.2655152380466461 0.6610023975372314
0.15920282900333405 0.5719541311264038 0.18632899224758148 0.6069698333740234
0.5242797136306763 0.5857872366905212 0.6173409223556519 0.6071195006370544
0.1532285064458847 0.5665224194526672 0.18291853368282318 0.6000269055366516
0.1503644585609436 0.5609400868415833 0.18063578009605408 0.5934373736381531
0.15949445962905884 0.547870397567749 0.1830984652042389 0.5712573528289795
0.22973039746284485 0.6959995031356812 0.2885264456272125 0.7278227806091309
0.3281630575656891 0.5165287256240845 0.37662824988365173 0.548397421836853
