0.2608656585216522 0.6317338347434998 0.2991391718387604 0.6895479559898376
0.5704087615013123 0.6253780126571655 0.728607714176178 0.7223302125930786
0.3297233581542969 0.6651614308357239 0.3873806595802307 0.7424405217170715
0.23918560147285461 0.6153956055641174 0.2742742598056793 0.6692926287651062
0.22797280550003052 0.6090549826622009 0.2648490071296692 0.6596885323524475
0.160766139626503 0.5717926025390625 0.18647010624408722 0.6075996160507202
0.1509028524160385 0.5635954737663269 0.17881618440151215 0.5972145199775696
0.34436801075935364 0.5662252902984619 0.4037739932537079 0.5825055837631226
0.22752094268798828 0.6208013296127319 0.251010537147522 0.6606172323226929
0.19420558214187622 0.5589897632598877 0.22031837701797485 0.5772604942321777
