0.26108166575431824 0.6320589184761047 0.2991919219493866 0.689312756061554
0.3294232487678528 0.6652881503105164 0.38674086332321167 0.7421759963035583
0.3024604320526123 0.6076437830924988 0.36961275339126587 0.6500030159950256
0.5031047463417053 0.06146048381924629 0.6402317881584167 0.1705293506383896
0.5031047463417053 0.06146048381924629 0.6402317881584167 0.1705293506383896
0.2386455535888672 0.6160886287689209 0.274203896522522 0.6688765287399292
0.15124227106571198 0.5636351704597473 0.17994211614131927 0.5968689322471619
0.15908408164978027 0.5708050727844238 0.18533870577812195 0.6059814691543579
0.2273961901664734 0.6089493036270142 0.26562318205833435 0.6600817441940308
0.23019124567508698 0.6971611976623535 0.2903943657875061 0.7275949716567993
0.05495356023311615 0.40563514828681946 0.37974655628204346 0.7627143859863281
