0.2604038119316101 0.6313034296035767 0.299094021320343 0.6895917654037476
0.33042606711387634 0.665533721446991 0.38745394349098206 0.7425912022590637
0.4029445946216583 0.6541429162025452 0.5158578753471375 0.7203149199485779
0.2393946349620819 0.6151284575462341 0.2734281122684479 0.6673523783683777
0.5619606375694275 0.602289617061615 0.6571395993232727 0.6253727078437805
0.1611214429140091 0.5718147158622742 0.18641458451747894 0.6064944863319397
0.15153594315052032 0.5634644031524658 0.1789943426847458 0.5944797992706299
0.22675511240959167 0.6070265769958496 0.264008492231369 0.6595652103424072
0.2269662767648697 0.6189184188842773 0.25132983922958374 0.6601889133453369
0.23204593360424042 0.6986966133117676 0.29171332716941833 0.7275477647781372
0.4027279019355774 0.6541975140571594 0.5163223743438721 0.7200309634208679
