0.2610129415988922 0.6314881443977356 0.299168199300766 0.6892873644828796
0.3298501670360565 0.6636868715286255 0.3856302797794342 0.7428528070449829
0.32888537645339966 0.6181393265724182 0.40323901176452637 0.6684914231300354
0.5691658854484558 0.01366577297449112 0.739562451839447 0.1258488893508911
0.23898601531982422 0.6162426471710205 0.2740664482116699 0.6689777374267578
0.15154904127120972 0.5639467239379883 0.18075045943260193 0.5980758666992188
0.15844009816646576 0.5703517198562622 0.18509675562381744 0.6055734157562256
0.22638250887393951 0.6083451509475708 0.265523761510849 0.6598320007324219
0.5691658854484558 0.01366577297449112 0.739562451839447 0.1258488893508911
0.45138487219810486 0.5839086771011353 0.535178005695343 0.6039385795593262
0.2286439687013626 0.6959182620048523 0.28858160972595215 0.7277348637580872
