0.26106777787208557 0.6317291855812073 0.29910019040107727 0.6892814040184021
0.3297457695007324 0.6634789705276489 0.3855273723602295 0.7438414096832275
0.322709321975708 0.6165413856506348 0.3950164318084717 0.6653821468353271
0.23889540135860443 0.6159665584564209 0.2741449773311615 0.6691726446151733
0.1514068841934204 0.5640071034431458 0.18123140931129456 0.5986880660057068
0.1577303260564804 0.5700827240943909 0.18505047261714935 0.6052576899528503
0.22631028294563293 0.6083208322525024 0.2656242549419403 0.6599931716918945
0.5542387962341309 0.029804818332195282 0.7419850826263428 0.19288459420204163
0.5542387962341309 0.029804818332195282 0.7419850826263428 0.19288459420204163
0.5560844540596008 0.026367347687482834 0.7230762839317322 0.1417306661605835
0.22887220978736877 0.6959656476974487 0.28962209820747375 0.7277612686157227
