0.26096466183662415 0.6318991184234619 0.299089640378952 0.6894830465316772
0.32976606488227844 0.6638050079345703 0.38636723160743713 0.7423264980316162
0.3081711232662201 0.6097226738929749 0.38137486577033997 0.6554335951805115
0.5252807140350342 0.0462387353181839 0.6741102933883667 0.15111412107944489
0.23823346197605133 0.6154520511627197 0.27382907271385193 0.6664406061172485
0.15133613348007202 0.5639780163764954 0.18093502521514893 0.5983002781867981
0.1576836109161377 0.5697993636131287 0.18508708477020264 0.6051735281944275
0.22678746283054352 0.60843425989151 0.2659202814102173 0.6599509119987488
0.5252807140350342 0.0462387353181839 0.6741102933883667 0.15111412107944489
0.41706401109695435 0.5799223780632019 0.48700761795043945 0.596179187297821
0.22989121079444885 0.6967198848724365 0.2901590168476105 0.7275987863540649
