0.2603154480457306 0.6312606930732727 0.299245685338974 0.6898755431175232
0.330422043800354 0.665014386177063 0.3870927691459656 0.742353081703186
0.23972924053668976 0.6157296299934387 0.2736354172229767 0.6678784489631653
0.16108421981334686 0.5717986226081848 0.18616946041584015 0.6070529818534851
0.15189534425735474 0.5635797381401062 0.17908498644828796 0.5947620272636414
0.22668176889419556 0.6069958209991455 0.2635708451271057 0.6594027280807495
0.6814101934432983 0.6173023581504822 0.7866507768630981 0.6453803181648254
0.3473969101905823 0.8379352688789368 0.3940976858139038 0.8515016436576843
0.2268211394548416 0.6200256943702698 0.25105932354927063 0.6602521538734436
0.4688253402709961 0.6820449233055115 0.6199249029159546 0.7673210501670837
