0.34715840220451355 0.4552762806415558 0.44624611735343933 0.5047908425331116
0.12932567298412323 0.21860313415527344 0.18913201987743378 0.2565452754497528
0.07745198905467987 0.31625837087631226 0.1126030683517456 0.3395870327949524
0.07772567123174667 0.3726334571838379 0.12898489832878113 0.39968234300613403
0.22699135541915894 0.31551626324653625 0.3283536434173584 0.36094382405281067
0.22699135541915894 0.31551626324653625 0.3283536434173584 0.36094382405281067
0.07772567123174667 0.3726334571838379 0.12898489832878113 0.39968234300613403
0.002698207274079323 0.3115399479866028 0.0509185865521431 0.3335545063018799
0.005126616917550564 0.332552433013916 0.029561199247837067 0.3515174388885498
0.15392310917377472 0.2713821828365326 0.2267657071352005 0.31628188490867615
0.004263782873749733 0.3115515112876892 0.05047038197517395 0.33394914865493774
0.0 0.0 0.9997233152389526 0.9213732481002808
0.13098205626010895 0.2045101821422577 0.2039145678281784 0.2580515742301941
0.002698207274079323 0.3115399479866028 0.0509185865521431 0.3335545063018799
