0.2609069347381592 0.6319989562034607 0.29886168241500854 0.6899207234382629
0.33060139417648315 0.6650657057762146 0.38606393337249756 0.7428185343742371
0.4905438721179962 0.0719231441617012 0.6208678483963013 0.18343162536621094
0.30181336402893066 0.608488142490387 0.3687921166419983 0.6503744721412659
0.23559056222438812 0.6136828064918518 0.2735767364501953 0.666835606098175
0.15919286012649536 0.5714758634567261 0.1856747269630432 0.6061716079711914
0.2245461642742157 0.6076545715332031 0.26562580466270447 0.6607271432876587
0.15187755227088928 0.5648741126060486 0.18029236793518066 0.5978268980979919
0.4911334216594696 0.0715717226266861 0.6204016208648682 0.1830834001302719
0.36723172664642334 0.5718230605125427 0.4341198801994324 0.5872413516044617
