0.20843090116977692 0.31984221935272217 0.27791643142700195 0.3588448166847229
0.12543785572052002 0.2879778742790222 0.17496129870414734 0.3163607716560364
0.1656443327665329 0.1732131540775299 0.5309185981750488 0.3011308014392853
0.12968946993350983 0.20449678599834442 0.21255765855312347 0.2578372359275818
0.1752462536096573 0.41159263253211975 0.2533440887928009 0.4532652199268341
0.062107816338539124 0.28396323323249817 0.09613968431949615 0.30479612946510315
0.053312983363866806 0.3194209933280945 0.12123177945613861 0.3483705520629883
0.049563340842723846 0.3568565547466278 0.08355037122964859 0.37872323393821716
0.007964758202433586 0.3403536081314087 0.03999952971935272 0.3588661551475525
0.0033396221697330475 0.3090570569038391 0.035971060395240784 0.3287883996963501
0.7731830477714539 0.4544311761856079 0.9970143437385559 0.5447310209274292
0.1756325513124466 0.4121429920196533 0.2533237338066101 0.4530312418937683
