0.15338750183582306 0.32221561670303345 0.20831076800823212 0.35428208112716675
0.09198834002017975 0.28711727261543274 0.12896934151649475 0.31261810660362244
0.12573732435703278 0.21724838018417358 0.40057289600372314 0.3021295666694641
0.12713849544525146 0.20509368181228638 0.21207013726234436 0.25015854835510254
0.04567321389913559 0.2849525809288025 0.07410293072462082 0.30550873279571533
0.1394728422164917 0.39891135692596436 0.20789307355880737 0.4353688359260559
0.7438993453979492 0.09147094190120697 0.998936653137207 0.2565069794654846
0.035647474229335785 0.3173901438713074 0.09404153376817703 0.3423687219619751
0.13971632719039917 0.39899542927742004 0.20854079723358154 0.4360884726047516
0.5686989426612854 0.46746739745140076 0.7657212615013123 0.5394430756568909
0.031822796911001205 0.34940075874328613 0.06385810673236847 0.36920297145843506
0.5686989426612854 0.46746739745140076 0.7657212615013123 0.5394430756568909
0.1274479478597641 0.21436044573783875 0.19186560809612274 0.2511124610900879
0.7448837161064148 0.09403122216463089 0.9980950951576233 0.25729429721832275
0.0004124622792005539 0.3071679174900055 0.02490370161831379 0.32660987973213196
0.5678888559341431 0.4679986238479614 0.755683422088623 0.5385819673538208
0.7428035736083984 0.08389972150325775 0.9997080564498901 0.2547665238380432
0.013477414846420288 0.004089057445526123 0.9799164533615112 0.9728780388832092
0.12397155165672302 0.21896755695343018 0.3866099417209625 0.3059128522872925
