0.4398760199546814 0.25964897871017456 0.5887736678123474 0.327709436416626
0.4911578893661499 0.8517934083938599 0.639006495475769 0.962602972984314
0.43716636300086975 0.0 1.0 0.2305777370929718
0.13046522438526154 0.208550363779068 0.19031159579753876 0.25798189640045166
0.37824684381484985 0.4593961834907532 0.5484929084777832 0.520517885684967
0.9137019515037537 0.13410671055316925 1.0 0.2595803141593933
0.1689436137676239 0.40472087264060974 0.23373737931251526 0.44193515181541443
0.20696961879730225 0.2703785002231598 0.28369665145874023 0.30696526169776917
0.04496579244732857 0.2822839319705963 0.08899188041687012 0.30428507924079895
0.0787748172879219 0.3711395263671875 0.1288420557975769 0.3990371823310852
0.08985885977745056 0.3209952116012573 0.13600249588489532 0.34957408905029297
0.03424142673611641 0.31222501397132874 0.06389816105365753 0.3321385085582733
0.2087535560131073 0.3151715099811554 0.36966249346733093 0.36634042859077454
0.0219421423971653 0.3493489921092987 0.0722820907831192 0.37565651535987854
0.37824684381484985 0.4593961834907532 0.5484929084777832 0.520517885684967
0.2090885043144226 0.3159761130809784 0.36750704050064087 0.3661210238933563
0.022601556032896042 0.3493751287460327 0.07199420034885406 0.3754836916923523
0.0013785958290100098 0.08588781952857971 0.9332226514816284 0.917919397354126
0.20938605070114136 0.3158063292503357 0.36952489614486694 0.3657553195953369
0.16882836818695068 0.40446504950523376 0.23375803232192993 0.44159939885139465
0.3832791745662689 0.45914992690086365 0.5481089949607849 0.5201693177223206
0.07775028049945831 0.370952308177948 0.12892848253250122 0.398623526096344
