0.6103739142417908 0.2155240923166275 0.8394982218742371 0.31355705857276917
0.2757202386856079 0.44285979866981506 0.3701440095901489 0.48754194378852844
0.1155448630452156 0.27750861644744873 0.18087700009346008 0.3087120056152344
0.403377503156662 0.17968037724494934 0.5550265312194824 0.26552194356918335
0.12880870699882507 0.21799257397651672 0.1866006851196289 0.255957692861557
0.34991738200187683 0.26623091101646423 0.6017173528671265 0.35682323575019836
0.049468085169792175 0.2815409004688263 0.08239908516407013 0.3012255132198334
0.10430043190717697 0.32249730825424194 0.14805562794208527 0.34875190258026123
0.049915242940187454 0.3185443580150604 0.08494403958320618 0.34049442410469055
0.34991738200187683 0.26623091101646423 0.6017173528671265 0.35682323575019836
0.15446601808071136 0.39841821789741516 0.236087366938591 0.43981388211250305
0.003579258918762207 0.038584113121032715 0.9490143656730652 0.8855335116386414
0.19517360627651215 0.3170236349105835 0.29877620935440063 0.36321210861206055
0.6162340044975281 0.0015228837728500366 0.9961912035942078 0.1549132764339447
0.511650800704956 0.46436887979507446 0.7331372499465942 0.5386757254600525
0.511110782623291 0.46392399072647095 0.7342371940612793 0.5394741892814636
0.0803232491016388 0.3742269277572632 0.15815743803977966 0.4178054928779602
0.0803232491016388 0.3742269277572632 0.15815743803977966 0.4178054928779602
0.13149568438529968 0.20405042171478271 0.20306652784347534 0.25637978315353394
0.19517360627651215 0.3170236349105835 0.29877620935440063 0.36321210861206055
0.34991738200187683 0.26623091101646423 0.6017173528671265 0.35682323575019836
0.4029465913772583 0.17873907089233398 0.5548397302627563 0.26464250683784485
0.19517360627651215 0.3170236349105835 0.29877620935440063 0.36321210861206055
0.015971750020980835 0.06009805202484131 0.7653505802154541 0.6524381041526794
