0.3593563139438629 0.455501526594162 0.4784693419933319 0.5072845816612244
0.7499259114265442 0.1671474426984787 0.9995957016944885 0.2923688292503357
0.13898363709449768 0.3296942412853241 0.1930614411830902 0.3593331277370453
0.12855441868305206 0.27384889125823975 0.1802191585302353 0.3021644949913025
0.37871474027633667 0.2527045011520386 0.6642739176750183 0.3514394164085388
0.14339536428451538 0.39493536949157715 0.23726382851600647 0.4533018469810486
0.6816724538803101 6.257742643356323e-05 0.9806822538375854 0.15472522377967834
0.04927606135606766 0.28252601623535156 0.08220656961202621 0.30270302295684814
0.21563953161239624 0.32704195380210876 0.2871438264846802 0.3645940124988556
0.13159453868865967 0.2091379016637802 0.19123932719230652 0.2569374740123749
0.5639889240264893 0.7928354144096375 0.7580521106719971 0.8916725516319275
0.2402171939611435 0.4248664379119873 0.3426358997821808 0.4748839735984802
0.5495090484619141 0.4667781889438629 0.7961575984954834 0.5458625555038452
0.23921020328998566 0.24301372468471527 0.3484985828399658 0.2948990762233734
0.5495090484619141 0.4667781889438629 0.7961575984954834 0.5458625555038452
0.288396418094635 0.3032605051994324 0.41897302865982056 0.3649919629096985
0.017399748787283897 0.3141612410545349 0.07025270909070969 0.3354014754295349
0.01099976897239685 0.029540687799453735 0.8992959260940552 0.8537329435348511
0.016928886994719505 0.31431326270103455 0.07068166136741638 0.33542248606681824
0.23855434358119965 0.2427639365196228 0.3482055962085724 0.2951975464820862
0.017556093633174896 0.2835468053817749 0.0425008088350296 0.30175554752349854
0.14339536428451538 0.39493536949157715 0.23726382851600647 0.4533018469810486
0.28854992985725403 0.3024618625640869 0.418793648481369 0.36404842138290405
0.37872350215911865 0.2533297836780548 0.6639007329940796 0.3512174189090729
0.2392559051513672 0.4245492219924927 0.3426397442817688 0.47443127632141113
0.7510178089141846 0.16741684079170227 0.9990749359130859 0.29111310839653015
0.28854992985725403 0.3024618625640869 0.418793648481369 0.36404842138290405
0.007990136742591858 0.18645307421684265 0.3874899744987488 0.4797581732273102
0.5643321871757507 0.7912900447845459 0.7600137591362 0.8926661014556885
