0.39761409163475037 0.4550929367542267 0.5310640335083008 0.5126085877418518
0.19612246751785278 0.33031323552131653 0.2630297541618347 0.3652738034725189
0.23397552967071533 0.2468264102935791 0.3152833580970764 0.2915695309638977
0.13070304691791534 0.2776067852973938 0.1797715574502945 0.30584269762039185
0.27681052684783936 0.43507540225982666 0.4025647044181824 0.492162823677063
0.27862784266471863 0.322363018989563 0.34395524859428406 0.36424052715301514
0.131170853972435 0.20878149569034576 0.19137580692768097 0.25658875703811646
0.5065788626670837 0.17535653710365295 0.956561267375946 0.3274582326412201
0.4103233218193054 0.2564428746700287 0.48032623529434204 0.2796241343021393
0.5779315233230591 0.4678189754486084 0.8366726636886597 0.5476648807525635
0.08044864982366562 0.2782951891422272 0.11633845418691635 0.3022516667842865
0.2616307735443115 0.3228336572647095 0.3157743215560913 0.3602830171585083
0.16642017662525177 0.40453845262527466 0.2615654170513153 0.4612908363342285
0.5779315233230591 0.4678189754486084 0.8366726636886597 0.5476648807525635
0.40245550870895386 0.1482766717672348 0.5927492380142212 0.2424563318490982
0.16642017662525177 0.40453845262527466 0.2615654170513153 0.4612908363342285
0.06688018143177032 0.31979307532310486 0.13984118402004242 0.3482523262500763
0.06559518724679947 0.3197760283946991 0.1398930847644806 0.34849879145622253
0.3425520360469818 0.28882530331611633 0.5048364400863647 0.36036691069602966
0.3841823935508728 0.2578449845314026 0.4468922019004822 0.28133445978164673
0.009140044450759888 0.09012669324874878 0.8997466564178467 0.9079488515853882
0.34366434812545776 0.2903762757778168 0.5061240792274475 0.35835859179496765
0.0205392986536026 0.3131456971168518 0.04787919670343399 0.32953619956970215
0.40442633628845215 0.14778421819210052 0.5937761068344116 0.24172036349773407
0.3445485830307007 0.28830963373184204 0.5078772902488708 0.358723521232605
0.011764347553253174 0.05339840054512024 0.8096990585327148 0.6574547290802002
0.40245550870895386 0.1482766717672348 0.5927492380142212 0.2424563318490982
0.9015843868255615 0.6996846199035645 0.9989321231842041 0.8339993953704834
0.01383967511355877 0.2843826413154602 0.029037630185484886 0.2998313307762146
0.3943840563297272 0.2567112147808075 0.46454891562461853 0.28187569975852966
0.0454830676317215 0.31962403655052185 0.0689539983868599 0.33634909987449646
0.012698948383331299 0.11192920804023743 0.9723533987998962 0.9677486419677734
0.03718738257884979 0.1736711859703064 0.43926626443862915 0.4838762879371643
0.2771364450454712 0.4354253113269806 0.4019951820373535 0.4924333393573761
0.034242406487464905 0.28719213604927063 0.056314244866371155 0.29606953263282776
