0.4752233326435089 0.4547382593154907 0.6373254060745239 0.5253055691719055
0.33385956287384033 0.20387688279151917 0.44544345140457153 0.2686084508895874
0.31631332635879517 0.3141389489173889 0.4177604913711548 0.3637002110481262
0.12673333287239075 0.2737157344818115 0.1759493052959442 0.30349433422088623
0.21866768598556519 0.3299870491027832 0.29238253831863403 0.36780136823654175
0.13126082718372345 0.2092488408088684 0.19034992158412933 0.2573845386505127
0.3114810585975647 0.44572943449020386 0.45359766483306885 0.5042163729667664
0.17202334105968475 0.4077458083629608 0.28322911262512207 0.46828219294548035
0.19176001846790314 0.27152910828590393 0.2560883164405823 0.3064960539340973
0.472583532333374 0.23225104808807373 0.7085939645767212 0.3373134732246399
0.5799798965454102 0.0312621146440506 0.8732353448867798 0.18063460290431976
0.037692535668611526 0.28208377957344055 0.06638171523809433 0.3015359342098236
0.07506246864795685 0.3245060443878174 0.10490234196186066 0.34451770782470703
0.1022428572177887 0.3221832513809204 0.191599041223526 0.356465220451355
0.5741156339645386 0.03060588240623474 0.8658695220947266 0.17908234894275665
0.10168049484491348 0.322242796421051 0.19148993492126465 0.35600781440734863
0.846578061580658 0.04971033334732056 0.9993004202842712 0.24518969655036926
0.024945182725787163 0.313388466835022 0.06410539150238037 0.33246326446533203
0.03460622578859329 0.31619489192962646 0.08125849813222885 0.3349161744117737
0.3107433617115021 0.4454512596130371 0.4527287781238556 0.5037099719047546
0.472583532333374 0.23225104808807373 0.7085939645767212 0.3373134732246399
0.47097381949424744 0.23115581274032593 0.7085951566696167 0.33776402473449707
0.191852405667305 0.27175968885421753 0.25573915243148804 0.30668479204177856
0.011775407008826733 0.281644731760025 0.03252868726849556 0.29658952355384827
0.047835223376750946 0.3188292682170868 0.083957739174366 0.33698931336402893
0.012025207281112671 0.07934117317199707 0.7566326856613159 0.813892662525177
0.8452762961387634 0.04364650696516037 0.9993844628334045 0.24469146132469177
0.07874216139316559 0.28870728611946106 0.10305973887443542 0.29815492033958435
0.10063312947750092 0.3227114677429199 0.19207023084163666 0.3547170162200928
0.008815079927444458 0.17236363887786865 0.38783156871795654 0.46796953678131104
