0.3923915922641754 0.16937938332557678 0.5268245935440063 0.2511175870895386
0.5084906816482544 0.45312315225601196 0.6907521486282349 0.5248076915740967
0.3749734163284302 0.30627918243408203 0.4898863434791565 0.36313021183013916
0.5706777572631836 0.18334054946899414 0.882912278175354 0.31493455171585083
0.23694218695163727 0.33016857504844666 0.3156129717826843 0.3699398934841156
0.1496441662311554 0.27229630947113037 0.20237413048744202 0.30390453338623047
0.13100630044937134 0.20931832492351532 0.19079437851905823 0.2577572762966156
0.22221048176288605 0.2655905783176422 0.29363375902175903 0.3050314486026764
0.347576767206192 0.4498048722743988 0.5018572807312012 0.5142029523849487
0.056129295378923416 0.282991498708725 0.08739934861660004 0.3034168779850006
0.6975756883621216 0.0006766840815544128 1.0 0.1331939697265625
0.6957740187644958 0.0 1.0 0.13239532709121704
0.17314189672470093 0.40987247228622437 0.2932683825492859 0.4717453718185425
0.11400818824768066 0.32240477204322815 0.2046256959438324 0.35791757702827454
0.0360431931912899 0.3151291608810425 0.07743909955024719 0.33517396450042725
0.019239263609051704 0.28162890672683716 0.047631897032260895 0.29752546548843384
0.010038912296295166 0.06610152125358582 0.8664152026176453 0.8445324897766113
0.11480624973773956 0.322492778301239 0.2094063013792038 0.3577989935874939
0.3636409640312195 0.3096576929092407 0.44917142391204834 0.36192750930786133
0.6957740187644958 0.0 1.0 0.13239532709121704
0.00842300709336996 0.33715832233428955 0.029802098870277405 0.35405176877975464
0.004168194718658924 0.3088994324207306 0.032523635774850845 0.3276354968547821
0.09036462754011154 0.32569268345832825 0.11864184588193893 0.347255676984787
0.0602775476872921 0.31906813383102417 0.099559485912323 0.34015339612960815
0.17388959228992462 0.41013017296791077 0.29320159554481506 0.47194036841392517
0.3469022512435913 0.4507542848587036 0.5003136396408081 0.5130842328071594
0.5071866512298584 0.451518714427948 0.6910219192504883 0.5225444436073303
0.011001303791999817 0.16727899014949799 0.3897807002067566 0.4622945785522461
0.22251854836940765 0.2652081847190857 0.2931566834449768 0.3056023120880127
