0.17164868116378784 0.3144631087779999 0.2321803867816925 0.34910234808921814
0.2598879635334015 0.3116254210472107 0.3339623510837555 0.35188615322113037
0.12880167365074158 0.21798738837242126 0.18801236152648926 0.2567318379878998
0.0964696928858757 0.38064441084861755 0.13924860954284668 0.40675613284111023
0.10174573212862015 0.3250890374183655 0.14503560960292816 0.3499876856803894
0.05243200063705444 0.3192823529243469 0.08386968076229095 0.34130024909973145
0.05750119686126709 0.3570111393928528 0.08766314387321472 0.3788633346557617
0.8890061974525452 0.07669051736593246 0.9988104701042175 0.2214604616165161
0.0318068228662014 0.286052405834198 0.056167054921388626 0.30208492279052734
0.06735570728778839 0.28006160259246826 0.11776112020015717 0.305927038192749
0.011956085450947285 0.31200549006462097 0.03550074249505997 0.3278740346431732
0.0 0.0 0.9927117228507996 0.9645178318023682
