0.6292259097099304 0.01199735701084137 0.873795211315155 0.1615227907896042
0.5312473773956299 0.45144036412239075 0.7191046476364136 0.525399386882782
0.33819490671157837 0.31572425365448 0.4544675350189209 0.368901789188385
0.6410336494445801 0.710908830165863 0.9310986995697021 0.8395301699638367
0.6124102473258972 0.23416370153427124 0.859736979007721 0.33750641345977783
0.2099917232990265 0.265316903591156 0.2836150825023651 0.3040165305137634
0.3252849876880646 0.23180139064788818 0.42421433329582214 0.2894483208656311
0.10929031670093536 0.27894896268844604 0.15096841752529144 0.3043926954269409
0.12975609302520752 0.21722567081451416 0.18855559825897217 0.25557947158813477
0.36557963490486145 0.45369264483451843 0.5452467203140259 0.5220668315887451
0.20807556807994843 0.4233511686325073 0.3472440242767334 0.49169856309890747
0.03906044363975525 0.3521256148815155 0.0691932961344719 0.3732278645038605
0.056564636528491974 0.27930504083633423 0.09847993403673172 0.29945623874664307
0.009672075510025024 0.03836125135421753 0.8516770601272583 0.7980745434761047
0.029418345540761948 0.31437134742736816 0.06242106482386589 0.3333447575569153
0.1249193474650383 0.3280841112136841 0.1519397795200348 0.35139405727386475
0.0951724648475647 0.32400089502334595 0.13865520060062408 0.3481070399284363
0.017655769363045692 0.33774229884147644 0.03619863837957382 0.35272344946861267
0.5777292847633362 0.5547338128089905 0.654912531375885 0.6106404662132263
0.024639412760734558 0.28556445240974426 0.052595674991607666 0.30267348885536194
0.06578494608402252 0.31960946321487427 0.09976287186145782 0.3415241241455078
0.6124102473258972 0.23416370153427124 0.859736979007721 0.33750641345977783
0.07647724449634552 0.32183802127838135 0.11290286481380463 0.34287452697753906
0.08612051606178284 0.3234892785549164 0.12674611806869507 0.3458099067211151
0.062252406030893326 0.3198837339878082 0.08946630358695984 0.33983829617500305
0.5309651494026184 0.4514501690864563 0.719460666179657 0.5259485244750977
0.6410336494445801 0.710908830165863 0.9310986995697021 0.8395301699638367
0.2094908058643341 0.42314955592155457 0.34784361720085144 0.4918292462825775
0.15639305114746094 0.28965532779693604 0.195540189743042 0.30200594663619995
0.325096070766449 0.23239733278751373 0.4239804744720459 0.28959083557128906
0.33819490671157837 0.31572425365448 0.4544675350189209 0.368901789188385
