0.5314735174179077 0.45177358388900757 0.7183239459991455 0.5252957344055176
0.4087539613246918 0.2981197237968445 0.5498865842819214 0.36279523372650146
0.24174363911151886 0.25385499000549316 0.32443517446517944 0.2988423705101013
0.37655749917030334 0.20295533537864685 0.49519726634025574 0.2754906415939331
0.7821165323257446 0.0004224926233291626 0.9979561567306519 0.09536918997764587
0.1282927691936493 0.21835939586162567 0.18624261021614075 0.2558896541595459
0.22272659838199615 0.4282072186470032 0.3724885582923889 0.49911749362945557
0.12904001772403717 0.27693626284599304 0.17971564829349518 0.3041476905345917
0.36765336990356445 0.4536469876766205 0.5439625978469849 0.5220515727996826
0.055971089750528336 0.35861507058143616 0.08762849867343903 0.3821869194507599
0.8305634260177612 0.16992215812206268 0.9978302717208862 0.30080562829971313
0.07338254898786545 0.2774917781352997 0.12000633031129837 0.2999649941921234
0.03911053016781807 0.3153258264064789 0.07565653324127197 0.3353820741176605
0.13953620195388794 0.3284192681312561 0.17024055123329163 0.3550606966018677
0.03890110179781914 0.28442826867103577 0.06790943443775177 0.3029022514820099
0.023164337500929832 0.3146247863769531 0.038659557700157166 0.3292399048805237
0.075275719165802 0.32071200013160706 0.10597561299800873 0.3427363932132721
0.00627562403678894 0.032739609479904175 0.7900127172470093 0.8109400272369385
0.027323102578520775 0.34375858306884766 0.04756798595190048 0.3581573963165283
0.10191899538040161 0.32528120279312134 0.15174105763435364 0.3502526879310608
0.377562940120697 0.20301233232021332 0.49506837129592896 0.275433748960495
0.1636635661125183 0.3218328356742859 0.28910210728645325 0.36164963245391846
0.1636635661125183 0.3218328356742859 0.28910210728645325 0.36164963245391846
0.22027532756328583 0.42845475673675537 0.37338656187057495 0.49950700998306274
0.530975341796875 0.4516296684741974 0.7191628217697144 0.525912344455719
0.4096218943595886 0.2984013557434082 0.5500243902206421 0.36234623193740845
0.1868428736925125 0.28879445791244507 0.22605083882808685 0.3016892075538635
0.015803774818778038 0.2863229811191559 0.04027578979730606 0.30145952105522156
0.034090206027030945 0.3140198886394501 0.06517854332923889 0.33437690138816833
0.13147024810314178 0.20414161682128906 0.19938574731349945 0.255519837141037
0.5802672505378723 0.554656445980072 0.6546594500541687 0.6015834212303162
0.37486106157302856 0.45304709672927856 0.5435779690742493 0.5216987729072571
