0.6398972272872925 0.027233779430389404 0.9016073942184448 0.17782753705978394
0.37744349241256714 0.1838558465242386 0.5146676301956177 0.26548248529434204
0.5308618545532227 0.4520023465156555 0.7182173728942871 0.5253310203552246
0.7875014543533325 0.15835227072238922 0.9989397525787354 0.298511803150177
0.13261723518371582 0.27039748430252075 0.1946447491645813 0.3002157211303711
0.11064904928207397 0.3798356354236603 0.15486592054367065 0.4100606143474579
0.18947818875312805 0.33208057284355164 0.2470283806324005 0.3636811673641205
0.12811724841594696 0.21609945595264435 0.18781234323978424 0.2553483545780182
0.20661315321922302 0.2629331052303314 0.2779969871044159 0.3014901578426361
0.3683028221130371 0.4537436366081238 0.5450289249420166 0.5219038724899292
0.09041043370962143 0.27770528197288513 0.13024862110614777 0.30110982060432434
0.2646164298057556 0.30180731415748596 0.4380578398704529 0.3646862804889679
0.05082316696643829 0.28526219725608826 0.08607667684555054 0.3057825267314911
0.06110256165266037 0.3573070168495178 0.09090938419103622 0.37847959995269775
0.2669259309768677 0.30258500576019287 0.436015248298645 0.3624942898750305
0.06384424865245819 0.3205379247665405 0.09914837777614594 0.34110134840011597
0.03660363331437111 0.349107027053833 0.06341731548309326 0.3661690354347229
0.10971833020448685 0.32525134086608887 0.16605007648468018 0.3529506325721741
0.04314713180065155 0.3168037533760071 0.07187927514314651 0.3357725739479065
0.27898749709129333 0.4356103837490082 0.4043430984020233 0.5081570148468018
0.00762525200843811 0.03455403447151184 0.8927081823348999 0.834160566329956
0.27898749709129333 0.4356103837490082 0.4043430984020233 0.5081570148468018
0.5308560132980347 0.4521210193634033 0.7187988758087158 0.5259202718734741
0.16538798809051514 0.327894002199173 0.1938956081867218 0.35483190417289734
0.12723195552825928 0.3267275393009186 0.17152169346809387 0.3545537292957306
0.11056364327669144 0.3794128894805908 0.15515516698360443 0.41054803133010864
0.10805434733629227 0.3247062861919403 0.14543446898460388 0.3498518168926239
0.2749612033367157 0.43490585684776306 0.4003782570362091 0.5061410665512085
0.017815418541431427 0.33943653106689453 0.04271886870265007 0.357993483543396
0.10025590658187866 0.30806466937065125 0.14332960546016693 0.32331207394599915
0.020374104380607605 0.34008654952049255 0.04150811582803726 0.35221174359321594
