0.26977238059043884 0.24342498183250427 0.36058029532432556 0.2947782576084137
0.5307410359382629 0.4513465464115143 0.7185553908348083 0.5256972312927246
0.4203691780567169 0.1764105260372162 0.5585219264030457 0.26150229573249817
0.08632425963878632 0.2764110565185547 0.13588476181030273 0.30037933588027954
0.4669016897678375 0.27830296754837036 0.6383835077285767 0.3557014465332031
0.14763808250427246 0.2743585705757141 0.20149412751197815 0.3036438822746277
0.12827086448669434 0.2186240702867508 0.1870957911014557 0.2558716833591461
0.06726013123989105 0.3643460273742676 0.10219967365264893 0.38872140645980835
0.15057234466075897 0.32869887351989746 0.1902046948671341 0.3565695285797119
0.3667547106742859 0.45458054542541504 0.5448077321052551 0.5217472314834595
0.049777526408433914 0.28286057710647583 0.08200129866600037 0.3023730516433716
0.24240916967391968 0.43037447333335876 0.3854149580001831 0.5030397176742554
0.18821877241134644 0.319897323846817 0.3168899416923523 0.36492517590522766
0.9146433472633362 0.00031841546297073364 0.9999362826347351 0.03845543414354324
0.009301543235778809 0.01645296812057495 0.9287922382354736 0.8291953206062317
0.18749910593032837 0.32091566920280457 0.31746721267700195 0.3636603057384491
0.08366745710372925 0.3218928575515747 0.11947068572044373 0.3436274528503418
0.11045278608798981 0.3260308504104614 0.15401597321033478 0.3507724404335022
0.04908174276351929 0.31707075238227844 0.08224427700042725 0.33841976523399353
0.419333815574646 0.17615032196044922 0.5615941882133484 0.26260846853256226
0.13067233562469482 0.2041698843240738 0.2011919617652893 0.2563771903514862
0.03576604276895523 0.3463403582572937 0.05714225023984909 0.3614441752433777
0.02342192828655243 0.28714004158973694 0.04781927168369293 0.3024914562702179
0.37492674589157104 0.4547308683395386 0.5472355484962463 0.5223425626754761
0.2371649444103241 0.43172502517700195 0.3833490312099457 0.5019273161888123
0.027497267350554466 0.3164295554161072 0.047039806842803955 0.3285335898399353
0.2371649444103241 0.43172502517700195 0.3833490312099457 0.5019273161888123
0.08753792941570282 0.32252058386802673 0.1401706486940384 0.3469468653202057
0.5308069586753845 0.45134392380714417 0.719222366809845 0.5261639356613159
0.46433764696121216 0.27943477034568787 0.633939802646637 0.3558029234409332
