0.49223172664642334 0.13239577412605286 0.6626702547073364 0.23681238293647766
0.5306196808815002 0.451657235622406 0.7192206978797913 0.5259637236595154
0.5609514713287354 0.24599169194698334 0.7796119451522827 0.33949318528175354
0.3041437864303589 0.226155623793602 0.4135890007019043 0.28569746017456055
0.16887427866458893 0.2700732946395874 0.2294180542230606 0.30361413955688477
0.10428530722856522 0.2747168242931366 0.1583135426044464 0.3003910481929779
0.16625919938087463 0.32962390780448914 0.21568334102630615 0.3606360852718353
0.13084252178668976 0.22069188952445984 0.18818126618862152 0.2556859254837036
0.08374582976102829 0.37040743231773376 0.12218860536813736 0.39693787693977356
0.36781349778175354 0.4540683925151825 0.5448729991912842 0.5217764973640442
0.06561431288719177 0.2803041934967041 0.10130292177200317 0.30155640840530396
0.2128930687904358 0.3154984712600708 0.3574378490447998 0.36553674936294556
0.04649069160223007 0.35047850012779236 0.07161446660757065 0.36905595660209656
0.05437473952770233 0.3192715346813202 0.0930171012878418 0.3400401175022125
0.0319640152156353 0.28526851534843445 0.061660286039114 0.30419406294822693
0.006856024265289307 0.03348991274833679 0.8367664813995361 0.8315368890762329
0.09268835186958313 0.3228374421596527 0.12772926688194275 0.34592530131340027
0.1000271812081337 0.3244919776916504 0.14697057008743286 0.3487098217010498
0.11078344285488129 0.3263123333454132 0.16503818333148956 0.35251858830451965
0.13194431364536285 0.20400141179561615 0.199591264128685 0.2563561499118805
0.5306196808815002 0.451657235622406 0.7192206978797913 0.5259637236595154
0.026305314153432846 0.3444928526878357 0.04638921841979027 0.35874027013778687
0.2557503879070282 0.43411779403686523 0.3960045874118805 0.5048101544380188
0.034198448061943054 0.3162957429885864 0.05563696473836899 0.32813870906829834
0.29893386363983154 0.31663745641708374 0.3597485423088074 0.36368298530578613
0.2130434811115265 0.31605467200279236 0.3573630750179291 0.3661738932132721
0.1324445605278015 0.3269364833831787 0.17277216911315918 0.35274797677993774
0.2526877820491791 0.4326229989528656 0.3925412595272064 0.5056043267250061
0.2717816233634949 0.4347921311855316 0.40097302198410034 0.5061277151107788
0.010968661867082119 0.3353244364261627 0.030327018350362778 0.35221657156944275
0.2648633122444153 0.3161669969558716 0.35648828744888306 0.36415863037109375
