0.43580490350723267 0.14821818470954895 0.5983205437660217 0.24504217505455017
0.5311208367347717 0.45206722617149353 0.7186903357505798 0.5253331661224365
0.7622480988502502 0.0 0.9995302557945251 0.1254492998123169
0.15214136242866516 0.26730790734291077 0.22063112258911133 0.30001237988471985
0.127902552485466 0.38657671213150024 0.17653991281986237 0.4183388948440552
0.30553683638572693 0.291626513004303 0.5009177923202515 0.35893356800079346
0.23722168803215027 0.25670841336250305 0.3166607916355133 0.29860541224479675
0.20662455260753632 0.3326689898967743 0.2687898874282837 0.3661046326160431
0.13068228960037231 0.2089068591594696 0.19018322229385376 0.25730085372924805
0.3701852858066559 0.4542069435119629 0.5433317422866821 0.5219511985778809
0.10562901943922043 0.27658340334892273 0.14880454540252686 0.3011173903942108
0.07578632980585098 0.36268168687820435 0.10486181825399399 0.3837094306945801
0.06560665369033813 0.2862437069416046 0.10317450761795044 0.30751267075538635
0.07590591907501221 0.32187262177467346 0.11554726958274841 0.34245267510414124
0.14322979748249054 0.32855597138404846 0.20917768776416779 0.3559575378894806
0.012461334466934204 0.035748690366744995 0.8892636299133301 0.8287346363067627
0.1174108162522316 0.3251749873161316 0.16183574497699738 0.3521609306335449
0.2806217074394226 0.43603378534317017 0.4028642773628235 0.5081213116645813
0.043773896992206573 0.3511403203010559 0.07429394870996475 0.372231662273407
0.07125961780548096 0.32127588987350464 0.10426495969295502 0.34081995487213135
0.30553683638572693 0.291626513004303 0.5009177923202515 0.35893356800079346
0.1301329880952835 0.3096371591091156 0.17237626016139984 0.3230050504207611
0.40266144275665283 0.9063218235969543 0.4649266004562378 0.9501288533210754
0.2806217074394226 0.43603378534317017 0.4028642773628235 0.5081213116645813
0.04886387288570404 0.31732726097106934 0.0810866504907608 0.3370409607887268
0.5310512185096741 0.45219674706459045 0.7193229794502258 0.5258973240852356
0.5818326473236084 0.554241418838501 0.6545019149780273 0.5988904237747192
0.32188528776168823 0.2503720819950104 0.37358444929122925 0.2694683372974396
0.0022855140268802643 0.30854806303977966 0.029790300875902176 0.3245770037174225
0.030478157103061676 0.343619167804718 0.053681470453739166 0.3584139347076416
0.28120139241218567 0.43634751439094543 0.3999920189380646 0.507046103477478
0.37493646144866943 0.45415177941322327 0.5432385206222534 0.522550106048584
