0.49227115511894226 0.1275607943534851 0.6754815578460693 0.231541246175766
0.5301879644393921 0.4517112970352173 0.717617392539978 0.52567058801651
0.39650222659111023 0.3062262535095215 0.5212620496749878 0.3656849265098572
0.22604136168956757 0.25277435779571533 0.29693758487701416 0.2928957939147949
0.19900687038898468 0.41254621744155884 0.26338425278663635 0.4537675976753235
0.14083130657672882 0.3888522684574127 0.18235324323177338 0.41674813628196716
0.1589764952659607 0.27809685468673706 0.21785923838615417 0.30910658836364746
0.13058245182037354 0.20892135798931122 0.19151625037193298 0.2562920153141022
0.479599267244339 0.25673776865005493 0.5509147644042969 0.28361964225769043
0.06899978220462799 0.28893014788627625 0.1119363009929657 0.31125280261039734
0.3644282817840576 0.454631507396698 0.5438658595085144 0.5215685367584229
0.2446184605360031 0.3256742060184479 0.3311271369457245 0.36447688937187195
0.44582006335258484 0.25465619564056396 0.5129767656326294 0.2830219864845276
0.08512869477272034 0.3217339515686035 0.12278039753437042 0.34327930212020874
0.1726422756910324 0.3294181823730469 0.2427714318037033 0.36352646350860596
0.32214367389678955 0.21023179590702057 0.4468235969543457 0.2726801931858063
0.07321734726428986 0.35777243971824646 0.10689583420753479 0.38019976019859314
0.09960639476776123 0.37145742774009705 0.13846410810947418 0.3973189890384674
0.8257752656936646 0.0331389456987381 0.9647307395935059 0.09046465158462524
0.1171092763543129 0.32621654868125916 0.15078258514404297 0.35294726490974426
0.790419340133667 0.039301276206970215 0.9100005626678467 0.07806369662284851
0.03556069731712341 0.3416884243488312 0.061968155205249786 0.36034753918647766
0.2809004783630371 0.4349178075790405 0.40352165699005127 0.5079604983329773
0.01220083236694336 0.016751587390899658 0.948830246925354 0.9357505440711975
0.14328573644161224 0.32826781272888184 0.17540325224399567 0.35659682750701904
0.12191134691238403 0.3260956406593323 0.16465017199516296 0.35528576374053955
0.2337455451488495 0.3267107307910919 0.3022046387195587 0.362444669008255
0.2615527808666229 0.1927313208580017 0.30147585272789 0.23748308420181274
0.32202738523483276 0.21060235798358917 0.4453420042991638 0.27289703488349915
0.2809004783630371 0.4349178075790405 0.40352165699005127 0.5079604983329773
0.7892342805862427 0.047814905643463135 0.8865770101547241 0.08655829727649689
0.022402390837669373 0.1958286464214325 0.42731356620788574 0.5025902986526489
0.834045946598053 0.035828039050102234 0.9384943842887878 0.07743920385837555
0.0008151289075613022 0.3023543655872345 0.022397741675376892 0.32451722025871277
0.7888709306716919 0.042156342417001724 0.8650213479995728 0.0771528035402298
0.5306413173675537 0.4517349898815155 0.7183306217193604 0.5261889100074768
0.01787129044532776 0.023308545351028442 0.8435709476470947 0.6385899782180786
0.4739201068878174 0.2554156184196472 0.5510382652282715 0.284273624420166
0.479599267244339 0.25673776865005493 0.5509147644042969 0.28361964225769043
0.2260328233242035 0.253208726644516 0.29759326577186584 0.29236844182014465
