0.5312660932540894 0.45122939348220825 0.718711256980896 0.5255935192108154
0.5392347574234009 0.2638755738735199 0.7234069108963013 0.34933891892433167
0.6571205258369446 0.014743112027645111 0.932306706905365 0.16908153891563416
0.13240548968315125 0.20843815803527832 0.1913183629512787 0.25645899772644043
0.1177196055650711 0.28105953335762024 0.1682574301958084 0.3060077130794525
0.21079126000404358 0.26880958676338196 0.28794753551483154 0.30719253420829773
0.29217785596847534 0.23119495809078217 0.38229501247406006 0.2805950939655304
0.4146433174610138 0.15683028101921082 0.5794247388839722 0.2393662929534912
0.5396000146865845 0.7966247200965881 0.7222102880477905 0.9036583304405212
0.16180838644504547 0.39477670192718506 0.2062283307313919 0.4245893359184265
0.38156580924987793 0.454906702041626 0.5423486828804016 0.5209628939628601
0.21414339542388916 0.4171404242515564 0.2817623019218445 0.4603864550590515
0.8646144270896912 0.10788948833942413 0.9618051648139954 0.15296874940395355
0.9247227311134338 0.107146717607975 0.9994179606437683 0.16115933656692505
0.050111230462789536 0.34099140763282776 0.0790025070309639 0.3614179790019989
0.11908948421478271 0.3788148760795593 0.16122788190841675 0.40595734119415283
0.284474641084671 0.4366382658481598 0.40152767300605774 0.5062344670295715
0.2913224399089813 0.31359198689460754 0.40370532870292664 0.36170580983161926
0.015312441624701023 0.343507319688797 0.03992057964205742 0.3593581020832062
0.009795516729354858 0.03567004203796387 0.9086360931396484 0.833351194858551
0.08929242193698883 0.363079696893692 0.12655529379844666 0.3851413428783417
0.20821619033813477 0.3301846981048584 0.2937875986099243 0.36792463064193726
0.15872471034526825 0.3303546607494354 0.20941077172756195 0.35991743206977844
0.103999063372612 0.32350271940231323 0.13619385659694672 0.3454260230064392
0.5393891334533691 0.7978470325469971 0.7241396903991699 0.9033521413803101
0.2893242835998535 0.3131292462348938 0.4012988209724426 0.36165231466293335
0.4146433174610138 0.15683028101921082 0.5794247388839722 0.2393662929534912
0.13270303606987 0.32808127999305725 0.1632343828678131 0.35489293932914734
0.0201532244682312 0.30580899119377136 0.0408029668033123 0.32716330885887146
0.2168077975511551 0.41736069321632385 0.28198903799057007 0.46238306164741516
0.852882444858551 0.10278931260108948 0.9975560307502747 0.16884779930114746
0.8664059042930603 0.1200854629278183 0.9648659825325012 0.1645156890153885
0.284474641084671 0.4366382658481598 0.40152767300605774 0.5062344670295715
0.12511536478996277 0.3272651433944702 0.15582391619682312 0.3502575755119324
0.5312266945838928 0.4515216648578644 0.719292938709259 0.526242733001709
0.8710351586341858 0.1070745438337326 0.9725027680397034 0.15931208431720734
0.16180838644504547 0.39477670192718506 0.2062283307313919 0.4245893359184265
0.28391599655151367 0.43556100130081177 0.40501582622528076 0.5068937540054321
0.2463012933731079 0.4363122880458832 0.3058808445930481 0.4869706332683563
0.13838142156600952 0.32862308621406555 0.17371410131454468 0.3562244474887848
0.93597412109375 0.10257954150438309 0.9986463785171509 0.14693504571914673
