0.5199411511421204 0.11202829331159592 0.6924861073493958 0.2102879285812378
0.5309050679206848 0.45101097226142883 0.7180350422859192 0.5251783132553101
0.47535592317581177 0.7952100038528442 0.6477254033088684 0.9129458665847778
0.13042570650577545 0.20923563838005066 0.1915188580751419 0.2568681538105011
0.20198798179626465 0.33246296644210815 0.26957592368125916 0.3695053458213806
0.27128830552101135 0.32660332322120667 0.3604690730571747 0.3713304102420807
0.37159794569015503 0.45486730337142944 0.5436539053916931 0.5214033722877502
0.178792804479599 0.40239229798316956 0.22642135620117188 0.43320485949516296
0.05853117257356644 0.35997679829597473 0.09790664166212082 0.38341638445854187
0.26378509402275085 0.2364964336156845 0.371705561876297 0.28866812586784363
0.15222017467021942 0.3258326053619385 0.20263703167438507 0.35517996549606323
0.22116801142692566 0.42096200585365295 0.2852756083011627 0.4592496454715729
0.10906276851892471 0.32244041562080383 0.15247789025306702 0.346745103597641
0.41643357276916504 0.28298133611679077 0.5929383039474487 0.35614675283432007
0.8522251844406128 0.08860892802476883 0.999254584312439 0.23794710636138916
0.3677434027194977 0.20825845003128052 0.49750593304634094 0.27395206689834595
0.11729560047388077 0.37334775924682617 0.1578056514263153 0.4001181125640869
0.14732082188129425 0.3886094093322754 0.1937655657529831 0.4227144718170166
0.008895695209503174 0.047027528285980225 0.867841362953186 0.8650637865066528
0.41643357276916504 0.28298133611679077 0.5929383039474487 0.35614675283432007
0.28196653723716736 0.43442970514297485 0.40129634737968445 0.5070301294326782
0.02585267648100853 0.2825509309768677 0.05074853077530861 0.2991829514503479
0.28283312916755676 0.43559932708740234 0.3983539640903473 0.5064421892166138
0.3668961226940155 0.20911899209022522 0.49739912152290344 0.2738213837146759
0.22230447828769684 0.42027539014816284 0.29092127084732056 0.4633181691169739
0.013874441385269165 0.3067052960395813 0.09548067301511765 0.33901703357696533
0.3677434027194977 0.20825845003128052 0.49750593304634094 0.27395206689834595
0.28283312916755676 0.43559932708740234 0.3983539640903473 0.5064421892166138
0.41643357276916504 0.28298133611679077 0.5929383039474487 0.35614675283432007
0.5309234261512756 0.4510595500469208 0.7185731530189514 0.5255632400512695
0.029878299683332443 0.3425520956516266 0.06310279667377472 0.3654446303844452
0.013111956417560577 0.3064718544483185 0.09641363471746445 0.3406147062778473
0.5851752161979675 0.5552508234977722 0.6510985493659973 0.596629798412323
0.01408296823501587 0.19520823657512665 0.40786033868789673 0.4982825517654419
