0.5299279689788818 0.451629638671875 0.7169466018676758 0.5253823399543762
0.4777957499027252 0.13907667994499207 0.6307973861694336 0.2266692817211151
0.13035394251346588 0.20871491730213165 0.19123385846614838 0.25703173875808716
0.24618332087993622 0.33159416913986206 0.33034804463386536 0.3723592758178711
0.17849700152873993 0.40176546573638916 0.2268802672624588 0.43332064151763916
0.25662970542907715 0.24238675832748413 0.353065550327301 0.2902786135673523
0.7926837801933289 0.0 0.9995740056037903 0.08333064615726471
0.41194990277290344 0.8688727617263794 0.5494292974472046 0.9489970207214355
0.37090861797332764 0.4551345407962799 0.5438550114631653 0.5216064453125
0.3623121976852417 0.2990531623363495 0.5154843330383301 0.3622857630252838
0.6696717739105225 0.14673882722854614 0.9842444658279419 0.2833380401134491
0.18481230735778809 0.33266976475715637 0.24832457304000854 0.36680981516838074
0.1412329524755478 0.32524630427360535 0.18780745565891266 0.3532969057559967
0.3476009964942932 0.21776485443115234 0.4710509777069092 0.27864503860473633
0.22147825360298157 0.42111778259277344 0.2853480875492096 0.45911532640457153
0.09912680089473724 0.32303759455680847 0.14079158008098602 0.3457561433315277
0.04868787154555321 0.3565388321876526 0.08504442870616913 0.3794437646865845
0.14938053488731384 0.3889060318470001 0.191982239484787 0.42101290822029114
0.3476009964942932 0.21776485443115234 0.4710509777069092 0.27864503860473633
0.11845503747463226 0.3728927671909332 0.15758730471134186 0.40146759152412415
0.007818233221769333 0.30633383989334106 0.09163497388362885 0.33836352825164795
0.005232065916061401 0.04384636878967285 0.8791797161102295 0.8559902906417847
0.22203756868839264 0.42030251026153564 0.2914157211780548 0.4625927209854126
0.7926837801933289 0.0 0.9995740056037903 0.08333064615726471
0.2826155722141266 0.43563422560691833 0.3961170017719269 0.506263256072998
0.014241427183151245 0.33733248710632324 0.057003408670425415 0.36131221055984497
0.2818266451358795 0.43441712856292725 0.398746520280838 0.5070235729217529
0.3472864329814911 0.21725641191005707 0.471050888299942 0.2785312533378601
0.007818233221769333 0.30633383989334106 0.09163497388362885 0.33836352825164795
0.40693625807762146 0.8645303845405579 0.5516740083694458 0.9586822390556335
0.5853624939918518 0.5557421445846558 0.6471796631813049 0.5965319871902466
0.5300951600074768 0.45171889662742615 0.7178618311882019 0.5258839726448059
0.36283260583877563 0.2996123433113098 0.515586793422699 0.36293190717697144
0.672532856464386 0.1474338173866272 0.984024703502655 0.28475579619407654
0.01368689350783825 0.33715078234672546 0.05653407424688339 0.36053791642189026
0.2826155722141266 0.43563422560691833 0.3961170017719269 0.506263256072998
0.032721564173698425 0.20442341268062592 0.44831663370132446 0.5089460015296936
0.7641679644584656 0.7032551765441895 0.9997305274009705 0.8319566249847412
0.018061891198158264 0.28213003277778625 0.039416857063770294 0.2989652454853058
0.6717685461044312 0.14951059222221375 0.9880529642105103 0.28120991587638855
0.11207795888185501 0.3720019459724426 0.1460263431072235 0.39714348316192627
