0.5306485295295715 0.451384961605072 0.7170369029045105 0.5250411033630371
0.6872469186782837 0.717765212059021 0.9820706844329834 0.8414287567138672
0.763685941696167 0.0008721053600311279 0.9988919496536255 0.0964747741818428
0.13029025495052338 0.20848435163497925 0.19117562472820282 0.2569551467895508
0.46335166692733765 0.14634612202644348 0.6168621182441711 0.232054203748703
0.23860624432563782 0.33093202114105225 0.3202017843723297 0.37250804901123047
0.17852772772312164 0.4015238285064697 0.22700689733028412 0.4331928491592407
0.6228209733963013 0.17208929359912872 0.9058636426925659 0.2961888611316681
0.18025487661361694 0.3323952555656433 0.2425301969051361 0.3666316866874695
0.3471263647079468 0.3043383061885834 0.4936591386795044 0.36482223868370056
0.37051522731781006 0.45535457134246826 0.5438316464424133 0.5212879180908203
0.13720965385437012 0.32556837797164917 0.1842898726463318 0.3529793620109558
0.2216779738664627 0.42096567153930664 0.28576740622520447 0.45940661430358887
0.04662761837244034 0.35584592819213867 0.08189038187265396 0.37686043977737427
0.0961136519908905 0.3235815167427063 0.13715031743049622 0.34617727994918823
0.14886164665222168 0.3885427415370941 0.19125455617904663 0.4207795560359955
0.40369558334350586 0.8886417746543884 0.5245488286018372 0.9758792519569397
0.11701774597167969 0.3728066682815552 0.1593349277973175 0.4019385576248169
0.3381221890449524 0.22015506029129028 0.46168750524520874 0.2783680558204651
0.25126832723617554 0.24464130401611328 0.34879422187805176 0.2895670533180237
0.33745670318603516 0.22009369730949402 0.4618288278579712 0.2790411114692688
0.6228209733963013 0.17208929359912872 0.9058636426925659 0.2961888611316681
0.006273839622735977 0.30606353282928467 0.08872342109680176 0.3378353714942932
0.008131295442581177 0.04765293002128601 0.859218955039978 0.8561549186706543
0.22238996624946594 0.4201667010784149 0.2913043797016144 0.4624885022640228
0.401943176984787 0.888801097869873 0.5256258249282837 0.9831849336624146
0.28276777267456055 0.43652185797691345 0.39266812801361084 0.5062754154205322
0.34654030203819275 0.3052998483181 0.49365314841270447 0.3650672137737274
0.28216761350631714 0.43548130989074707 0.395605206489563 0.5070385932922363
0.25126832723617554 0.24464130401611328 0.34879422187805176 0.2895670533180237
0.006273839622735977 0.30606353282928467 0.08872342109680176 0.3378353714942932
0.34654030203819275 0.3052998483181 0.49365314841270447 0.3650672137737274
0.009354956448078156 0.3358699381351471 0.0538831427693367 0.3595692813396454
0.44513416290283203 0.8889410495758057 0.5242199301719666 0.9424915313720703
0.009095881134271622 0.3351963758468628 0.05387730523943901 0.35949116945266724
0.28276777267456055 0.43652185797691345 0.39266812801361084 0.5062754154205322
0.5306485295295715 0.4516008496284485 0.7178327441215515 0.5256393551826477
0.3381221890449524 0.22015506029129028 0.46168750524520874 0.2783680558204651
0.37776175141334534 0.4552135467529297 0.5419137477874756 0.5217829942703247
