0.6209004521369934 0.04879891872406006 0.8392546772956848 0.1720772236585617
0.542874276638031 0.44867920875549316 0.7461822628974915 0.5254803895950317
0.23905467987060547 0.33122262358665466 0.3173828125 0.3743990957736969
0.1302865594625473 0.2100456953048706 0.1897142380475998 0.2572057843208313
0.3379877507686615 0.31203335523605347 0.45485129952430725 0.36660945415496826
0.5923265218734741 0.20591706037521362 0.8797948360443115 0.32298994064331055
0.07323930412530899 0.3657323122024536 0.11416301876306534 0.3903391361236572
0.1795300394296646 0.40244176983833313 0.2257690578699112 0.4330836236476898
0.18112321197986603 0.32758641242980957 0.2374105006456375 0.3597980737686157
0.12879842519760132 0.3242455720901489 0.17674359679222107 0.3518843650817871
0.22088992595672607 0.4211101233959198 0.28549814224243164 0.4593307673931122
0.37681832909584045 0.45408517122268677 0.5458888411521912 0.5224612951278687
0.7188147306442261 0.69406658411026 0.9988937377929688 0.8151252865791321
0.29480329155921936 0.22718165814876556 0.4101066291332245 0.28061220049858093
0.4002158045768738 0.18970859050750732 0.5467252135276794 0.2681296765804291
0.4000690281391144 0.19124442338943481 0.5427029132843018 0.2672228515148163
0.12027714401483536 0.3737812042236328 0.16114258766174316 0.401822030544281
0.008202910423278809 0.02941185235977173 0.8845728635787964 0.8387120962142944
0.1477900594472885 0.38878095149993896 0.1897750347852707 0.4195016026496887
0.2858988046646118 0.4358137547969818 0.41249263286590576 0.5064153075218201
0.052050843834877014 0.35067564249038696 0.08213052153587341 0.3727789521217346
0.5905606150627136 0.204635351896286 0.879700243473053 0.32415005564689636
0.5829710960388184 0.5539130568504333 0.6533913612365723 0.5968447327613831
0.0535254068672657 0.2798834443092346 0.0839739590883255 0.3002557158470154
0.542874276638031 0.44867920875549316 0.7461822628974915 0.5254803895950317
0.22279193997383118 0.4201938509941101 0.2915939390659332 0.4620482921600342
0.026942186057567596 0.3468414545059204 0.055716559290885925 0.3666408061981201
0.021963078528642654 0.3069886267185211 0.09408745169639587 0.34270963072776794
0.1580440104007721 0.3904690146446228 0.1941995918750763 0.4232499599456787
0.010880261659622192 0.1936115324497223 0.4166781008243561 0.5038580894470215
0.2858988046646118 0.4358137547969818 0.41249263286590576 0.5064153075218201
0.23667800426483154 0.3336562216281891 0.2733113765716553 0.3655301034450531
0.019889548420906067 0.30641812086105347 0.11526426672935486 0.3432435989379883
0.2866589426994324 0.43579983711242676 0.4087981581687927 0.5056402087211609
0.2953895032405853 0.22706672549247742 0.4098655879497528 0.28052201867103577
0.02546471357345581 0.09378927946090698 0.602863073348999 0.5346517562866211
