0.38110387325286865 0.2985750436782837 0.5144425630569458 0.3610435724258423
0.6709779500961304 0.015278510749340057 0.9097790718078613 0.1546928584575653
0.25831156969070435 0.32988011837005615 0.34347426891326904 0.3735851049423218
0.13011181354522705 0.2100823074579239 0.1898217499256134 0.25729042291641235
0.5676859617233276 0.44671136140823364 0.7783781290054321 0.5276219248771667
0.40894636511802673 0.456966370344162 0.5600154399871826 0.5251559019088745
0.3058951497077942 0.2222660928964615 0.4208710193634033 0.27995961904525757
0.19322048127651215 0.3288153111934662 0.2549349069595337 0.36212149262428284
0.17876607179641724 0.4022822976112366 0.2259158492088318 0.4330747723579407
0.41665369272232056 0.1810625195503235 0.5727735757827759 0.26086360216140747
0.07898488640785217 0.36698275804519653 0.1194627434015274 0.39290809631347656
0.13957205414772034 0.3256685435771942 0.18682625889778137 0.35369279980659485
0.22088387608528137 0.4213285744190216 0.28746911883354187 0.46065613627433777
0.06601901352405548 0.2781708836555481 0.1008593887090683 0.30202680826187134
0.05734238028526306 0.3543955385684967 0.08913198113441467 0.3763408362865448
0.14747370779514313 0.3886275589466095 0.1939157098531723 0.42253801226615906
0.9127468466758728 0.6933624148368835 0.9999530911445618 0.7988948225975037
0.009835511445999146 0.0498538613319397 0.927283763885498 0.8193769454956055
0.7191001772880554 0.1391364336013794 1.0 0.29870977997779846
0.08597397059202194 0.3121255338191986 0.12308300286531448 0.3469093143939972
0.7191001772880554 0.1391364336013794 1.0 0.29870977997779846
0.12781637907028198 0.37624791264533997 0.16180142760276794 0.40436527132987976
0.7173915505409241 0.1392478495836258 1.0 0.2983323335647583
0.41782763600349426 0.18077825009822845 0.57219398021698 0.2603720426559448
0.7191001772880554 0.1391364336013794 1.0 0.29870977997779846
0.22418127954006195 0.42039668560028076 0.29227080941200256 0.46364837884902954
0.009553417563438416 0.1941397339105606 0.4346742033958435 0.5054210424423218
0.29174041748046875 0.4368736743927002 0.416975200176239 0.5093467831611633
0.2904934883117676 0.43578100204467773 0.4120621085166931 0.5081466436386108
0.024417705833911896 0.3077615201473236 0.09372366219758987 0.3429622948169708
0.25547510385513306 0.3278787434101105 0.31570810079574585 0.3688109815120697
0.5676859617233276 0.44671136140823364 0.7783781290054321 0.5276219248771667
0.0329245887696743 0.34932127594947815 0.06234750524163246 0.36742356419563293
0.02536703273653984 0.3083106577396393 0.09777030348777771 0.34347352385520935
0.38268405199050903 0.45415759086608887 0.563554584980011 0.5230883359909058
0.5833985209465027 0.5556407570838928 0.6567298769950867 0.598456084728241
0.40894636511802673 0.456966370344162 0.5600154399871826 0.5251559019088745
