0.37071844935417175 0.301553338766098 0.48704245686531067 0.3560146391391754
0.20438699424266815 0.26428142189979553 0.27198177576065063 0.3033057153224945
0.6180801391601562 0.20541740953922272 0.8800116777420044 0.325866162776947
0.2340792715549469 0.32526230812072754 0.3083445727825165 0.3629224896430969
0.18100613355636597 0.40263596177101135 0.23017936944961548 0.435429185628891
0.26282089948654175 0.4340721070766449 0.34354525804519653 0.4804091155529022
0.12968406081199646 0.21008068323135376 0.19054749608039856 0.25712907314300537
0.619217038154602 0.0488884374499321 0.8765534162521362 0.18868517875671387
0.38618695735931396 0.1840587854385376 0.5419515371322632 0.2579984664916992
0.14655041694641113 0.3888343274593353 0.19505515694618225 0.42318639159202576
0.019468190148472786 0.27875038981437683 0.0658445954322815 0.3037777245044708
0.40888774394989014 0.4467414617538452 0.5728024244308472 0.5318095088005066
0.012211095541715622 0.3399532437324524 0.04352026805281639 0.35930562019348145
0.6759043335914612 0.4461416006088257 0.9935211539268494 0.5546231269836426
0.008595854043960571 0.04553976655006409 0.9070805311203003 0.825674295425415
0.11897970736026764 0.3747001886367798 0.16210685670375824 0.4010027050971985
0.41064074635505676 0.4471021592617035 0.5745823979377747 0.531787633895874
0.060055769979953766 0.36064574122428894 0.10678096860647202 0.38104507327079773
0.050178103148937225 0.3122549057006836 0.18289077281951904 0.3586871027946472
0.05570843443274498 0.3121357560157776 0.17415766417980194 0.35782337188720703
0.619217038154602 0.0488884374499321 0.8765534162521362 0.18868517875671387
0.04765588045120239 0.1987413913011551 0.5163679122924805 0.5059292912483215
0.030337855219841003 0.3113512396812439 0.05876313894987106 0.3310338258743286
0.027699410915374756 0.0721457302570343 0.7446263432502747 0.5337997674942017
0.673994779586792 0.44220706820487976 0.9961948394775391 0.5545962452888489
0.0983782708644867 0.3728318512439728 0.14145512878894806 0.39788123965263367
0.007246240973472595 0.31048113107681274 0.031254347413778305 0.32699841260910034
0.3147132992744446 0.4412890076637268 0.5675796270370483 0.533887505531311
0.41064074635505676 0.4471021592617035 0.5745823979377747 0.531787633895874
0.011551983654499054 0.31114462018013 0.057925447821617126 0.3300311267375946
