0.5185167789459229 0.11805516481399536 0.7265148162841797 0.23086830973625183
0.41281840205192566 0.29119837284088135 0.5602569580078125 0.3642171025276184
0.2999500036239624 0.44306543469429016 0.47291916608810425 0.5179015398025513
0.14495684206485748 0.2758442759513855 0.1950848549604416 0.30526238679885864
0.34348076581954956 0.20528057217597961 0.4803568720817566 0.2676890790462494
0.1293729841709137 0.21528230607509613 0.18863943219184875 0.2554870843887329
0.27267172932624817 0.3238924741744995 0.3578846752643585 0.36271029710769653
0.1794331967830658 0.4016730785369873 0.22697752714157104 0.4335014820098877
0.19188790023326874 0.3293176591396332 0.2510451078414917 0.3611808717250824
0.2373434454202652 0.4262751042842865 0.31054458022117615 0.47720834612846375
0.7297196984291077 0.15305288136005402 0.9973759055137634 0.2982754707336426
0.14758199453353882 0.3886587917804718 0.19568747282028198 0.4247696101665497
0.4900573194026947 0.459296852350235 0.737591564655304 0.5412906408309937
0.12025215476751328 0.3742367625236511 0.16254113614559174 0.401533842086792
0.00485113263130188 0.02140939235687256 0.9812544584274292 0.8603212833404541
0.48968327045440674 0.45861881971359253 0.7361977100372314 0.5406848788261414
0.7297196984291077 0.15305288136005402 0.9973759055137634 0.2982754707336426
0.09556807577610016 0.37110787630081177 0.13048428297042847 0.3971279263496399
0.007398390211164951 0.33644920587539673 0.03119659423828125 0.35314565896987915
0.0606636144220829 0.31308481097221375 0.1578134298324585 0.35417571663856506
0.1457901895046234 0.38789090514183044 0.18531319499015808 0.4153747260570526
0.011592458933591843 0.2829672694206238 0.04288124665617943 0.30324411392211914
0.05273337662220001 0.35846543312072754 0.10024312138557434 0.3796312212944031
0.010759666562080383 0.19094231724739075 0.4056198000907898 0.5010772943496704
0.4154689311981201 0.2918546199798584 0.5607739686965942 0.36092960834503174
0.04181872308254242 0.3114604949951172 0.1460973173379898 0.3522348999977112
0.48968327045440674 0.45861881971359253 0.7361977100372314 0.5406848788261414
0.30584537982940674 0.4432239532470703 0.47051894664764404 0.5187607407569885
0.13191422820091248 0.20423948764801025 0.2039671540260315 0.25734516978263855
