0.30345863103866577 0.4444080889225006 0.4007578492164612 0.49444207549095154
0.30284374952316284 0.31444281339645386 0.3993605971336365 0.361070454120636
0.548633337020874 0.23560449481010437 0.7449350357055664 0.32701191306114197
0.12831181287765503 0.21845696866512299 0.18688997626304626 0.25608527660369873
0.2593858242034912 0.244504913687706 0.34696120023727417 0.29233503341674805
0.19603009521961212 0.40802788734436035 0.24977989494800568 0.4426531195640564
0.5461872220039368 0.434245765209198 0.7565860152244568 0.5411084294319153
0.03858758881688118 0.2784483730792999 0.09440352022647858 0.306708961725235
0.1469787061214447 0.3895268738269806 0.19815397262573242 0.41980627179145813
0.44608074426651 0.15251371264457703 0.6303609013557434 0.23859471082687378
0.0031028687953948975 0.03928747773170471 0.8648501634597778 0.8480464220046997
0.44608074426651 0.15251371264457703 0.6303609013557434 0.23859471082687378
0.12725259363651276 0.3763887286186218 0.16245193779468536 0.401006281375885
0.7488942742347717 9.347498416900635e-05 0.9992364048957825 0.13619935512542725
0.7488942742347717 9.347498416900635e-05 0.9992364048957825 0.13619935512542725
0.019210470840334892 0.34299755096435547 0.05842285603284836 0.36488157510757446
0.01653590053319931 0.31222814321517944 0.04192987456917763 0.32830846309661865
0.04538292437791824 0.3155912756919861 0.075698621571064 0.3322495222091675
0.11283024400472641 0.3731178045272827 0.1587553471326828 0.4001230001449585
0.749678373336792 0.0 0.9984139204025269 0.13630551099777222
0.06530725955963135 0.36149972677230835 0.10486683249473572 0.3822879195213318
0.07489535957574844 0.3133256137371063 0.18624615669250488 0.35911568999290466
