0.6114279627799988 0.8179174661636353 0.7372569441795349 0.9546800851821899
0.2602809965610504 0.6307774782180786 0.29956719279289246 0.6901293992996216
0.3302382528781891 0.6645561456680298 0.38688012957572937 0.7420673370361328
0.6862024068832397 0.6636775732040405 0.907676100730896 0.7766762971878052
0.23830357193946838 0.6142391562461853 0.2730529010295868 0.6664960980415344
0.16092875599861145 0.5717774629592896 0.18627449870109558 0.6065587997436523
0.15134301781654358 0.5631721615791321 0.179406076669693 0.5945886969566345
0.22692719101905823 0.6073017120361328 0.26446425914764404 0.6601814031600952
0.22742828726768494 0.6206313371658325 0.2517513632774353 0.6604704856872559
0.23271887004375458 0.6969424486160278 0.28852397203445435 0.7276989221572876
