0.6119914054870605 0.8170552849769592 0.7371925115585327 0.9550296664237976
0.2602345645427704 0.6308445334434509 0.29946884512901306 0.6900282502174377
0.5874729752540588 0.6337526440620422 0.7570763230323792 0.7345274090766907
0.3303101062774658 0.6647546887397766 0.3870486617088318 0.7424506545066833
0.23857103288173676 0.6141899824142456 0.2729814648628235 0.6668014526367188
0.1606283038854599 0.5716819167137146 0.18624083697795868 0.6070404648780823
0.22660104930400848 0.6072077751159668 0.26377448439598083 0.6599119901657104
0.15133912861347198 0.5632613897323608 0.17958272993564606 0.5949119329452515
0.529166579246521 0.005428776144981384 0.9949971437454224 0.30465030670166016
0.22740525007247925 0.6192313432693481 0.251817524433136 0.6603351831436157
