0.6140763759613037 0.8139314651489258 0.7383989095687866 0.9523944854736328
0.26057350635528564 0.6310849785804749 0.29912781715393066 0.6896658539772034
0.33031708002090454 0.6631705164909363 0.3869870901107788 0.7422693371772766
0.5255207419395447 0.5733044147491455 0.6550659537315369 0.6855176687240601
0.23908494412899017 0.6159173250198364 0.2743303179740906 0.6697008609771729
0.15900583565235138 0.5711549520492554 0.1857628971338272 0.6056888103485107
0.15112248063087463 0.5644912719726562 0.18054741621017456 0.5969948768615723
0.2265678495168686 0.6079436540603638 0.26391342282295227 0.6602036952972412
0.5266959071159363 0.5742939114570618 0.6561183333396912 0.6859102845191956
0.22639226913452148 0.6177650690078735 0.2516961097717285 0.6605137586593628
