0.6152998208999634 0.8099107146263123 0.7377499341964722 0.9477155804634094
0.260335773229599 0.6314123272895813 0.2994771897792816 0.6893185973167419
0.45565536618232727 0.1626637876033783 0.5428107380867004 0.27737268805503845
0.3299711346626282 0.6641752123832703 0.38661879301071167 0.7422046065330505
0.23913776874542236 0.6149759292602539 0.2737937569618225 0.6674203872680664
0.15938079357147217 0.5714526176452637 0.18584221601486206 0.6063412427902222
0.15115635097026825 0.5646958947181702 0.17914561927318573 0.5975609421730042
0.22577381134033203 0.6077480912208557 0.26361680030822754 0.6597661375999451
0.2291901409626007 0.6961761116981506 0.2871122658252716 0.7278806567192078
0.22530460357666016 0.6158390045166016 0.2518283724784851 0.6604650020599365
0.3276670277118683 0.5170921087265015 0.3757913410663605 0.5485175848007202
