0.6118091940879822 0.8106105923652649 0.7380741238594055 0.947227418422699
0.26043328642845154 0.6311027407646179 0.29946598410606384 0.6902908682823181
0.3299140930175781 0.664225161075592 0.38670921325683594 0.7421626448631287
0.23855063319206238 0.6139843463897705 0.2735447585582733 0.6667217016220093
0.15926039218902588 0.5717062950134277 0.1856423020362854 0.6064728498458862
0.5019686818122864 0.07006977498531342 0.6406548619270325 0.203966423869133
0.22567695379257202 0.6071307063102722 0.26403313875198364 0.6600026488304138
0.15114200115203857 0.5648558735847473 0.17890924215316772 0.5973144173622131
0.502700686454773 0.06873364746570587 0.6409937143325806 0.1916806846857071
0.22995136678218842 0.6954049468040466 0.28553956747055054 0.7277591824531555
