0.6129775047302246 0.81046462059021 0.738567590713501 0.9467456340789795
0.26034629344940186 0.630998969078064 0.2993030548095703 0.6901861429214478
0.3297904133796692 0.6626880168914795 0.38618969917297363 0.741957426071167
0.23887541890144348 0.6149299144744873 0.2743307054042816 0.6692897081375122
0.22575101256370544 0.6076786518096924 0.26384487748146057 0.6604281663894653
0.15122577548027039 0.563799262046814 0.18058982491493225 0.5969816446304321
0.1594333052635193 0.5705575942993164 0.18536332249641418 0.6057275533676147
0.5616992712020874 0.023863300681114197 0.7329928874969482 0.13760873675346375
0.30500704050064087 0.5613781213760376 0.3579712510108948 0.5748448371887207
0.5610771775245667 0.026102975010871887 0.7446131110191345 0.1595039963722229
