0.6165043115615845 0.8077418208122253 0.7383921146392822 0.9473697543144226
0.2603052854537964 0.6310746073722839 0.2991510033607483 0.690089762210846
0.33002448081970215 0.6626579761505127 0.38662266731262207 0.7419886589050293
0.5875012278556824 0.8007736802101135 0.6688749194145203 0.8275043368339539
0.23872655630111694 0.6148568987846375 0.2744208574295044 0.6692351698875427
0.22599948942661285 0.6078286170959473 0.26408255100250244 0.6601898670196533
0.15093787014484406 0.5638357400894165 0.18059919774532318 0.5967108011245728
0.15907837450504303 0.570665717124939 0.1853509396314621 0.6059471368789673
0.6473041772842407 0.0 0.8190919160842896 0.07387000322341919
0.3280984163284302 0.5638653635978699 0.38487786054611206 0.5797672867774963
0.22493433952331543 0.614864706993103 0.25180506706237793 0.6605473756790161
