0.615754246711731 0.8053416013717651 0.7398134469985962 0.9482511281967163
0.26046186685562134 0.631432056427002 0.29940658807754517 0.6897194385528564
0.32990849018096924 0.6641835570335388 0.38717585802078247 0.7420088648796082
0.23903192579746246 0.6146795749664307 0.27373331785202026 0.6679202318191528
0.1596483588218689 0.57183438539505 0.1860319972038269 0.6061020493507385
0.6460443735122681 0.759428858757019 0.7439789772033691 0.789202094078064
0.22602637112140656 0.6073488593101501 0.2629140317440033 0.659829318523407
0.15216127038002014 0.5647597908973694 0.17920136451721191 0.596885621547699
0.3592239022254944 0.5687796473503113 0.4195598363876343 0.5844107270240784
0.22559930384159088 0.6166456341743469 0.2517065107822418 0.6602975726127625
0.23008424043655396 0.6969723105430603 0.2885705828666687 0.7277416586875916
0.9738479256629944 0.872025191783905 1.0 0.9023281931877136
