0.6161923408508301 0.8098008632659912 0.7384728193283081 0.947002649307251
0.2604350745677948 0.6312984824180603 0.29945334792137146 0.6898862719535828
0.32992294430732727 0.6631163954734802 0.38679274916648865 0.741981565952301
0.6023074984550476 0.7881731390953064 0.6890748143196106 0.8143193125724792
0.23924243450164795 0.6146154403686523 0.2739298343658447 0.6682161092758179
0.1595398187637329 0.5716055035591125 0.18609210848808289 0.606096088886261
0.22608143091201782 0.6075453162193298 0.2628309726715088 0.6597999930381775
0.15212887525558472 0.5646741986274719 0.17957457900047302 0.5970297455787659
0.6752802133560181 0.0 0.8244982957839966 0.04963073134422302
0.3357819616794586 0.5649057030677795 0.3942401707172394 0.5805676579475403
0.22552138566970825 0.6169798374176025 0.2515327036380768 0.6603111028671265
0.7395521998405457 0.0007635988295078278 0.9385082125663757 0.09778383374214172
