0.6154475808143616 0.8100387454032898 0.7381117939949036 0.9477506279945374
0.26040035486221313 0.6313675045967102 0.29924213886260986 0.6897328495979309
0.3300834000110626 0.6643120050430298 0.3868424594402313 0.7427079677581787
0.7351180911064148 0.7119741439819336 0.8523877263069153 0.7439383268356323
0.23893220722675323 0.6150901317596436 0.2738846242427826 0.6679311990737915
0.1597929298877716 0.572235107421875 0.1862185001373291 0.6061280965805054
0.2260066121816635 0.6076784133911133 0.26270565390586853 0.6598775386810303
0.1515817940235138 0.5644069314002991 0.17900782823562622 0.596075713634491
0.22535337507724762 0.6164612770080566 0.25173094868659973 0.6602991819381714
0.978183925151825 0.7749454975128174 0.9999098181724548 0.815029501914978
