0.6156243085861206 0.8091990947723389 0.7369438409805298 0.9480394124984741
0.26038774847984314 0.6314192414283752 0.2993074357509613 0.6898415684700012
0.3301249146461487 0.6641178727149963 0.38701021671295166 0.7425824999809265
0.2389271855354309 0.6146226525306702 0.2739049792289734 0.6677649617195129
0.651969313621521 0.7563519477844238 0.7510188817977905 0.78667151927948
0.15986530482769012 0.5727832317352295 0.1865316480398178 0.6064801216125488
0.22579555213451385 0.607245922088623 0.2626607418060303 0.6597684621810913
0.1514902412891388 0.5645166635513306 0.17892926931381226 0.5962035655975342
0.9651349782943726 0.8627382516860962 0.9999439716339111 0.892979621887207
0.22548194229602814 0.6165540814399719 0.25167953968048096 0.660203754901886
