0.6156180500984192 0.8098398447036743 0.7370360493659973 0.9477903842926025
0.2603863477706909 0.6314454674720764 0.2992537021636963 0.6897748112678528
0.33008891344070435 0.6642031669616699 0.3870158791542053 0.7426272630691528
0.6674732565879822 0.7423974275588989 0.7677929997444153 0.7731469869613647
0.2389499992132187 0.6149240732192993 0.27384719252586365 0.667917013168335
0.1598820984363556 0.5727815628051758 0.1865716278553009 0.6064877510070801
0.22621285915374756 0.607750654220581 0.2625095248222351 0.6598142385482788
0.1514064371585846 0.5642894506454468 0.1787506341934204 0.5958113670349121
0.9712393283843994 0.8547977209091187 0.9999904632568359 0.8832575082778931
0.22539404034614563 0.6168324947357178 0.2515188157558441 0.6602623462677002
0.9708524942398071 0.8459416031837463 0.9998087882995605 0.8926981091499329
0.23048089444637299 0.6968406438827515 0.28867268562316895 0.7277531623840332
