0.6159419417381287 0.8095827102661133 0.738169252872467 0.9474539756774902
0.26031574606895447 0.631012499332428 0.2990589439868927 0.689662516117096
0.33000120520591736 0.6653419733047485 0.3868793547153473 0.7425988912582397
0.7493760585784912 0.7070266008377075 0.8662699460983276 0.7429724931716919
0.23873350024223328 0.6149121522903442 0.2744843065738678 0.6676119565963745
0.15966622531414032 0.5720389485359192 0.1860821694135666 0.6060206294059753
0.22616489231586456 0.6077657341957092 0.26369479298591614 0.6598971486091614
0.15130352973937988 0.5642948746681213 0.17861878871917725 0.5959406495094299
0.9721996188163757 0.7668829560279846 0.9999234080314636 0.7920607924461365
0.9716553092002869 0.7553878426551819 0.9998827576637268 0.8039827942848206
0.22478465735912323 0.6145627498626709 0.25197386741638184 0.6605895757675171
