0.6159966588020325 0.8097290396690369 0.7382975220680237 0.9475119709968567
0.2603122889995575 0.63105708360672 0.29914233088493347 0.6896890997886658
0.3299936354160309 0.6650332808494568 0.38692107796669006 0.7424562573432922
0.2386791855096817 0.6152180433273315 0.2744380533695221 0.667695164680481
0.15965934097766876 0.5720177888870239 0.18608136475086212 0.6060349941253662
0.22575530409812927 0.6078338027000427 0.2634936273097992 0.6599776148796082
0.15127380192279816 0.5643091797828674 0.1784675568342209 0.5958824753761292
0.7776880264282227 0.7028096318244934 0.8857942819595337 0.7368157505989075
0.9601547718048096 0.7347293496131897 0.9998559951782227 0.761911928653717
0.2245672345161438 0.6139013171195984 0.25214970111846924 0.6605835556983948
