0.616123616695404 0.80974942445755 0.7380536198616028 0.9474024176597595
0.26025494933128357 0.6310141086578369 0.29911527037620544 0.6896693706512451
0.3300912380218506 0.6648234128952026 0.38681501150131226 0.7427079677581787
0.23848983645439148 0.6152673363685608 0.274354487657547 0.6677626967430115
0.15920081734657288 0.571528971195221 0.18592527508735657 0.605974018573761
0.2254868596792221 0.6078406572341919 0.2633851170539856 0.6600676774978638
0.46031659841537476 0.5853626728057861 0.5444115996360779 0.6122428178787231
0.15147185325622559 0.5647487044334412 0.17872604727745056 0.5969632267951965
0.8043521642684937 0.6380609273910522 0.912061333656311 0.6717357635498047
0.9587500095367432 0.7098740935325623 0.999821662902832 0.7480968832969666
