0.615538477897644 0.8103455901145935 0.7386257648468018 0.9473841786384583
0.260877400636673 0.6312055587768555 0.2993529736995697 0.6894303560256958
0.3300410807132721 0.6634271144866943 0.38660749793052673 0.7416974306106567
0.6813436150550842 0.6128787994384766 0.7821944355964661 0.6414624452590942
0.23919177055358887 0.6146358251571655 0.2732502222061157 0.6674259901046753
0.15168479084968567 0.564433217048645 0.1805313527584076 0.5961717367172241
0.2259017378091812 0.6076381206512451 0.26308587193489075 0.6603271961212158
0.15887778997421265 0.5705792903900146 0.1853598952293396 0.603966474533081
0.8251467347145081 0.6068443059921265 0.8592460751533508 0.6617681980133057
0.5270184278488159 0.6097018718719482 0.6223825216293335 0.6350177526473999
0.22634229063987732 0.6161506175994873 0.2521308958530426 0.6603171825408936
0.2311648577451706 0.6961890459060669 0.2906934320926666 0.72752845287323
