0.6158636212348938 0.809980571269989 0.7380760312080383 0.9472872614860535
0.26084643602371216 0.6314214468002319 0.29935163259506226 0.6896655559539795
0.3299022614955902 0.6646412014961243 0.38694384694099426 0.7419852614402771
0.6147876977920532 0.6033234596252441 0.7060885429382324 0.6276576519012451
0.2390439361333847 0.6141704320907593 0.27320247888565063 0.6670085191726685
0.15075387060642242 0.5639022588729858 0.1807989627122879 0.5955648422241211
0.2256750613451004 0.6072995066642761 0.2635907530784607 0.6602638363838196
0.5743184089660645 0.6266580820083618 0.6764670610427856 0.6502346992492676
0.158744215965271 0.5716891288757324 0.18562960624694824 0.6059424877166748
0.5410909652709961 0.006776690483093262 0.9920819997787476 0.3175772428512573
0.2285861223936081 0.6944335699081421 0.2905649244785309 0.7277485132217407
