0.6157524585723877 0.8104031085968018 0.738202691078186 0.9477665424346924
0.2611055374145508 0.6315810084342957 0.2993784546852112 0.6894828677177429
0.3296809196472168 0.6630698442459106 0.3865339159965515 0.7422375679016113
0.237984299659729 0.6144449710845947 0.27328675985336304 0.6667490005493164
0.1588742434978485 0.5710989236831665 0.18649327754974365 0.6065686941146851
0.6756212115287781 0.633709728717804 0.77988201379776 0.6610307097434998
0.1524229347705841 0.56500244140625 0.18311649560928345 0.599205732345581
0.5406755208969116 0.5887060761451721 0.6266170740127563 0.610554039478302
0.22603806853294373 0.6076453328132629 0.26482102274894714 0.6602445244789124
0.14968448877334595 0.562661349773407 0.17770910263061523 0.5931573510169983
