0.6159783601760864 0.810202956199646 0.7382248640060425 0.9478707313537598
0.2610451281070709 0.6315393447875977 0.29937317967414856 0.6897702217102051
0.32989969849586487 0.663082480430603 0.3864821493625641 0.7423045635223389
0.8864442706108093 0.6615129709243774 1.0 0.6972126960754395
0.23783959448337555 0.6143050193786621 0.27309778332710266 0.6667912006378174
0.22512097656726837 0.6070380210876465 0.26489800214767456 0.6603943109512329
0.15936850011348724 0.5716544985771179 0.18591336905956268 0.6070036292076111
0.151886448264122 0.5650384426116943 0.17886708676815033 0.5975596904754639
0.7641662359237671 0.00010502152144908905 0.915742039680481 0.05625450611114502
0.4643864929676056 0.5761352181434631 0.5467838048934937 0.5981569886207581
