0.35214072465896606 0.4709916114807129 0.4629167318344116 0.5273356437683105
0.4623435139656067 0.2516040802001953 0.6146083474159241 0.32994651794433594
0.18976235389709473 0.3247736096382141 0.2601985037326813 0.3589312434196472
0.1298791915178299 0.21297375857830048 0.1890379935503006 0.2590453028678894
0.8558089733123779 3.0267983675003052e-05 1.0 0.08162115514278412
0.35644611716270447 0.20112118124961853 0.4747065603733063 0.2686862051486969
0.18752406537532806 0.41336479783058167 0.2475252002477646 0.44891926646232605
0.06728760153055191 0.3194239139556885 0.10587067157030106 0.34158051013946533
0.022400762885808945 0.2809564173221588 0.05173768475651741 0.3002929985523224
0.18838664889335632 0.41293197870254517 0.24727916717529297 0.44873809814453125
0.45210596919059753 0.28523802757263184 0.5253860950469971 0.3357846140861511
0.3575512170791626 0.2107696235179901 0.43878376483917236 0.2704721987247467
0.020378202199935913 0.009698659181594849 0.939529299736023 0.8529977798461914
0.016018331050872803 0.0011364519596099854 0.9761590361595154 0.9459152221679688
