0.6158280372619629 0.8101446032524109 0.7382233142852783 0.9477611184120178
0.26107507944107056 0.6313332319259644 0.29946368932724 0.6896369457244873
0.3302653133869171 0.6641656756401062 0.3861633837223053 0.7420733571052551
0.7616291046142578 0.0 0.9298126697540283 0.08866001665592194
0.1593082696199417 0.5715439319610596 0.1860000342130661 0.6061210632324219
0.23738645017147064 0.6134898662567139 0.27329951524734497 0.6669423580169678
0.22495339810848236 0.607187032699585 0.2650853097438812 0.6604098081588745
0.15212413668632507 0.5652666091918945 0.17952874302864075 0.5974123477935791
0.43358421325683594 0.5731092691421509 0.5049951076507568 0.5906704664230347
0.7616291046142578 0.0 0.9298126697540283 0.08866001665592194
