0.6157878041267395 0.8105044960975647 0.7384079098701477 0.9477327466011047
0.26118987798690796 0.6313010454177856 0.29970449209213257 0.689318060874939
0.3300212323665619 0.6648460030555725 0.3869837820529938 0.7423473000526428
0.23779068887233734 0.613979160785675 0.2733387053012848 0.6670896410942078
0.1599947214126587 0.5720176696777344 0.1858012080192566 0.6059678792953491
0.22548940777778625 0.6078742742538452 0.2651411294937134 0.6603271961212158
0.7813122868537903 2.2821128368377686e-05 0.9452881217002869 0.12519782781600952
0.15234127640724182 0.5651423931121826 0.1793832778930664 0.5970585346221924
0.2573051154613495 0.6279029250144958 0.2919292747974396 0.6807428002357483
0.223904550075531 0.6143572330474854 0.25328147411346436 0.6599305868148804
