0.6158409118652344 0.8104259967803955 0.7383759021759033 0.9478880167007446
0.2612183690071106 0.631342887878418 0.29969894886016846 0.6894367933273315
0.330064982175827 0.6649356484413147 0.38680335879325867 0.7423896193504333
0.7861872911453247 0.0 0.9726006984710693 0.1407718062400818
0.16012415289878845 0.5724006295204163 0.18603363633155823 0.6062827706336975
0.23742051422595978 0.6132605075836182 0.2730879783630371 0.6668347120285034
0.22527164220809937 0.6072684526443481 0.26540324091911316 0.6606143712997437
0.1516944319009781 0.5646442770957947 0.17861305177211761 0.5962862372398376
0.8710474371910095 0.10012736916542053 0.9977791905403137 0.3397596776485443
0.32892879843711853 0.5172612071037292 0.3751884400844574 0.5482560992240906
