0.615764319896698 0.8100433945655823 0.7382021546363831 0.9477735161781311
0.261181116104126 0.6313032507896423 0.29980266094207764 0.6892798542976379
0.3304177522659302 0.6635967493057251 0.38647598028182983 0.7425515651702881
0.7870912551879883 0.0 0.9702867269515991 0.14014628529548645
0.7990765571594238 0.6637670993804932 0.9197304248809814 0.6982346773147583
0.23768241703510284 0.6140397191047668 0.27329158782958984 0.6668691039085388
0.16024141013622284 0.5724883079528809 0.18580149114131927 0.6062852144241333
0.22538864612579346 0.6077378392219543 0.2652292847633362 0.6603444218635559
0.1513429582118988 0.5643615126609802 0.17820432782173157 0.5955970883369446
0.8704438805580139 0.10238610208034515 0.9977952837944031 0.3412007689476013
