0.6158437132835388 0.8095104694366455 0.737623393535614 0.9476156234741211
0.2603166103363037 0.6314108967781067 0.2992013692855835 0.689858615398407
0.329963356256485 0.664829671382904 0.3860858380794525 0.7429918646812439
0.7677018642425537 0.0 0.9606144428253174 0.1402958333492279
0.2391624003648758 0.6155800819396973 0.27398940920829773 0.6682232618331909
0.16082796454429626 0.5718900561332703 0.1861552894115448 0.6076077818870544
0.2260226011276245 0.607168972492218 0.26295027136802673 0.6597947478294373
0.15087288618087769 0.5630069971084595 0.17939287424087524 0.5952041149139404
0.6095113158226013 0.692213237285614 0.7095863223075867 0.7195954918861389
0.22578079998493195 0.6163086891174316 0.2517959177494049 0.6602792739868164
0.8807232975959778 0.10166648775339127 0.9970751404762268 0.33937638998031616
0.2304472029209137 0.69647216796875 0.28958550095558167 0.7276825904846191
