0.6164504289627075 0.8085103034973145 0.7377976179122925 0.9473987817764282
0.26035866141319275 0.6312337517738342 0.299115926027298 0.689935028553009
0.3299320340156555 0.6644700765609741 0.38694024085998535 0.7426339387893677
0.7792313098907471 0.0 0.9639952182769775 0.1402527093887329
0.23901064693927765 0.6157251000404358 0.2740126848220825 0.6679427027702332
0.2260478436946869 0.6073558330535889 0.2632879912853241 0.6596750020980835
0.15068186819553375 0.5635079145431519 0.1811375468969345 0.5967496633529663
0.15785659849643707 0.5700391530990601 0.1866455227136612 0.6055159568786621
0.5786563754081726 0.7613735795021057 0.6717597842216492 0.7842907309532166
0.22564302384853363 0.6166133880615234 0.2517428398132324 0.6602171659469604
0.8730891346931458 0.10007916390895844 0.9973672032356262 0.34208565950393677
0.7392153143882751 0.06848704069852829 0.8160029053688049 0.10244361311197281
0.23060886561870575 0.6968381404876709 0.2900750935077667 0.7277510166168213
