0.6161105036735535 0.8099237680435181 0.7377482056617737 0.9481884241104126
0.26044961810112 0.6312516331672668 0.29912498593330383 0.6898451447486877
0.3300936818122864 0.6646860241889954 0.38680410385131836 0.7422980666160583
0.786619246006012 0.0 0.9586750864982605 0.1394001841545105
0.2390003651380539 0.6158254742622375 0.2740321159362793 0.6680517792701721
0.1601014882326126 0.5724621415138245 0.1866636425256729 0.6058321595191956
0.22618964314460754 0.6074053645133972 0.26305970549583435 0.6595881581306458
0.15071536600589752 0.5636627674102783 0.18071575462818146 0.5943571329116821
0.22579924762248993 0.616409957408905 0.2516527473926544 0.6602256894111633
0.8803825378417969 0.0951746255159378 0.9980767965316772 0.33953362703323364
0.2304127812385559 0.6967999935150146 0.28797227144241333 0.7276349067687988
0.7155275940895081 0.0 0.8089446425437927 0.026957465335726738
