0.6138011813163757 0.8102598786354065 0.7384079098701477 0.9473078846931458
0.26035118103027344 0.6312218904495239 0.29917651414871216 0.6898046731948853
0.3300502598285675 0.6654463410377502 0.38712242245674133 0.7420868277549744
0.7885337471961975 0.0 0.9577464461326599 0.1378673017024994
0.15974412858486176 0.5721839070320129 0.18591539561748505 0.6059470772743225
0.238735169172287 0.6155296564102173 0.27445587515830994 0.6679791212081909
0.2254033237695694 0.6077232360839844 0.2634967863559723 0.6601214408874512
0.15209315717220306 0.5648500919342041 0.17927812039852142 0.5966432094573975
0.8770338296890259 0.09926377236843109 0.9981582164764404 0.33787107467651367
0.3449833393096924 0.837306559085846 0.39110732078552246 0.850782573223114
