0.6140450239181519 0.8097351789474487 0.7384629249572754 0.9477967023849487
0.260290265083313 0.631183922290802 0.2992054224014282 0.6896461844444275
0.3299176096916199 0.6651671528816223 0.3870925307273865 0.7421937584877014
0.7885192036628723 0.0 0.9587958455085754 0.1379532516002655
0.23856742680072784 0.6153603792190552 0.27414023876190186 0.6676473617553711
0.15981829166412354 0.5718751549720764 0.18613553047180176 0.6059533953666687
0.22573445737361908 0.6077193021774292 0.2637149393558502 0.660111665725708
0.15203498303890228 0.5648241639137268 0.17914129793643951 0.5966550707817078
0.2247997224330902 0.6142193078994751 0.25214630365371704 0.6606451272964478
0.8721317648887634 0.09153276681900024 0.9985609650611877 0.33738774061203003
