0.5875051021575928 0.05798543244600296 0.8218708038330078 0.1900147795677185
0.10551892966032028 0.32477083802223206 0.15388336777687073 0.35155418515205383
0.49854469299316406 0.48823150992393494 0.6687357425689697 0.5585232973098755
0.13023915886878967 0.21041041612625122 0.19007477164268494 0.25853341817855835
0.2830933928489685 0.3072606325149536 0.3850022554397583 0.35531944036483765
0.8977177143096924 0.10124088823795319 0.9991334676742554 0.22358866035938263
0.253711462020874 0.4355473220348358 0.3325522541999817 0.476064532995224
0.03043333627283573 0.27408409118652344 0.07457485049962997 0.3006170392036438
0.00785042718052864 0.2860462963581085 0.0315428264439106 0.3028855621814728
0.2534431219100952 0.4360330104827881 0.33100706338882446 0.47734957933425903
0.49770253896713257 0.48750680685043335 0.6710184216499329 0.5596799254417419
