0.12987706065177917 0.2080938071012497 0.18995681405067444 0.25733840465545654
0.06087034195661545 0.32129183411598206 0.10240303725004196 0.34268221259117126
0.024049630388617516 0.2820139527320862 0.048817701637744904 0.3008074164390564
0.048651400953531265 0.35606250166893005 0.07736438512802124 0.3768208920955658
0.7592085599899292 0.07730165123939514 0.9994704723358154 0.2503839135169983
0.040419504046440125 0.31708744168281555 0.07459550350904465 0.3371104300022125
0.0502290278673172 0.3197877109050751 0.09279769659042358 0.34161844849586487
0.7592085599899292 0.07730165123939514 0.9994704723358154 0.2503839135169983
0.002613907679915428 0.33478236198425293 0.02417946606874466 0.35040968656539917
0.03585638105869293 0.31986182928085327 0.05501558631658554 0.33505159616470337
0.0 0.0 1.0 0.9728407263755798
0.7592085599899292 0.07730165123939514 0.9994704723358154 0.2503839135169983
