0.12992146611213684 0.2075905054807663 0.18918639421463013 0.2570282816886902
0.1077011227607727 0.3265220522880554 0.16299566626548767 0.35338085889816284
0.09500524401664734 0.37774571776390076 0.1381555050611496 0.4045967161655426
0.07484127581119537 0.32007378339767456 0.11245504021644592 0.3456084132194519
0.05369548499584198 0.27845707535743713 0.08803173899650574 0.2998294532299042
0.02167317271232605 0.3141103684902191 0.04925316572189331 0.33232101798057556
0.0 0.0 1.0 0.944414496421814
0.021678537130355835 0.34346693754196167 0.04843998700380325 0.36021965742111206
0.09505055844783783 0.37761473655700684 0.13853999972343445 0.40472257137298584
0.0047721220180392265 0.28363174200057983 0.02126416191458702 0.29889118671417236
