0.6039212942123413 0.19612479209899902 0.822589635848999 0.2991873323917389
0.3867849111557007 0.1925731748342514 0.5103939175605774 0.26426053047180176
0.12942208349704742 0.21604818105697632 0.18829472362995148 0.2556653320789337
0.2587956190109253 0.43300625681877136 0.3419092297554016 0.47469016909599304
0.06951281428337097 0.35965386033058167 0.10821214318275452 0.38420209288597107
0.03332025557756424 0.31488344073295593 0.062054477632045746 0.3340066969394684
0.06359388679265976 0.26405709981918335 0.18365249037742615 0.30939263105392456
0.05551101267337799 0.2649449110031128 0.18662843108177185 0.3093494176864624
0.018251601606607437 0.3422909080982208 0.042124439030885696 0.3596208989620209
0.02997414767742157 0.2835403084754944 0.05666913092136383 0.30092960596084595
0.2574600577354431 0.43317848443984985 0.34137213230133057 0.4754527807235718
