0.36413586139678955 0.45129188895225525 0.4860542416572571 0.508500874042511
0.11660660803318024 0.2500270903110504 0.2795996069908142 0.30874428153038025
0.12896615266799927 0.2217617779970169 0.18665668368339539 0.2557887136936188
0.04360411316156387 0.3517599105834961 0.07556312531232834 0.37400150299072266
0.07025907933712006 0.31886836886405945 0.10430915653705597 0.34225210547447205
0.11650273203849792 0.3825731873512268 0.1680229902267456 0.41532790660858154
0.05573432520031929 0.2825447618961334 0.08745205402374268 0.3012339770793915
0.031948454678058624 0.282980740070343 0.0536736398935318 0.2980995774269104
0.027489367872476578 0.3130793571472168 0.051299553364515305 0.33293861150741577
0.01086439099162817 0.3364415168762207 0.031769223511219025 0.35475796461105347
0.11655770987272263 0.3829791247844696 0.16770100593566895 0.4150032103061676
0.10026777535676956 0.2637716829776764 0.1364879459142685 0.30169543623924255
0.09984342008829117 0.2504967153072357 0.2841924726963043 0.3084994852542877
0.05210409313440323 0.3118300139904022 0.08308947831392288 0.33237746357917786
0.012126556597650051 0.3086652457714081 0.030490398406982422 0.32184717059135437
