0.16806161403656006 0.21720515191555023 0.3831180930137634 0.30449390411376953
0.4656752943992615 0.4591905176639557 0.631530225276947 0.5277235507965088
0.15382921695709229 0.40036633610725403 0.21454858779907227 0.43720653653144836
0.10236261039972305 0.32291388511657715 0.14370094239711761 0.3488190174102783
0.12874969840049744 0.21962563693523407 0.18658992648124695 0.25587862730026245
0.07981674373149872 0.28072115778923035 0.11399953067302704 0.3020392954349518
0.06594513356685638 0.36107563972473145 0.10309053957462311 0.3854179382324219
0.07783187925815582 0.31363385915756226 0.11444644629955292 0.3353878855705261
0.04583311080932617 0.31637823581695557 0.07540936768054962 0.33549273014068604
0.02262471430003643 0.3431655466556549 0.04893677681684494 0.3614472448825836
0.028421513736248016 0.31268513202667236 0.04596129059791565 0.32734447717666626
0.466866135597229 0.458751380443573 0.6331535577774048 0.5278939604759216
0.047744810581207275 0.2821255028247833 0.0762709230184555 0.29987630248069763
0.0025803279131650925 0.33208176493644714 0.02610027603805065 0.3493116796016693
0.16850975155830383 0.21762044727802277 0.37955203652381897 0.30504435300827026
