0.7013668417930603 0.14955979585647583 0.9685339331626892 0.2785773277282715
0.12988895177841187 0.21943999826908112 0.1874888837337494 0.25518563389778137
0.4376711845397949 0.1624879390001297 0.5799299478530884 0.24672959744930267
0.07504592090845108 0.36269235610961914 0.11610019952058792 0.38838905096054077
0.03721623122692108 0.31490346789360046 0.06583985686302185 0.3346339166164398
0.27878138422966003 0.43564310669898987 0.359795480966568 0.48072245717048645
0.062126800417900085 0.26456084847450256 0.19565029442310333 0.3101474940776825
0.06389403343200684 0.2644668221473694 0.19534823298454285 0.30984318256378174
0.020929280668497086 0.3420811891555786 0.04754319414496422 0.36257481575012207
0.03246084973216057 0.28404372930526733 0.05982218310236931 0.30075931549072266
0.012921971268951893 0.3132321536540985 0.03128301724791527 0.32747289538383484
0.13190943002700806 0.20440316200256348 0.19656485319137573 0.2557840347290039
