0.2574349045753479 0.3178896903991699 0.33429402112960815 0.358923077583313
0.1417142152786255 0.3917516767978668 0.19669315218925476 0.4273475706577301
0.16406282782554626 0.27337515354156494 0.21771275997161865 0.30388838052749634
0.1913827359676361 0.3209686875343323 0.25567951798439026 0.35586297512054443
0.2876049876213074 0.445269912481308 0.3869069814682007 0.49283668398857117
0.11349225044250488 0.27912306785583496 0.1547616422176361 0.30394601821899414
0.1297910064458847 0.2219514399766922 0.18767179548740387 0.25541070103645325
0.11690714955329895 0.3224644958972931 0.16101890802383423 0.3477652966976166
0.07121483981609344 0.36183246970176697 0.10575133562088013 0.38531938195228577
0.07523095607757568 0.3162461817264557 0.1079137921333313 0.33908334374427795
0.03734390437602997 0.34754008054733276 0.06701865047216415 0.36727917194366455
0.3647248148918152 0.002555377781391144 0.9459105134010315 0.2522856891155243
0.03754701837897301 0.27974754571914673 0.07144089043140411 0.3022323250770569
0.010625146329402924 0.3423456847667694 0.03224946931004524 0.3586288392543793
0.041567593812942505 0.31616488099098206 0.06877002120018005 0.33319225907325745
0.3551056385040283 0.0010436847805976868 0.984261155128479 0.246904194355011
0.018012721091508865 0.3126581013202667 0.03739682212471962 0.32844582200050354
0.13155029714107513 0.20366109907627106 0.19920672476291656 0.2557540535926819
0.0037049204111099243 0.24445536732673645 0.19726358354091644 0.40958598256111145
