0.3418731093406677 0.2951848804950714 0.4567498564720154 0.35340616106987
0.14399173855781555 0.27712905406951904 0.19317814707756042 0.30435729026794434
0.340717077255249 0.4497128427028656 0.4613485336303711 0.503449559211731
0.17043662071228027 0.4030936062335968 0.2355928122997284 0.44362184405326843
0.25553280115127563 0.3133988380432129 0.335938036441803 0.3557429313659668
0.20377081632614136 0.2654609680175781 0.2656630873680115 0.30215948820114136
0.12908045947551727 0.22165939211845398 0.18773843348026276 0.2553721070289612
0.15015381574630737 0.3213893175125122 0.20316371321678162 0.3527247905731201
0.09022451937198639 0.3677918612957001 0.12841545045375824 0.394618958234787
0.052096761763095856 0.3539945185184479 0.08557549864053726 0.37452563643455505
0.05788502097129822 0.317291259765625 0.089241623878479 0.33862823247909546
0.0992112085223198 0.31860700249671936 0.13624298572540283 0.34375402331352234
0.5268408060073853 0.0 0.9990291595458984 0.1888371706008911
0.5297726392745972 0.000880807638168335 1.0 0.18777690827846527
0.05547988414764404 0.2813190221786499 0.09268161654472351 0.3035513162612915
0.04177892953157425 0.28115496039390564 0.0818953663110733 0.3034442365169525
0.026832599192857742 0.31355559825897217 0.05333501473069191 0.33367955684661865
0.021387001499533653 0.34513166546821594 0.04501117765903473 0.36148765683174133
0.03965374082326889 0.28142911195755005 0.0670422613620758 0.3037179708480835
0.13198786973953247 0.20460526645183563 0.19879862666130066 0.2551115155220032
0.002817004919052124 0.02906087040901184 0.8215947151184082 0.8903540372848511
0.0079518286511302 0.3109820485115051 0.026011571288108826 0.32611656188964844
0.3407866954803467 0.44982388615608215 0.46103209257125854 0.5033084750175476
