0.5627734661102295 0.21164032816886902 0.7768080234527588 0.31448546051979065
0.3523370325565338 0.2097611129283905 0.45957592129707336 0.26999858021736145
0.45053690671920776 0.4526488780975342 0.6204813122749329 0.5205068588256836
0.28000181913375854 0.3126678764820099 0.3673087954521179 0.3584769666194916
0.12921655178070068 0.22217881679534912 0.18716362118721008 0.25557851791381836
0.24856500327587128 0.25718817114830017 0.32362037897109985 0.2986356317996979
0.14414608478546143 0.3889264166355133 0.19606730341911316 0.4224308431148529
0.11712853610515594 0.2784762382507324 0.16443248093128204 0.3072226047515869
0.10864455997943878 0.32242047786712646 0.15175582468509674 0.3472241163253784
0.25795984268188477 0.4346136450767517 0.3450256586074829 0.48139846324920654
0.17165911197662354 0.3201122581958771 0.23304662108421326 0.3555014431476593
0.0638529434800148 0.3211022615432739 0.09710190445184708 0.34290605783462524
0.09309878945350647 0.37049180269241333 0.1347724199295044 0.39686399698257446
0.28694847226142883 0.4388922452926636 0.34601590037345886 0.4825880527496338
0.049270350486040115 0.35546979308128357 0.07737389206886292 0.3763878047466278
0.09192676842212677 0.28027987480163574 0.11843124032020569 0.3052266836166382
0.012416869401931763 0.03611570596694946 0.8214452266693115 0.8194630742073059
0.049788810312747955 0.2827473282814026 0.08060050755739212 0.3019867539405823
0.03132862225174904 0.3148718476295471 0.05933002755045891 0.3338173031806946
0.09309878945350647 0.37049180269241333 0.1347724199295044 0.39686399698257446
0.004860918968915939 0.3367185592651367 0.022913075983524323 0.3515338897705078
0.3675447106361389 0.8425396680831909 0.6020963788032532 0.9643334150314331
0.45053690671920776 0.4526488780975342 0.6204813122749329 0.5205068588256836
0.3675447106361389 0.8425396680831909 0.6020963788032532 0.9643334150314331
0.01612161099910736 0.28456592559814453 0.0338178351521492 0.2993985414505005
0.006861387751996517 0.3097675144672394 0.025737173855304718 0.3245522081851959
0.1302025467157364 0.20537933707237244 0.19945116341114044 0.2559436559677124
