0.26359736919403076 0.2479361891746521 0.35415780544281006 0.2960262894630432
0.3853059411048889 0.2917531728744507 0.520795464515686 0.353912353515625
0.1914817988872528 0.33227303624153137 0.2546217143535614 0.3656291663646698
0.18121962249279022 0.40598952770233154 0.2423003762960434 0.44434666633605957
0.4914143979549408 0.12999950349330902 0.6682105660438538 0.23062019050121307
0.12828443944454193 0.20714117586612701 0.18975843489170074 0.25671231746673584
0.2986659109592438 0.44663137197494507 0.3956305682659149 0.49870193004608154
0.41758623719215393 0.4560808539390564 0.5747928619384766 0.5195676684379578
0.06360107660293579 0.3601890504360199 0.09961648285388947 0.3840709626674652
0.11920267343521118 0.38632455468177795 0.16560286283493042 0.4140622317790985
0.23945418000221252 0.4256659746170044 0.3159811794757843 0.4695810079574585
0.6974194049835205 0.1716550588607788 0.9904801845550537 0.3027005195617676
0.6981589794158936 0.1719629019498825 0.9889572858810425 0.30303728580474854
0.014636576175689697 0.0522804856300354 0.8373100161552429 0.8555558323860168
0.0366557314991951 0.3147720396518707 0.08263494819402695 0.3473832309246063
0.03566285967826843 0.31530919671058655 0.08588019013404846 0.34843602776527405
0.00970395840704441 0.3422549068927765 0.04302072525024414 0.3622641861438751
0.41758623719215393 0.4560808539390564 0.5747928619384766 0.5195676684379578
0.07223116606473923 0.3164616525173187 0.12728406488895416 0.3515165150165558
0.7121079564094543 0.4404180645942688 1.0 0.5402543544769287
0.4914143979549408 0.12999950349330902 0.6682105660438538 0.23062019050121307
0.24144211411476135 0.424725204706192 0.31699392199516296 0.4699086844921112
0.052822474390268326 0.31572967767715454 0.12384641170501709 0.35089170932769775
