0.16222557425498962 0.39928996562957764 0.2202325165271759 0.4359162449836731
0.31450599431991577 0.22615885734558105 0.4122987389564514 0.28207075595855713
0.39132383465766907 0.2963005006313324 0.5145971179008484 0.35820272564888
0.17885015904903412 0.27246683835983276 0.24119742214679718 0.3062521815299988
0.24876046180725098 0.32359087467193604 0.3352625370025635 0.3623772859573364
0.29193371534347534 0.44509387016296387 0.3852514624595642 0.4953234791755676
0.5323262214660645 0.08699122071266174 0.742247462272644 0.20614826679229736
0.6667453050613403 0.7344673871994019 0.9404385089874268 0.8543306589126587
0.403238445520401 0.4561692774295807 0.557922899723053 0.5175721049308777
0.13002192974090576 0.20821993052959442 0.18800517916679382 0.2563237249851227
0.12753599882125854 0.32793331146240234 0.17593607306480408 0.3561895489692688
0.0937037318944931 0.3770613968372345 0.13282731175422668 0.40175947546958923
0.6101049184799194 0.4453530013561249 0.8685406446456909 0.531825602054596
0.8242146968841553 0.12358956038951874 0.9986320734024048 0.2699952721595764
0.22731482982635498 0.42186832427978516 0.30061328411102295 0.4648616313934326
0.009742118418216705 0.3103349208831787 0.0865992084145546 0.34294503927230835
0.017328351736068726 0.07647410035133362 0.8762322664260864 0.8622181415557861
0.6101049184799194 0.4453530013561249 0.8685406446456909 0.531825602054596
0.044298864901065826 0.3533986806869507 0.07549775391817093 0.37401705980300903
0.6667453050613403 0.7344673871994019 0.9404385089874268 0.8543306589126587
0.010408904403448105 0.309775710105896 0.0827571451663971 0.3420843482017517
0.403238445520401 0.4561692774295807 0.557922899723053 0.5175721049308777
0.5323262214660645 0.08699122071266174 0.742247462272644 0.20614826679229736
0.23055100440979004 0.421480268239975 0.3006121516227722 0.46374544501304626
0.0011611459776759148 0.33247002959251404 0.02598574385046959 0.35423341393470764
0.008709609508514404 0.3070465624332428 0.08894701302051544 0.34214940667152405
0.015450522303581238 0.2019708901643753 0.4262535572052002 0.4902423620223999
0.8240857720375061 0.12622079253196716 0.9996594786643982 0.26966890692710876
