0.5334792137145996 0.0935031995177269 0.7360605001449585 0.20664408802986145
0.197360098361969 0.4120970368385315 0.25990524888038635 0.4511833190917969
0.3548472821712494 0.308745414018631 0.46942463517189026 0.3644113838672638
0.31189262866973877 0.4491423964500427 0.4120311141014099 0.5012481808662415
0.4597930610179901 0.45712149143218994 0.6357534527778625 0.527290403842926
0.13047367334365845 0.21192273497581482 0.18975120782852173 0.2571074962615967
0.09212237596511841 0.3718114495277405 0.1363697052001953 0.39910513162612915
0.031274206936359406 0.35383832454681396 0.06831658631563187 0.3731982707977295
0.14961667358875275 0.3975768983364105 0.20168377459049225 0.42888137698173523
0.24752038717269897 0.42832151055336 0.3291604518890381 0.47402235865592957
0.004497170448303223 0.07186019420623779 0.8332407474517822 0.8181177377700806
0.08451272547245026 0.3167293071746826 0.15658660233020782 0.3605400323867798
0.9137670397758484 0.12757828831672668 0.9986808896064758 0.254976749420166
0.06341395527124405 0.31721922755241394 0.0893317237496376 0.33708223700523376
0.007788347080349922 0.3331625163555145 0.03176639974117279 0.35048821568489075
0.24752038717269897 0.42832151055336 0.3291604518890381 0.47402235865592957
0.022417303174734116 0.34380456805229187 0.049172293394804 0.36505070328712463
0.08466781675815582 0.3165537118911743 0.1519898921251297 0.3599013090133667
0.08451272547245026 0.3167293071746826 0.15658660233020782 0.3605400323867798
0.09907795488834381 0.3165389597415924 0.20191054046154022 0.3621900975704193
0.09907795488834381 0.3165389597415924 0.20191054046154022 0.3621900975704193
0.02741108648478985 0.3476284444332123 0.058744706213474274 0.370520681142807
