0.49298906326293945 0.7933769226074219 0.7094599008560181 0.9160927534103394
0.20304027199745178 0.3257802724838257 0.27532729506492615 0.3635050654411316
0.2870102524757385 0.44026702642440796 0.37431061267852783 0.4876241683959961
0.3891637921333313 0.46018946170806885 0.5166369676589966 0.5173197388648987
0.12986937165260315 0.20961450040340424 0.1890074610710144 0.2565724849700928
0.4228346347808838 0.20242644846439362 0.737859845161438 0.33569401502609253
0.2164038121700287 0.42064738273620605 0.28713205456733704 0.464488685131073
0.13590840995311737 0.38839417695999146 0.1913280338048935 0.41978543996810913
0.057741597294807434 0.3588559627532959 0.09391988813877106 0.38066691160202026
0.07239630818367004 0.3718487024307251 0.12105455994606018 0.39746707677841187
0.03461732715368271 0.34496164321899414 0.06807061284780502 0.36445122957229614
0.5532233715057373 0.4531775712966919 0.7804594039916992 0.538273811340332
0.030247734859585762 0.31687724590301514 0.05771676450967789 0.33412402868270874
0.00819223653525114 0.3106786608695984 0.035356681793928146 0.3269761800765991
0.17679910361766815 0.4076535105705261 0.23741383850574493 0.443519651889801
0.012040853500366211 0.06564679741859436 0.8606175780296326 0.8510755300521851
0.21615886688232422 0.4206863343715668 0.28683197498321533 0.46485283970832825
0.17550286650657654 0.40582868456840515 0.23730802536010742 0.44671425223350525
0.3883398771286011 0.4602525234222412 0.5168849229812622 0.5174211859703064
