0.15408816933631897 0.3237001299858093 0.20955300331115723 0.3554890751838684
0.3678929805755615 0.45733770728111267 0.4864691495895386 0.514021635055542
0.13024558126926422 0.21008050441741943 0.1896265596151352 0.2562430202960968
0.12804889678955078 0.38564881682395935 0.18146926164627075 0.4163549244403839
0.06544817984104156 0.3670019805431366 0.10881239175796509 0.390534907579422
0.24254164099693298 0.2777419090270996 0.48346593976020813 0.3672747015953064
0.5343074798583984 0.45918241143226624 0.742300271987915 0.5367023944854736
0.049788378179073334 0.3555677533149719 0.08187595754861832 0.374930739402771
0.20807170867919922 0.41772720217704773 0.27761411666870117 0.45979544520378113
0.26952028274536133 0.43392348289489746 0.35217440128326416 0.48155897855758667
0.17879508435726166 0.4060097634792328 0.23067082464694977 0.4422912299633026
0.029100829735398293 0.34184199571609497 0.0592472180724144 0.35996586084365845
0.26952028274536133 0.43392348289489746 0.35217440128326416 0.48155897855758667
0.01740058697760105 0.31434911489486694 0.0406809076666832 0.33041447401046753
0.012005656957626343 0.02157759666442871 0.9152123928070068 0.8850448727607727
0.3677580952644348 0.4577036499977112 0.4858282804489136 0.5139429569244385
0.24254164099693298 0.2777419090270996 0.48346593976020813 0.3672747015953064
0.2105061411857605 0.4170726537704468 0.27537477016448975 0.45783931016921997
0.5343074798583984 0.45918241143226624 0.742300271987915 0.5367023944854736
