0.17639899253845215 0.32465699315071106 0.2392342984676361 0.35879626870155334
0.38001683354377747 0.45754772424697876 0.5022382140159607 0.5157251954078674
0.12996616959571838 0.21005091071128845 0.18846485018730164 0.25628626346588135
0.42098113894462585 0.8507124781608582 0.6002394556999207 0.9579010605812073
0.06767252832651138 0.36946916580200195 0.11437539011240005 0.39446699619293213
0.3105122745037079 0.24991510808467865 0.5909149646759033 0.35793536901474
0.05521208792924881 0.35748034715652466 0.0877411738038063 0.3786507844924927
0.2744462490081787 0.43705514073371887 0.36270058155059814 0.4849407970905304
0.13077527284622192 0.38733744621276855 0.18601900339126587 0.4176722764968872
0.5442589521408081 0.4565199613571167 0.7588677406311035 0.5379050970077515
0.03271947056055069 0.34297239780426025 0.06448714435100555 0.36246758699417114
0.2123204916715622 0.4189823567867279 0.2822864353656769 0.4615897238254547
0.02422332763671875 0.31550127267837524 0.048747412860393524 0.3327605128288269
0.42098113894462585 0.8507124781608582 0.6002394556999207 0.9579010605812073
0.008729308843612671 0.05338108539581299 0.8712145090103149 0.8490590453147888
0.2123204916715622 0.4189823567867279 0.2822864353656769 0.4615897238254547
0.3105122745037079 0.24991510808467865 0.5909149646759033 0.35793536901474
0.17429949343204498 0.40626683831214905 0.23268552124500275 0.44366684556007385
0.27463477849960327 0.4372919797897339 0.36295968294143677 0.4852241277694702
0.17429949343204498 0.40626683831214905 0.23268552124500275 0.44366684556007385
0.0031597288325428963 0.3076002299785614 0.030394360423088074 0.32683637738227844
