0.3435473144054413 0.45383524894714355 0.4547114670276642 0.5090029835700989
0.205180823802948 0.4156098961830139 0.2714904546737671 0.4570091962814331
0.5090770125389099 0.45817896723747253 0.701704204082489 0.530646562576294
0.12853996455669403 0.21998322010040283 0.18686141073703766 0.2554500699043274
0.11890297383069992 0.3822459578514099 0.1686592400074005 0.41211897134780884
0.11315450817346573 0.32085344195365906 0.15369237959384918 0.34873905777931213
0.05039716884493828 0.361360102891922 0.09356717765331268 0.3829210102558136
0.8167601823806763 0.1449032872915268 0.9989957809448242 0.27612507343292236
0.2563590407371521 0.4310484528541565 0.3391280770301819 0.47699326276779175
0.16850674152374268 0.3064139485359192 0.33483076095581055 0.37015587091445923
0.1654292494058609 0.40393516421318054 0.22204618155956268 0.4364106357097626
0.006942301988601685 0.009583890438079834 0.9271328449249268 0.8855665922164917
0.023989923298358917 0.33818286657333374 0.04795733839273453 0.35477906465530396
0.16665706038475037 0.3065166175365448 0.33595970273017883 0.3706556260585785
0.03657321631908417 0.34979310631752014 0.06721935421228409 0.3691128194332123
0.2563590407371521 0.4310484528541565 0.3391280770301819 0.47699326276779175
0.8159888982772827 0.14280623197555542 1.0 0.27728936076164246
0.0029780715703964233 0.30997234582901 0.026367926970124245 0.3268330693244934
