0.4040311872959137 0.4604935646057129 0.5427030324935913 0.5203723907470703
0.3056860864162445 0.4451168477535248 0.4022964537143707 0.4957878887653351
0.2253642976284027 0.42517611384391785 0.298912912607193 0.469070166349411
0.1295098066329956 0.2093641608953476 0.18912452459335327 0.25675565004348755
0.6023807525634766 0.4565419554710388 0.8646365404129028 0.5463417172431946
0.2741425931453705 0.32243895530700684 0.3672344386577606 0.36449241638183594
0.7314372658729553 0.6815192103385925 0.9985144734382629 0.8308183550834656
0.1415991634130478 0.39063769578933716 0.19738130271434784 0.42566853761672974
0.01784614287316799 0.3108421862125397 0.051035866141319275 0.3311462700366974
0.08152960240840912 0.37507328391075134 0.13190042972564697 0.40250876545906067
0.06585648655891418 0.3629368245601654 0.10280463099479675 0.3831566274166107
0.044898755848407745 0.319103479385376 0.07872467488050461 0.33909183740615845
0.007577747106552124 0.04236936569213867 0.9487438201904297 0.825108528137207
0.042994849383831024 0.34829622507095337 0.07830286026000977 0.3681642413139343
0.18315093219280243 0.41091233491897583 0.2421790510416031 0.4449990391731262
0.7314372658729553 0.6815192103385925 0.9985144734382629 0.8308183550834656
0.017099760472774506 0.28332871198654175 0.03994312882423401 0.2989935874938965
0.003885856829583645 0.33350685238838196 0.025474119931459427 0.34920600056648254
0.6023807525634766 0.4565419554710388 0.8646365404129028 0.5463417172431946
