0.36722007393836975 0.4533827006816864 0.48384472727775574 0.5112703442573547
0.14669159054756165 0.32688555121421814 0.1984836459159851 0.35623618960380554
0.1281260848045349 0.21884235739707947 0.1868208944797516 0.2555908262729645
0.2634033262729645 0.4379613399505615 0.34971120953559875 0.48503750562667847
0.5615452527999878 0.4656873047351837 0.7784191370010376 0.5456280708312988
0.15471003949642181 0.39485055208206177 0.21191279590129852 0.429542601108551
0.07974527776241302 0.31831613183021545 0.1319442093372345 0.34284403920173645
0.07248875498771667 0.2773294746875763 0.10749667882919312 0.30103251338005066
0.20795680582523346 0.41876527667045593 0.26778003573417664 0.45439955592155457
0.029209669679403305 0.2838917672634125 0.060212668031454086 0.3038954436779022
0.0889705941081047 0.3707442879676819 0.12830714881420135 0.3930808901786804
0.019271021708846092 0.33935052156448364 0.0529434010386467 0.3607972264289856
0.1037234291434288 0.3851280212402344 0.1574580818414688 0.41401559114456177
0.01058286428451538 0.04162934422492981 0.8584626913070679 0.821541428565979
0.062251538038253784 0.3572639226913452 0.10111665725708008 0.37833380699157715
0.13089710474014282 0.20379775762557983 0.19842606782913208 0.2569754123687744
0.2639583647251129 0.43832626938819885 0.3501960337162018 0.48493692278862
