0.35119572281837463 0.4506608545780182 0.4639267027378082 0.5074300765991211
0.1147855669260025 0.3261060416698456 0.16057206690311432 0.3519071042537689
0.6771606802940369 0.1797407567501068 0.9504663348197937 0.30605584383010864
0.49153831601142883 0.4624786972999573 0.6666262745857239 0.5341395735740662
0.12983617186546326 0.20892301201820374 0.18874198198318481 0.2563358247280121
0.2543809413909912 0.4344310462474823 0.33679401874542236 0.48116186261177063
0.15234771370887756 0.39497098326683044 0.20845910906791687 0.4282130300998688
0.1979241520166397 0.4150400161743164 0.2603077292442322 0.4510054588317871
0.10661357641220093 0.3839167654514313 0.1540672779083252 0.4122389853000641
0.06189708039164543 0.31681013107299805 0.10686999559402466 0.33992457389831543
0.08900696784257889 0.3707190454006195 0.12297388166189194 0.3953862488269806
0.05158897116780281 0.2796236574649811 0.08836810290813446 0.29996153712272644
0.014537759125232697 0.3371235430240631 0.04693449288606644 0.35813000798225403
0.01801307499408722 0.28572025895118713 0.048186302185058594 0.3033581078052521
0.06018124148249626 0.3561329245567322 0.09749999642372131 0.37810462713241577
0.004085838794708252 0.03553414344787598 0.8645150065422058 0.8560703992843628
0.09773258864879608 0.37816712260246277 0.13030853867530823 0.4071557819843292
0.0020472826436161995 0.3059273958206177 0.02527623623609543 0.3217795491218567
0.008709199726581573 0.23349091410636902 0.1949038803577423 0.42265263199806213
