0.2767586410045624 0.4426499307155609 0.36835798621177673 0.4893074929714203
0.39959704875946045 0.45658233761787415 0.5299280881881714 0.5163204073905945
0.20229029655456543 0.3230838179588318 0.2679254710674286 0.3579437732696533
0.12833304703235626 0.21888622641563416 0.18672768771648407 0.25547632575035095
0.11116639524698257 0.32060423493385315 0.17231574654579163 0.3484146296977997
0.1618785858154297 0.3976345360279083 0.22211146354675293 0.43388834595680237
0.21319866180419922 0.4188304841518402 0.2815582752227783 0.4599623382091522
0.026284005492925644 0.34188851714134216 0.0623503215610981 0.3646087348461151
0.095230832695961 0.27655643224716187 0.1421084702014923 0.30222088098526
0.10816211253404617 0.3859001696109772 0.16052253544330597 0.4141997992992401
0.04389689117670059 0.2825002670288086 0.08112221211194992 0.3041418194770813
0.09482736885547638 0.37324944138526917 0.13365262746810913 0.39687952399253845
0.10093367099761963 0.37873536348342896 0.14436490833759308 0.41118258237838745
0.07159659266471863 0.35900282859802246 0.10680153965950012 0.3815215826034546
0.011104732751846313 0.0297507643699646 0.92289137840271 0.8694788813591003
0.0032474705949425697 0.3028109669685364 0.02371373400092125 0.3229064345359802
0.12936045229434967 0.20389626920223236 0.19775430858135223 0.25650009512901306
0.7192860245704651 0.4656684994697571 0.9981462359428406 0.5646912455558777
0.21407164633274078 0.41890090703964233 0.28117653727531433 0.4600372314453125
0.025813769549131393 0.30957356095314026 0.050886135548353195 0.32625290751457214
