0.27610984444618225 0.44090163707733154 0.3635728657245636 0.4879186153411865
0.3897685408592224 0.45594358444213867 0.5157912373542786 0.5148757100105286
0.18639922142028809 0.3239881098270416 0.247915118932724 0.3579293191432953
0.12723563611507416 0.21634334325790405 0.18688122928142548 0.2553296387195587
0.15971413254737854 0.39738377928733826 0.2193399965763092 0.4328863322734833
0.10270379483699799 0.3202081620693207 0.1605585664510727 0.3470313251018524
0.09037024527788162 0.2769373953342438 0.13205043971538544 0.30167636275291443
0.024521606042981148 0.34108227491378784 0.059805527329444885 0.3636507987976074
0.20606660842895508 0.41859087347984314 0.27765974402427673 0.45852920413017273
0.10647241771221161 0.3858828842639923 0.15804629027843475 0.4144205152988434
0.09367026388645172 0.3727611303329468 0.1320512890815735 0.39608234167099
0.03986278176307678 0.28333908319473267 0.07559561729431152 0.3038939833641052
0.6686050295829773 0.46610867977142334 0.98548823595047 0.5638335943222046
0.06627863645553589 0.35891997814178467 0.10409657657146454 0.3812251687049866
0.10082899779081345 0.3801407814025879 0.14608100056648254 0.4116906523704529
0.00892096757888794 0.029305607080459595 0.9072727560997009 0.8083517551422119
0.09712028503417969 0.3742296099662781 0.13598410785198212 0.406707763671875
0.2007407695055008 0.41928696632385254 0.27740174531936646 0.4580651521682739
0.31590738892555237 0.3620353639125824 0.3462201654911041 0.3893333971500397
0.29802757501602173 0.09893687814474106 0.3637741208076477 0.11327558010816574
