0.3234943151473999 0.4529237747192383 0.42531412839889526 0.5017421841621399
0.46775850653648376 0.2561016380786896 0.6141903400421143 0.32869991660118103
0.0975891724228859 0.2809741795063019 0.14969968795776367 0.30940940976142883
0.2357264906167984 0.31610774993896484 0.33114564418792725 0.35892802476882935
0.1995389461517334 0.26669180393218994 0.2724568843841553 0.30388230085372925
0.12845076620578766 0.21970194578170776 0.18670739233493805 0.25576528906822205
0.5714761018753052 0.4726075828075409 0.7747378349304199 0.5539975762367249
0.17945381999015808 0.4042178690433502 0.2440750002861023 0.44346627593040466
0.06978543102741241 0.3118722438812256 0.1027190238237381 0.33328932523727417
0.2446393519639969 0.4301987588405609 0.3170243203639984 0.4718872606754303
0.11078566312789917 0.38813796639442444 0.16792330145835876 0.419034868478775
0.03807985782623291 0.34656932950019836 0.07786906510591507 0.3692181408405304
0.07796431332826614 0.36376118659973145 0.11495973914861679 0.3904023766517639
0.012064844369888306 0.024885177612304688 0.8520231246948242 0.8016544580459595
0.10108406841754913 0.37670278549194336 0.13869783282279968 0.3990015983581543
0.008421048521995544 0.33697426319122314 0.028943177312612534 0.3529183864593506
0.1075059324502945 0.3814210295677185 0.15281884372234344 0.4152145981788635
0.030914010480046272 0.3132980167865753 0.0549393892288208 0.32897958159446716
0.3377949595451355 0.07480093091726303 0.4065982699394226 0.09436545521020889
0.2448888123035431 0.4300013780593872 0.3157872259616852 0.47200191020965576
0.038394611328840256 0.27783888578414917 0.07675895094871521 0.29936110973358154
0.029910419136285782 0.2755080759525299 0.06360168755054474 0.29737797379493713
0.016408728435635567 0.309957891702652 0.05389781296253204 0.32867005467414856
0.10615801811218262 0.37850597500801086 0.1397676020860672 0.4087350070476532
0.009926170110702515 0.23985382914543152 0.20259320735931396 0.4225189983844757
