0.18176895380020142 0.27017995715141296 0.25240829586982727 0.30486616492271423
0.3137952387332916 0.45048415660858154 0.4158302843570709 0.5004150867462158
0.21299804747104645 0.31630590558052063 0.3057357668876648 0.35845747590065
0.41910895705223083 0.2727007567882538 0.5472812652587891 0.3384074866771698
0.17599524557590485 0.40304604172706604 0.24098734557628632 0.44270458817481995
0.08992952108383179 0.2811656892299652 0.14008264243602753 0.3082439601421356
0.12851227819919586 0.22003386914730072 0.18655343353748322 0.25558578968048096
0.5428033471107483 0.4677092730998993 0.7306730151176453 0.5472660064697266
0.06572363525629044 0.3113054037094116 0.09547559171915054 0.3321663737297058
0.2398630678653717 0.42920172214508057 0.31297436356544495 0.470170795917511
0.036600492894649506 0.3460333049297333 0.07626354694366455 0.36897215247154236
0.11045556515455246 0.3872903883457184 0.16728097200393677 0.4181765615940094
0.07617105543613434 0.3632761240005493 0.11368773877620697 0.3893604874610901
0.011741816997528076 0.027055948972702026 0.8295127153396606 0.7927950620651245
0.10704699158668518 0.38227635622024536 0.1549837589263916 0.41489261388778687
0.03258359059691429 0.27640819549560547 0.07225562632083893 0.29891884326934814
0.10004228353500366 0.37593263387680054 0.13817498087882996 0.39949309825897217
0.025114241987466812 0.31173646450042725 0.05030333623290062 0.3286021947860718
0.007012085989117622 0.33605584502220154 0.028366858139634132 0.352299302816391
0.10582098364830017 0.37878862023353577 0.13957805931568146 0.40885964035987854
