0.30519014596939087 0.44890883564949036 0.40635818243026733 0.4997422397136688
0.37840309739112854 0.2865069806575775 0.4929367005825043 0.3444318473339081
0.16640354692935944 0.2714485228061676 0.2339550405740738 0.30506160855293274
0.17362970113754272 0.4020574688911438 0.23841458559036255 0.441932737827301
0.19541116058826447 0.31739529967308044 0.28401896357536316 0.3579804003238678
0.5124480724334717 0.4666358232498169 0.6926288604736328 0.5401077270507812
0.08221708238124847 0.2814143896102905 0.13010376691818237 0.30769211053848267
0.12807385623455048 0.21786826848983765 0.18685926496982574 0.2553505599498749
0.059788841754198074 0.31021827459335327 0.08887247741222382 0.3308747410774231
0.03598910570144653 0.3448692858219147 0.07522554695606232 0.36871084570884705
0.23494483530521393 0.42859014868736267 0.3082437813282013 0.468376487493515
0.11341667175292969 0.38662758469581604 0.16637474298477173 0.41770705580711365
0.07206065207719803 0.36220118403434753 0.11343618482351303 0.3888649046421051
0.014839768409729004 0.010256916284561157 0.860204815864563 0.8511136770248413
0.03314093500375748 0.27784818410873413 0.06650298088788986 0.298289954662323
0.10665295273065567 0.3822523355484009 0.15460526943206787 0.4147058129310608
0.09834949672222137 0.3756589889526367 0.13720253109931946 0.39855557680130005
0.024802789092063904 0.3106631636619568 0.0472407191991806 0.32756054401397705
0.23659366369247437 0.4281756281852722 0.30862337350845337 0.46916282176971436
0.005324096418917179 0.3356171250343323 0.025329753756523132 0.3513708710670471
0.01302865706384182 0.30797338485717773 0.04686305671930313 0.32732802629470825
0.1025240570306778 0.37566038966178894 0.14293178915977478 0.4113750159740448
