0.41722410917282104 0.2598443627357483 0.5466983318328857 0.3290700316429138
0.5284291505813599 0.756818950176239 0.7321733236312866 0.8727819323539734
0.22610856592655182 0.25180330872535706 0.3030542731285095 0.293014794588089
0.7617292404174805 6.794556975364685e-05 0.9992167949676514 0.10046353936195374
0.5181934833526611 0.4606623351573944 0.7081912755966187 0.5286560654640198
0.1495947390794754 0.2717648446559906 0.1975671499967575 0.30060848593711853
0.270027756690979 0.43354809284210205 0.3583536148071289 0.4809839129447937
0.17067095637321472 0.33123835921287537 0.23262563347816467 0.3630591332912445
0.1281920075416565 0.2194547951221466 0.1870470643043518 0.25529295206069946
0.07227339595556259 0.32073861360549927 0.10836794227361679 0.34418559074401855
0.3675037622451782 0.4573529362678528 0.4741351008415222 0.5074582695960999
0.012651294469833374 0.046434372663497925 0.794988751411438 0.8510879278182983
0.15856784582138062 0.40932244062423706 0.23106807470321655 0.44812196493148804
0.1042514368891716 0.37204158306121826 0.1365044116973877 0.39786630868911743
0.05136233568191528 0.31315451860427856 0.08338779211044312 0.33403122425079346
0.019480891525745392 0.31145772337913513 0.041349925100803375 0.32834360003471375
0.0156833715736866 0.34452590346336365 0.039601657539606094 0.36149224638938904
0.13481105864048004 0.38749733567237854 0.16772525012493134 0.41665586829185486
0.11417244374752045 0.3287656307220459 0.1633429378271103 0.3564608693122864
0.06191524118185043 0.35560673475265503 0.10371243208646774 0.37996214628219604
0.15856784582138062 0.40932244062423706 0.23106807470321655 0.44812196493148804
0.12483298033475876 0.38441044092178345 0.16353580355644226 0.4145795702934265
0.3244578242301941 0.2585816979408264 0.38454586267471313 0.27889108657836914
0.04207416623830795 0.35356515645980835 0.06458190828561783 0.3725278973579407
0.3459835350513458 0.2584601640701294 0.4032396376132965 0.27808457612991333
0.13040310144424438 0.20307372510433197 0.19932454824447632 0.2564695477485657
0.06191524118185043 0.35560673475265503 0.10371243208646774 0.37996214628219604
0.10409477353096008 0.32855355739593506 0.14390529692173004 0.35413599014282227
0.009092122316360474 0.24632491171360016 0.22945575416088104 0.43188726902008057
0.3667803704738617 0.45767903327941895 0.4746200144290924 0.5073977112770081
0.34303808212280273 0.2579371929168701 0.4025734066963196 0.2783932089805603
0.09106329083442688 0.3705073297023773 0.13194866478443146 0.3973851501941681
0.31859859824180603 0.25489380955696106 0.36612841486930847 0.27225396037101746
0.0034839147701859474 0.2831915318965912 0.02947390079498291 0.300760954618454
