0.450865775346756 0.4583154618740082 0.5985389947891235 0.5219098925590515
0.23033477365970612 0.422271192073822 0.3050288259983063 0.4665525555610657
0.3557215631008148 0.45320925116539 0.42138680815696716 0.49757638573646545
0.12851698696613312 0.20763655006885529 0.18991659581661224 0.2561311423778534
0.13962042331695557 0.2744278907775879 0.18734034895896912 0.3026390075683594
0.090726837515831 0.2739742696285248 0.12944412231445312 0.2992260754108429
0.10903837531805038 0.32529664039611816 0.14437372982501984 0.3493022322654724
0.40492790937423706 0.02701812982559204 0.4919275641441345 0.05078551173210144
0.11232025921344757 0.3807768225669861 0.15350989997386932 0.41035622358322144
0.1342037320137024 0.3981838524341583 0.19864439964294434 0.43237361311912537
0.06648333370685577 0.32136428356170654 0.10187177360057831 0.34365785121917725
0.030140670016407967 0.3488340377807617 0.053863026201725006 0.3673363924026489
0.08670119941234589 0.3666320741176605 0.12278060615062714 0.38994482159614563
0.21462538838386536 0.31560438871383667 0.2813505530357361 0.3519936203956604
0.31283509731292725 0.21508194506168365 0.4387376308441162 0.2774839997291565
0.019765734672546387 0.015427559614181519 0.8521068692207336 0.8466333150863647
0.031842365860939026 0.3135908544063568 0.054967835545539856 0.3339555561542511
0.05488763749599457 0.3525846004486084 0.09648871421813965 0.37811583280563354
0.32400718331336975 0.4527948200702667 0.379930704832077 0.4898957312107086
0.1342037320137024 0.3981838524341583 0.19864439964294434 0.43237361311912537
0.3231341540813446 0.45145684480667114 0.4155132472515106 0.4965159296989441
0.3131287395954132 0.21454717218875885 0.43828609585762024 0.2777709364891052
0.004081755876541138 0.3375290334224701 0.025928020477294922 0.3565264046192169
0.04585656896233559 0.3182954788208008 0.073468416929245 0.3403189778327942
0.05135536193847656 0.31955358386039734 0.08409355580806732 0.3421039879322052
0.21427513659000397 0.3191729187965393 0.24434049427509308 0.3479319214820862
0.03948532044887543 0.3164418339729309 0.06256810575723648 0.3370778560638428
0.15028947591781616 0.30344241857528687 0.1947196125984192 0.3193323612213135
0.027621934190392494 0.31086912751197815 0.05068941414356232 0.32885339856147766
0.00307454913854599 0.2514815032482147 0.18956729769706726 0.4222041666507721
0.3068274259567261 0.44746577739715576 0.3380824327468872 0.46778732538223267
0.4475924074649811 0.46148258447647095 0.5139622688293457 0.5098693370819092
0.129752978682518 0.22433233261108398 0.18679533898830414 0.2551764249801636
