0.4027402698993683 0.8712843656539917 0.5249730944633484 0.9593367576599121
0.47733718156814575 0.4590074419975281 0.6444332003593445 0.5286270976066589
0.2461000680923462 0.4279397130012512 0.3298632502555847 0.47154486179351807
0.2768176794052124 0.3034485876560211 0.36227989196777344 0.34797683358192444
0.17169569432735443 0.26819685101509094 0.22969935834407806 0.30021485686302185
0.1294788271188736 0.22139433026313782 0.18672631680965424 0.25549715757369995
0.34602728486061096 0.455165296792984 0.4423297345638275 0.5007104873657227
0.11330227553844452 0.27541446685791016 0.15324370563030243 0.30034929513931274
0.11836249381303787 0.38275468349456787 0.15944448113441467 0.41410118341445923
0.1289028376340866 0.32940971851348877 0.17545948922634125 0.3565768599510193
0.0861758142709732 0.36779412627220154 0.12807586789131165 0.3922910988330841
0.12772136926651 0.20556753873825073 0.1926788091659546 0.2566520869731903
0.14292089641094208 0.40185102820396423 0.20986567437648773 0.43760499358177185
0.09025030583143234 0.324547678232193 0.1238771602511406 0.34829583764076233
0.426691472530365 0.012679340317845345 0.5158100724220276 0.034906499087810516
0.03697454184293747 0.3118022382259369 0.06536368280649185 0.33262965083122253
0.01066239271312952 0.34267672896385193 0.031008858233690262 0.3581627309322357
0.0530872717499733 0.3194120526313782 0.08264779299497604 0.34187060594558716
0.43276140093803406 0.14282891154289246 0.6137272119522095 0.2354300320148468
0.43276140093803406 0.14282891154289246 0.6137272119522095 0.2354300320148468
0.05734344571828842 0.3541232645511627 0.09927079826593399 0.3784516155719757
0.14292089641094208 0.40185102820396423 0.20986567437648773 0.43760499358177185
0.06440599262714386 0.32216694951057434 0.09681344032287598 0.34488794207572937
0.03427187353372574 0.35142332315444946 0.0571078360080719 0.3680049180984497
0.01577135920524597 0.040931105613708496 0.7300533056259155 0.7932689189910889
0.010887465439736843 0.3105551302433014 0.03069213032722473 0.32573601603507996
0.4330839514732361 0.14255230128765106 0.6135459542274475 0.23476271331310272
0.47733718156814575 0.4590074419975281 0.6444332003593445 0.5286270976066589
