0.6958230137825012 0.12827461957931519 0.9700562357902527 0.2638585865497589
0.28988125920295715 0.4389598071575165 0.38310471177101135 0.4861631691455841
0.31942999362945557 0.21706807613372803 0.41376936435699463 0.27430853247642517
0.19772668182849884 0.26007503271102905 0.2590402662754059 0.29836374521255493
0.12950590252876282 0.20769774913787842 0.18965566158294678 0.2567804753780365
0.3892843425273895 0.46048682928085327 0.5071378946304321 0.5121045708656311
0.2396637201309204 0.32515421509742737 0.31545430421829224 0.3641234338283539
0.5499150156974792 0.4592023491859436 0.7522708773612976 0.5364084243774414
0.014020055532455444 0.06630492210388184 0.8469061851501465 0.766799807548523
0.031963497400283813 0.31359508633613586 0.055370546877384186 0.3304063379764557
0.09602683782577515 0.324411541223526 0.1404733806848526 0.34923383593559265
0.06910669803619385 0.3157739043235779 0.10592673718929291 0.33840590715408325
0.13782964646816254 0.39029601216316223 0.17724670469760895 0.4189237058162689
0.8143494129180908 0.667401909828186 1.0 0.7979124784469604
0.010432671755552292 0.28207024931907654 0.0467778705060482 0.30155572295188904
0.1753186136484146 0.4192165434360504 0.25376299023628235 0.4574384391307831
0.14588314294815063 0.3310604989528656 0.2165687084197998 0.3649613559246063
0.09949745982885361 0.3737528920173645 0.14417004585266113 0.4035056233406067
0.020541995763778687 0.34493350982666016 0.049355268478393555 0.3641682267189026
0.0696297138929367 0.35845330357551575 0.11103306710720062 0.38332030177116394
0.1749076545238495 0.41827356815338135 0.25333669781684875 0.4594406485557556
0.04664945974946022 0.35604697465896606 0.07053332775831223 0.37466830015182495
0.23466995358467102 0.3275914192199707 0.2819945514202118 0.3617023229598999
0.5862340331077576 0.14720050990581512 0.6904374957084656 0.18088461458683014
0.3887125551700592 0.46033769845962524 0.5067414045333862 0.5123618841171265
0.5585576295852661 0.1581125110387802 0.6433234214782715 0.19188816845417023
0.813983142375946 0.6671713590621948 1.0 0.7971844673156738
0.5496630072593689 0.46011480689048767 0.7550519108772278 0.5368301272392273
0.04881003499031067 0.08328703045845032 0.9664090871810913 0.9431830644607544
0.14703388512134552 0.3311041295528412 0.21599291265010834 0.365116149187088
0.5800222754478455 0.5528631210327148 0.6532633900642395 0.6036344766616821
0.5577322244644165 0.14821258187294006 0.6851634979248047 0.1940293312072754
0.0696297138929367 0.35845330357551575 0.11103306710720062 0.38332030177116394
0.011518380604684353 0.3107939064502716 0.0322515107691288 0.32713380455970764
