0.1294216364622116 0.2123294323682785 0.18924035131931305 0.25970539450645447
0.18520617485046387 0.2601083815097809 0.2751471996307373 0.3019252121448517
0.038313500583171844 0.30588600039482117 0.07044852524995804 0.32578495144844055
0.05671839043498039 0.2811928391456604 0.1319587379693985 0.31374794244766235
0.023499727249145508 0.3454122245311737 0.054368481040000916 0.3649190366268158
0.0013613700866699219 0.0 1.0 0.9716559648513794
0.0536031611263752 0.28080812096595764 0.13130031526088715 0.3139131963253021
0.00570125225931406 0.33472296595573425 0.02107268199324608 0.3494426906108856
0.08223582804203033 0.28464171290397644 0.1315208226442337 0.3133527934551239
0.011798137798905373 0.28240764141082764 0.02977556176483631 0.2998049855232239
