0.13086624443531036 0.21008668839931488 0.18950070440769196 0.2582740783691406
0.1235077977180481 0.32775428891181946 0.1718522310256958 0.35570260882377625
0.048836372792720795 0.2845122218132019 0.08211026340723038 0.3032878041267395
0.07468800991773605 0.36809247732162476 0.1122225746512413 0.3919943571090698
0.17855294048786163 0.2704865336418152 0.2510159909725189 0.3119801878929138
0.45676669478416443 0.1198764443397522 0.6733715534210205 0.2288171350955963
0.45576781034469604 0.12078366428613663 0.6724079251289368 0.22816714644432068
0.030526846647262573 0.34781792759895325 0.05619029700756073 0.36557647585868835
0.013315503485500813 0.31961122155189514 0.03821585327386856 0.3358840048313141
0.1311172991991043 0.2663101851940155 0.23968233168125153 0.3155553638935089
0.16167771816253662 0.2682853937149048 0.2473703920841217 0.3141047954559326
