0.2667468786239624 0.3118174076080322 0.3625262379646301 0.3575320839881897
0.3281501829624176 0.44695067405700684 0.44014301896095276 0.49863630533218384
0.6914116144180298 0.0004191845655441284 0.9914748668670654 0.1450386494398117
0.1644010692834854 0.32775089144706726 0.22052760422229767 0.3592904508113861
0.12965846061706543 0.20830242335796356 0.1902887523174286 0.25600096583366394
0.09231257438659668 0.2738075852394104 0.15909767150878906 0.3045947551727295
0.44161558151245117 0.4628461003303528 0.5831602811813354 0.5202170610427856
0.08704191446304321 0.3199039399623871 0.12333214282989502 0.34134235978126526
0.45630839467048645 0.2565760016441345 0.6717365980148315 0.3458966612815857
0.05164386332035065 0.31849175691604614 0.07913728058338165 0.3363722562789917
0.21619337797164917 0.4348316490650177 0.308366596698761 0.4825747311115265
0.4550485610961914 0.25704237818717957 0.6708939075469971 0.34621551632881165
0.6782586574554443 0.45945215225219727 0.9608654975891113 0.5525327920913696
0.0402015820145607 0.35347771644592285 0.07162392884492874 0.3741053342819214
0.17484647035598755 0.4024934768676758 0.21233484148979187 0.43296217918395996
0.01339063048362732 0.04036819934844971 0.8547989130020142 0.8169099688529968
0.4550485610961914 0.25704237818717957 0.6708939075469971 0.34621551632881165
0.1600332260131836 0.3997516632080078 0.20884907245635986 0.433053195476532
0.6779700517654419 0.4600749909877777 0.9598743915557861 0.5515575408935547
0.030085228383541107 0.2827097475528717 0.057461246848106384 0.30100348591804504
0.1173708587884903 0.384780615568161 0.17229895293712616 0.41640958189964294
0.08785157650709152 0.3668961524963379 0.13540920615196228 0.39450734853744507
0.017429355531930923 0.34317225217819214 0.03795919567346573 0.3595361113548279
0.6960746049880981 0.0 0.9875562191009521 0.1454557627439499
0.21670909225940704 0.43502292037010193 0.30852651596069336 0.48259589076042175
0.028441758826375008 0.3119429349899292 0.05438072234392166 0.3332051634788513
0.4429575800895691 0.4630666971206665 0.5804901719093323 0.5198442339897156
0.21619337797164917 0.4348316490650177 0.308366596698761 0.4825747311115265
0.06557027250528336 0.36655014753341675 0.08789392560720444 0.3833463191986084
0.03228206932544708 0.3145837187767029 0.06435731798410416 0.334939181804657
0.026046402752399445 0.3462628722190857 0.04936237633228302 0.3656877279281616
0.004341036081314087 0.24656479060649872 0.18539121747016907 0.41060739755630493
0.06639092415571213 0.3640310764312744 0.09610181301832199 0.38552558422088623
