0.31435149908065796 0.31298044323921204 0.4204479455947876 0.36410269141197205
0.3681848645210266 0.4514113664627075 0.4902278780937195 0.5072306990623474
0.15114089846611023 0.3257274925708771 0.20382073521614075 0.3541490137577057
0.12972956895828247 0.20838652551174164 0.18859419226646423 0.25659090280532837
0.2561669647693634 0.2277907431125641 0.37622156739234924 0.29158642888069153
0.6174694299697876 0.1814863383769989 0.8922244310379028 0.3011615574359894
0.08636534959077835 0.27768293023109436 0.12600086629390717 0.30169305205345154
0.1823706179857254 0.4083203375339508 0.2370174080133438 0.44326725602149963
0.08882231265306473 0.32392004132270813 0.13293561339378357 0.3487142026424408
0.009922938421368599 0.3092406690120697 0.04259936511516571 0.3297658860683441
0.05655081942677498 0.3591080605983734 0.08858101069927216 0.38147762417793274
0.023577433079481125 0.34439682960510254 0.050403933972120285 0.3644423484802246
0.09548739343881607 0.36963412165641785 0.14685744047164917 0.39920613169670105
0.5772036910057068 0.4625571370124817 0.7729960083961487 0.5318198800086975
0.009133368730545044 0.024446725845336914 0.8395653963088989 0.8381801843643188
0.05862550064921379 0.3172175884246826 0.09277079999446869 0.34028947353363037
0.014292152598500252 0.28053009510040283 0.0423613116145134 0.2985215187072754
0.2389797866344452 0.44116026163101196 0.3371148407459259 0.48815131187438965
0.5772036910057068 0.4625571370124817 0.7729960083961487 0.5318198800086975
0.14269886910915375 0.3920953571796417 0.19119353592395782 0.42635229229927063
0.2392517328262329 0.4419673979282379 0.3376121520996094 0.4885617792606354
0.5772036910057068 0.4625571370124817 0.7729960083961487 0.5318198800086975
0.23941975831985474 0.4415459930896759 0.33704864978790283 0.48857250809669495
0.2567124664783478 0.22763273119926453 0.37576112151145935 0.2920496165752411
0.07830741256475449 0.36960506439208984 0.10275005549192429 0.39030778408050537
0.03923959285020828 0.3511960804462433 0.06710810959339142 0.3721871078014374
0.6168266534805298 0.1830051988363266 0.8913317918777466 0.3018539845943451
0.003960341215133667 0.19201479852199554 0.37761425971984863 0.49768781661987305
0.007177911698818207 0.23197239637374878 0.2138107419013977 0.4194188714027405
0.18002629280090332 0.4059564769268036 0.22064757347106934 0.4370758831501007
0.09569981694221497 0.36950114369392395 0.14683881402015686 0.39918240904808044
