0.36042699217796326 0.4497148394584656 0.48026129603385925 0.5057455897331238
0.29141178727149963 0.31822577118873596 0.3881560266017914 0.364705890417099
0.5616341233253479 0.20653808116912842 0.7967765927314758 0.31395477056503296
0.1300312578678131 0.20891708135604858 0.188335120677948 0.2569981813430786
0.07845313847064972 0.27911287546157837 0.11537633836269379 0.30138885974884033
0.5476343631744385 0.46331408619880676 0.7295676469802856 0.5318648815155029
0.2265053242444992 0.2415159046649933 0.33804967999458313 0.297394722700119
0.14138798415660858 0.3252671957015991 0.19168852269649506 0.35205942392349243
0.17717209458351135 0.4056539237499237 0.2338259518146515 0.4419696033000946
0.0849112793803215 0.3237319588661194 0.12544472515583038 0.3474727272987366
0.054969366639852524 0.35919469594955444 0.08659358322620392 0.3811562657356262
0.021443549543619156 0.3456888496875763 0.04829691722989082 0.362019807100296
0.00537453405559063 0.3087993562221527 0.038801319897174835 0.32872071862220764
0.007302284240722656 0.03522077202796936 0.8281096816062927 0.8046623468399048
0.23629865050315857 0.44065725803375244 0.3360709846019745 0.4875679016113281
0.23733800649642944 0.4409812092781067 0.33585578203201294 0.48799002170562744
0.09525112062692642 0.36994120478630066 0.14529329538345337 0.3996293842792511
0.05617345869541168 0.31732040643692017 0.08743995428085327 0.3374725580215454
0.14697986841201782 0.39253002405166626 0.18939825892448425 0.4257560968399048
0.038644593209028244 0.3511521518230438 0.06606452167034149 0.3717103898525238
0.5476343631744385 0.46331408619880676 0.7295676469802856 0.5318648815155029
0.01643349602818489 0.2814757823944092 0.039076145738363266 0.2976221442222595
0.13064952194690704 0.3903134763240814 0.1852361112833023 0.4221562445163727
0.07290355116128922 0.3697616457939148 0.09667979925870895 0.38912278413772583
0.0943245068192482 0.36970287561416626 0.14623752236366272 0.39980459213256836
0.002428963780403137 0.1689225286245346 0.3751657009124756 0.4947328567504883
0.0061820149421691895 0.23986968398094177 0.22628754377365112 0.426408976316452
0.5488987565040588 0.46125516295433044 0.7316355109214783 0.5300506353378296
0.2256128489971161 0.24157272279262543 0.33867332339286804 0.2978767156600952
