0.3013293445110321 0.23462232947349548 0.38818684220314026 0.28684893250465393
0.3522898554801941 0.31134748458862305 0.46337175369262695 0.3625136613845825
0.09002499282360077 0.272926926612854 0.12968046963214874 0.3012465834617615
0.12895716726779938 0.20790699124336243 0.18889756500720978 0.2558090388774872
0.6044474840164185 0.4653300344944 0.8749659061431885 0.550366997718811
0.212299644947052 0.3317379951477051 0.29038310050964355 0.3672439455986023
0.148305743932724 0.32883793115615845 0.19954913854599 0.35798585414886475
0.22272920608520508 0.42246222496032715 0.2928510904312134 0.46634554862976074
0.2959638237953186 0.4556386172771454 0.4145508408546448 0.5108715891838074
0.9093124866485596 0.1432698369026184 0.9992374181747437 0.27197304368019104
0.05715165659785271 0.3158288598060608 0.10967198014259338 0.3421522378921509
0.07015107572078705 0.3648756444454193 0.10146214067935944 0.38816753029823303
0.017157286405563354 0.01874902844429016 0.8598099946975708 0.5865257978439331
0.054685771465301514 0.281613290309906 0.08505499362945557 0.3019261956214905
0.010112411342561245 0.31220683455467224 0.03353797271847725 0.3273402750492096
0.16152897477149963 0.4026864171028137 0.22625496983528137 0.43924570083618164
0.11152416467666626 0.3777310252189636 0.16900113224983215 0.4123607873916626
0.0014767944812774658 0.01895621418952942 0.9577653408050537 0.8628292083740234
0.05433342978358269 0.35704001784324646 0.08234426379203796 0.38038668036460876
0.09271569550037384 0.3741176426410675 0.11957164108753204 0.3976857364177704
0.009511749260127544 0.2854505777359009 0.037155769765377045 0.3016068935394287
0.22189509868621826 0.4225189983844757 0.2923150658607483 0.4666803181171417
0.16121453046798706 0.40260636806488037 0.2267361283302307 0.43923747539520264
0.03701537847518921 0.35086485743522644 0.06643113493919373 0.36969247460365295
0.29540830850601196 0.45543572306632996 0.4148504137992859 0.5109196305274963
0.11057429015636444 0.3777645528316498 0.16871879994869232 0.4124930202960968
0.011830851435661316 0.22872743010520935 0.22041437029838562 0.4213508069515228
0.018288567662239075 0.1848132312297821 0.38065415620803833 0.49558141827583313
