0.26145967841148376 0.24455370008945465 0.3460615575313568 0.2919539213180542
0.4811913073062897 0.27547261118888855 0.654810905456543 0.34958598017692566
0.42500415444374084 0.472420871257782 0.602292001247406 0.5349752306938171
0.16080275177955627 0.2749684751033783 0.21482029557228088 0.3056574761867523
0.32231712341308594 0.3182476758956909 0.42287033796310425 0.3660880923271179
0.3169096112251282 0.45074352622032166 0.4121265411376953 0.5026474595069885
0.12904900312423706 0.2202039211988449 0.1872580647468567 0.255418062210083
0.07256245613098145 0.3201853930950165 0.10772968828678131 0.34051135182380676
0.06208449602127075 0.2792431712150574 0.10140678286552429 0.30085641145706177
0.14311307668685913 0.39061984419822693 0.20767614245414734 0.43102285265922546
0.07472281903028488 0.36834007501602173 0.11109816282987595 0.39328867197036743
0.10389923304319382 0.3798266351222992 0.14182166755199432 0.4060210883617401
0.05954599380493164 0.35894978046417236 0.08898112177848816 0.38115495443344116
0.14306233823299408 0.32317107915878296 0.21685169637203217 0.3567013144493103
0.017554551362991333 0.034487128257751465 0.8120810985565186 0.8250745534896851
0.2149462252855301 0.42363932728767395 0.2969611883163452 0.46762576699256897
0.14225360751152039 0.32248204946517944 0.21738258004188538 0.3587683439254761
0.2149462252855301 0.42363932728767395 0.2969611883163452 0.46762576699256897
0.042479418218135834 0.35200926661491394 0.07376056909561157 0.3730519711971283
0.4261629283428192 0.4724630117416382 0.6039773225784302 0.5357016324996948
0.1429743617773056 0.39074060320854187 0.20731393992900848 0.4309743344783783
0.9141471982002258 0.12666146457195282 0.9988216757774353 0.260698139667511
0.12982803583145142 0.20378316938877106 0.19635340571403503 0.25581833720207214
0.0058107636868953705 0.283322811126709 0.023604365065693855 0.2989811301231384
0.2149462252855301 0.42363932728767395 0.2969611883163452 0.46762576699256897
0.911719799041748 0.12273330986499786 1.0 0.2618139386177063
