0.5124284029006958 0.262818843126297 0.7012314796447754 0.34446004033088684
0.2870554029941559 0.2335074096918106 0.38188716769218445 0.28741735219955444
0.325895756483078 0.4536598324775696 0.4270279109477997 0.5056677460670471
0.17429718375205994 0.273073673248291 0.23336735367774963 0.30530625581741333
0.33931872248649597 0.31435808539390564 0.44456788897514343 0.36525943875312805
0.4370410442352295 0.4740005433559418 0.6244635581970215 0.5386258959770203
0.12898187339305878 0.20842745900154114 0.18886341154575348 0.25562185049057007
0.0788826048374176 0.3211313486099243 0.11534218490123749 0.34150534868240356
0.06865833699703217 0.2783697545528412 0.10914430022239685 0.30065134167671204
0.10309326648712158 0.3810827136039734 0.14327163994312286 0.40645313262939453
0.07518409937620163 0.3690381944179535 0.11150714010000229 0.3933142125606537
0.05973000079393387 0.35906144976615906 0.08890695124864578 0.381180077791214
0.2252752035856247 0.4265696704387665 0.304967999458313 0.47114673256874084
0.14739404618740082 0.3926740288734436 0.21268852055072784 0.4316893219947815
0.14739404618740082 0.3926740288734436 0.21268852055072784 0.4316893219947815
0.017534643411636353 0.03472062945365906 0.7939627170562744 0.8156981468200684
0.15005330741405487 0.32355067133903503 0.22842206060886383 0.36043670773506165
0.2252752035856247 0.4265696704387665 0.304967999458313 0.47114673256874084
0.1513327658176422 0.3242006301879883 0.22905591130256653 0.3579096794128418
0.042723603546619415 0.35196396708488464 0.07389619946479797 0.37285229563713074
0.15005330741405487 0.32355067133903503 0.22842206060886383 0.36043670773506165
0.2252752035856247 0.4265696704387665 0.304967999458313 0.47114673256874084
0.33931872248649597 0.31435808539390564 0.44456788897514343 0.36525943875312805
0.4370410442352295 0.4740005433559418 0.6244635581970215 0.5386258959770203
0.14739404618740082 0.3926740288734436 0.21268852055072784 0.4316893219947815
