0.12951332330703735 0.2085649073123932 0.188323974609375 0.25645121932029724
0.34599390625953674 0.20186114311218262 0.46915963292121887 0.2684788703918457
0.07884006947278976 0.31801947951316833 0.11520078033208847 0.33971962332725525
0.49464619159698486 0.47428739070892334 0.6647827625274658 0.545122504234314
0.3284848928451538 0.4531403183937073 0.44127070903778076 0.5040571093559265
0.25560706853866577 0.3283649682998657 0.33125466108322144 0.36461085081100464
0.10227398574352264 0.37943026423454285 0.14209595322608948 0.40667083859443665
0.14727261662483215 0.3985768258571625 0.197731614112854 0.4296136200428009
0.07899567484855652 0.3667728900909424 0.10606469213962555 0.3919995427131653
0.05479426681995392 0.3566361963748932 0.08838503062725067 0.3794343173503876
0.7852335572242737 0.15653499960899353 0.9972302317619324 0.2939365804195404
0.04573440924286842 0.27618473768234253 0.10214230418205261 0.3019411563873291
0.7852335572242737 0.15653499960899353 0.9972302317619324 0.2939365804195404
0.21855193376541138 0.4210158884525299 0.3081820607185364 0.47029367089271545
0.365947961807251 0.28548264503479004 0.5230096578598022 0.35671287775039673
0.365947961807251 0.28548264503479004 0.5230096578598022 0.35671287775039673
0.036632150411605835 0.3136373460292816 0.061856888234615326 0.331280380487442
0.21855193376541138 0.4210158884525299 0.3081820607185364 0.47029367089271545
0.018604129552841187 0.028636068105697632 0.8283334970474243 0.8323625326156616
0.04568866640329361 0.27575796842575073 0.10233990103006363 0.3020011782646179
0.005367344245314598 0.31044718623161316 0.03139340877532959 0.32887426018714905
0.36378639936447144 0.28577059507369995 0.520168125629425 0.35665416717529297
0.147385835647583 0.3985637426376343 0.1978132724761963 0.4296749234199524
0.4930383265018463 0.47465595602989197 0.6674178838729858 0.5458009243011475
0.3284848928451538 0.4531403183937073 0.44127070903778076 0.5040571093559265
0.030568532645702362 0.2822340130805969 0.04782101511955261 0.29879510402679443
0.3272905945777893 0.4530680179595947 0.44148266315460205 0.5040777325630188
0.21855193376541138 0.4210158884525299 0.3081820607185364 0.47029367089271545
