0.4328081011772156 0.15510329604148865 0.5928931832313538 0.24476119875907898
0.1269158571958542 0.22201383113861084 0.1861204355955124 0.2555689811706543
0.09103263914585114 0.31954726576805115 0.13047242164611816 0.3434152901172638
0.2751758098602295 0.3292886018753052 0.3575397729873657 0.3676179051399231
0.3425409197807312 0.45456865429878235 0.46518802642822266 0.5094983577728271
0.22578595578670502 0.42422232031822205 0.3212902545928955 0.4729004204273224
0.5415005683898926 0.4781718850135803 0.7377644777297974 0.5489093661308289
0.3900265395641327 0.2715608477592468 0.5676384568214417 0.3540921211242676
0.05582278221845627 0.27509400248527527 0.11335780471563339 0.3024045526981354
0.10535112768411636 0.38213807344436646 0.14453443884849548 0.4089966416358948
0.8423763513565063 0.1508926898241043 0.9983528852462769 0.2819836139678955
0.1503882259130478 0.4005948305130005 0.2030738741159439 0.43145543336868286
0.34292757511138916 0.45474278926849365 0.4643091559410095 0.5092402696609497
0.054601676762104034 0.35718438029289246 0.08826854079961777 0.37986472249031067
0.04339643567800522 0.3140898644924164 0.07361653447151184 0.3328773081302643
0.03072557970881462 0.2747654616832733 0.05655935779213905 0.2981014549732208
0.078712597489357 0.3680247664451599 0.10696728527545929 0.393132746219635
0.8423763513565063 0.1508926898241043 0.9983528852462769 0.2819836139678955
0.3900265395641327 0.2715608477592468 0.5676384568214417 0.3540921211242676
0.013486713171005249 0.04957816004753113 0.8399194478988647 0.8237806558609009
0.15051999688148499 0.4007108807563782 0.20289233326911926 0.4313684105873108
0.004092717543244362 0.3096742033958435 0.03862260282039642 0.3300580382347107
0.05541035532951355 0.2747918665409088 0.11342830955982208 0.30236539244651794
0.40213537216186523 0.27339670062065125 0.5682024955749512 0.3483522832393646
0.2253780961036682 0.4242214262485504 0.32210731506347656 0.4727648198604584
0.003907158970832825 0.23701892793178558 0.17046818137168884 0.4185054898262024
