0.24738197028636932 0.2488556057214737 0.32562220096588135 0.2957753539085388
0.20638245344161987 0.41441190242767334 0.26660194993019104 0.4575706124305725
0.1283368021249771 0.22150439023971558 0.18654437363147736 0.25588318705558777
0.31279313564300537 0.32816243171691895 0.411202609539032 0.37554121017456055
0.21808333694934845 0.3283015191555023 0.2876931130886078 0.36537787318229675
0.4886554181575775 0.2740483283996582 0.6402230262756348 0.34903955459594727
0.5083025097846985 0.04253391921520233 0.8038904070854187 0.19221040606498718
0.6439434289932251 0.44692862033843994 0.989001989364624 0.5504887104034424
0.14972296357154846 0.3976954519748688 0.19535669684410095 0.42836031317710876
0.053422629833221436 0.31765905022621155 0.08312098681926727 0.33679553866386414
0.6829728484153748 0.13327287137508392 0.9986687302589417 0.2934790849685669
0.10055287182331085 0.2791518270969391 0.1432964950799942 0.3035205900669098
0.30744045972824097 0.06622720509767532 0.37109440565109253 0.08228633552789688
0.11062683165073395 0.3807833790779114 0.1552945226430893 0.4135361313819885
0.3109706938266754 0.44955652952194214 0.4009239375591278 0.4937353730201721
0.02407090738415718 0.346256822347641 0.05479158088564873 0.3663388788700104
0.027105223387479782 0.31652727723121643 0.049261193722486496 0.3332822024822235
0.053578250110149384 0.35479483008384705 0.09165164083242416 0.3750292956829071
0.042908646166324615 0.2809011936187744 0.07137931138277054 0.30088359117507935
0.689986526966095 0.13202117383480072 0.9990469813346863 0.29286253452301025
0.12181676924228668 0.32616180181503296 0.16707603633403778 0.35450196266174316
0.1686006486415863 0.3307224214076996 0.21670487523078918 0.3607865869998932
0.12063734978437424 0.3261520564556122 0.1528770625591278 0.35000404715538025
0.009023159742355347 0.09592929482460022 0.995373010635376 0.8804928064346313
0.5123146772384644 0.04274243861436844 0.8084458112716675 0.19215506315231323
0.007944371551275253 0.3369315266609192 0.03081756830215454 0.3574337959289551
0.7017650604248047 0.1348288357257843 0.9970812797546387 0.2855002284049988
0.04903796315193176 0.09129944443702698 0.9470990896224976 0.5967836380004883
0.01951395347714424 0.284599244594574 0.04037337750196457 0.2992274761199951
0.4867549240589142 0.2734875977039337 0.6415853500366211 0.3491046726703644
0.6415956020355225 0.4477343261241913 0.9890289306640625 0.5498863458633423
0.12616781890392303 0.3269475996494293 0.19375558197498322 0.3595316708087921
0.0046274736523628235 0.22609886527061462 0.222047358751297 0.423307329416275
0.310052752494812 0.4513903260231018 0.3985344171524048 0.4928099513053894
0.005125224590301514 0.31043198704719543 0.022982221096754074 0.3259488642215729
