0.5144938230514526 0.2624585032463074 0.6842197179794312 0.34212803840637207
0.2537826895713806 0.43067917227745056 0.3286726474761963 0.4770457446575165
0.40594691038131714 0.1710319221019745 0.5367649793624878 0.2507539987564087
0.12784698605537415 0.221949964761734 0.18621748685836792 0.2557680308818817
0.35420361161231995 0.3219802975654602 0.46575137972831726 0.3741481304168701
0.17803463339805603 0.4078488349914551 0.22764375805854797 0.4424477815628052
0.26024314761161804 0.32620927691459656 0.33663448691368103 0.36557987332344055
0.08011946082115173 0.2786518633365631 0.11495256423950195 0.3007526099681854
0.16878148913383484 0.2725644111633301 0.22393181920051575 0.30437415838241577
0.03963392972946167 0.35337284207344055 0.07206220179796219 0.37417784333229065
0.08606654405593872 0.32197248935699463 0.11933444440364838 0.34432536363601685
0.40748363733291626 0.462683767080307 0.5392486453056335 0.5167884230613708
0.7658255100250244 0.10690335184335709 0.9953774213790894 0.28123587369918823
0.052011556923389435 0.3175497353076935 0.08318758755922318 0.33953216671943665
0.13418710231781006 0.3897347152233124 0.18375805020332336 0.42482349276542664
0.07730522751808167 0.3625890016555786 0.11780202388763428 0.3845214247703552
0.04294411838054657 0.2803947925567627 0.07181345671415329 0.300825834274292
0.40748363733291626 0.462683767080307 0.5392486453056335 0.5167884230613708
0.02250509336590767 0.3440605401992798 0.046118784695863724 0.3645944595336914
0.014166712760925293 0.01860925555229187 0.9157673716545105 0.9005844593048096
0.01971452683210373 0.3136672079563141 0.05036801099777222 0.3316168487071991
0.14652909338474274 0.3285481035709381 0.17928795516490936 0.35447952151298523
0.17704516649246216 0.3262944221496582 0.25500980019569397 0.3601331114768982
0.43024173378944397 0.8895909190177917 0.5529277324676514 0.9803504347801208
0.2837328612804413 0.09432438015937805 0.34302791953086853 0.11031466722488403
0.14949849247932434 0.32870110869407654 0.19988229870796204 0.3559935986995697
0.13443107903003693 0.3896263539791107 0.1836785227060318 0.42466339468955994
0.15272118151187897 0.3270566165447235 0.22919128835201263 0.35801562666893005
0.016908325254917145 0.3422391712665558 0.042605526745319366 0.3619283139705658
