0.32637134194374084 0.32678383588790894 0.42746177315711975 0.3745229244232178
0.12710587680339813 0.2215086668729782 0.1860736757516861 0.2556639015674591
0.6232287883758545 0.0 0.9967467784881592 0.14483755826950073
0.3355439603328705 0.4532051980495453 0.4342009127140045 0.499213844537735
0.2294139862060547 0.32819217443466187 0.301638126373291 0.3660183548927307
0.21559594571590424 0.41741177439689636 0.2815967798233032 0.4618551433086395
0.49360841512680054 0.27082204818725586 0.6564766764640808 0.3449176549911499
0.28420910239219666 0.23724855482578278 0.3701952397823334 0.28756922483444214
0.1539812684059143 0.39912286400794983 0.2026938498020172 0.4320925176143646
0.6232287883758545 0.0 0.9967467784881592 0.14483755826950073
0.03163214772939682 0.31685465574264526 0.056946828961372375 0.3349711298942566
0.11258169263601303 0.27836188673973083 0.1608075052499771 0.30345430970191956
0.027059845626354218 0.34791237115859985 0.057420387864112854 0.3672633171081543
0.06056680530309677 0.31789058446884155 0.09182951599359512 0.3394736051559448
0.11563106626272202 0.3834109604358673 0.16161659359931946 0.4155981242656708
0.05063103511929512 0.2807500958442688 0.08172179758548737 0.30097973346710205
0.7468140125274658 0.12016268819570541 1.0 0.271273136138916
0.2999383211135864 0.07386862486600876 0.36261117458343506 0.09200035780668259
0.18231624364852905 0.32988449931144714 0.22922825813293457 0.36013975739479065
0.06128701567649841 0.3569987416267395 0.09737889468669891 0.37792032957077026
0.7297478318214417 0.12433411926031113 1.0 0.2815033197402954
0.12622486054897308 0.32737019658088684 0.15638510882854462 0.35126128792762756
0.00290641188621521 0.04642730951309204 0.8989131450653076 0.8946227431297302
0.12882187962532043 0.32738855481147766 0.17316895723342896 0.35417440533638
0.0033509284257888794 0.3376988172531128 0.033838119357824326 0.3574680685997009
0.49360841512680054 0.27082204818725586 0.6564766764640808 0.3449176549911499
0.006316235288977623 0.31036776304244995 0.0295859444886446 0.3274436593055725
0.029019873589277267 0.28426310420036316 0.047751445323228836 0.2993403375148773
0.1536553055047989 0.3288544714450836 0.2254730612039566 0.36066004633903503
0.6841049194335938 0.1499394029378891 0.8932734727859497 0.2969273328781128
