0.3204474449157715 0.32705408334732056 0.41782575845718384 0.3748036026954651
0.2258368730545044 0.3284621834754944 0.29679566621780396 0.36554867029190063
0.4859662652015686 0.2725418210029602 0.6455321907997131 0.3442677855491638
0.21286791563034058 0.416399747133255 0.2749534845352173 0.46026018261909485
0.12876272201538086 0.2177329808473587 0.1890457570552826 0.25510597229003906
0.5535875558853149 0.0005212873220443726 0.9057222604751587 0.1736391931772232
0.2697601020336151 0.24518541991710663 0.34604665637016296 0.2883896231651306
0.3192387819290161 0.4508400559425354 0.4164392352104187 0.4963494539260864
0.1516980230808258 0.3982391357421875 0.20072859525680542 0.43012410402297974
0.11410200595855713 0.38236165046691895 0.1602502465248108 0.4132295250892639
0.1067914217710495 0.2790447473526001 0.15348730981349945 0.30336201190948486
0.05737938731908798 0.3179599344730377 0.08889291435480118 0.3386034667491913
0.7237978577613831 0.1258816123008728 1.0 0.2752641439437866
0.028259672224521637 0.31626632809638977 0.05406905710697174 0.3340745270252228
0.02548174001276493 0.34680870175361633 0.05716024339199066 0.36672332882881165
0.5535875558853149 0.0005212873220443726 0.9057222604751587 0.1736391931772232
0.12429686635732651 0.3269757330417633 0.15722066164016724 0.3516089618206024
0.04593628644943237 0.28200310468673706 0.07708965986967087 0.30041229724884033
0.005333706736564636 0.3366653621196747 0.03212219476699829 0.35728827118873596
0.7032516002655029 0.11923076957464218 0.9990326166152954 0.28257468342781067
0.007484763860702515 0.07720908522605896 0.954497218132019 0.9232298135757446
0.1534656435251236 0.32930704951286316 0.22439347207546234 0.3605428636074066
0.061137571930885315 0.3560387194156647 0.09567198157310486 0.3768177330493927
0.1253424882888794 0.32685354351997375 0.17502722144126892 0.35403111577033997
0.48938852548599243 0.2721174359321594 0.6465196013450623 0.348716139793396
0.18517668545246124 0.3308880925178528 0.22446830570697784 0.3602520823478699
0.30615541338920593 0.07062229514122009 0.36624035239219666 0.08790206909179688
0.2653612196445465 0.2497871369123459 0.32186976075172424 0.29258522391319275
0.02545541524887085 0.06052666902542114 0.8319104909896851 0.6479890942573547
