0.2821568548679352 0.4395720064640045 0.36523452401161194 0.4887184202671051
0.5327249765396118 0.25510144233703613 0.7065812349319458 0.34054410457611084
0.5210279226303101 0.10225766897201538 0.7017483711242676 0.2085910141468048
0.20568963885307312 0.2658575773239136 0.273897647857666 0.3027295470237732
0.1278078705072403 0.221901535987854 0.18615283071994781 0.25577056407928467
0.369497686624527 0.3192986249923706 0.48474881052970886 0.37369775772094727
0.4997873604297638 0.8117150068283081 0.6961696147918701 0.9325485229492188
0.1906816065311432 0.4126353859901428 0.24354594945907593 0.4490000009536743
0.2695864140987396 0.32500559091567993 0.3548869788646698 0.3653813600540161
0.0988946333527565 0.27563321590423584 0.13988319039344788 0.3011464476585388
0.09814601391553879 0.32333189249038696 0.1335761845111847 0.3478967547416687
0.1448061764240265 0.39505040645599365 0.1958160102367401 0.428844153881073
0.46968021988868713 0.46548476815223694 0.6236476898193359 0.5270638465881348
0.04759693890810013 0.3553958833217621 0.07937813550233841 0.3778584897518158
0.4686205983161926 0.4658740758895874 0.6234912276268005 0.5273444652557373
0.011033982038497925 0.049033552408218384 0.8751933574676514 0.8580642938613892
0.21527382731437683 0.3259992003440857 0.27099961042404175 0.3601551055908203
0.06268784403800964 0.31849703192710876 0.09590734541416168 0.34055522084236145
0.05841347575187683 0.28036439418792725 0.0880020260810852 0.30052685737609863
0.08925072103738785 0.36546361446380615 0.1303766965866089 0.39017051458358765
0.8113684058189392 0.09679455310106277 0.9949249625205994 0.26515889167785645
0.029420316219329834 0.31616461277008057 0.06287223100662231 0.3340269923210144
0.01915222965180874 0.34440016746520996 0.05126921087503433 0.3660804033279419
0.15709896385669708 0.3278183043003082 0.21938176453113556 0.3578714430332184
0.4997873604297638 0.8117150068283081 0.6961696147918701 0.9325485229492188
0.369497686624527 0.3192986249923706 0.48474881052970886 0.37369775772094727
0.1579492688179016 0.3292568624019623 0.19781044125556946 0.35564979910850525
0.019817739725112915 0.10301713645458221 0.5948352813720703 0.5396255850791931
0.27574092149734497 0.10373026877641678 0.3343275785446167 0.12013577669858932
