0.15709322690963745 0.3307892680168152 0.21266427636146545 0.3614808917045593
0.13093459606170654 0.20867103338241577 0.18795451521873474 0.2595394253730774
0.6068397760391235 0.0070242732763290405 0.931039571762085 0.16879130899906158
0.06513913720846176 0.2842847406864166 0.10062024742364883 0.3040408790111542
0.2139049768447876 0.25857460498809814 0.29472774267196655 0.307248055934906
0.02102768048644066 0.3190767168998718 0.05020226910710335 0.3376609683036804
0.08780813217163086 0.37535834312438965 0.131438210606575 0.40097707509994507
0.08780813217163086 0.37535834312438965 0.131438210606575 0.40097707509994507
0.043327391147613525 0.35075703263282776 0.06892353296279907 0.37233713269233704
0.6039748191833496 0.006194174289703369 0.9287854433059692 0.16957828402519226
0.16380265355110168 0.2556082010269165 0.2738815248012543 0.31208163499832153
0.16380265355110168 0.2556082010269165 0.2738815248012543 0.31208163499832153
0.21535180509090424 0.25706350803375244 0.2952173352241516 0.3080294728279114
