0.11675241589546204 0.2806282341480255 0.16502487659454346 0.3053276240825653
0.29421088099479675 0.31410250067710876 0.38721486926078796 0.3605593144893646
0.2627388834953308 0.19727909564971924 0.46858054399490356 0.28152701258659363
0.13087746500968933 0.21019519865512848 0.18981635570526123 0.2589477598667145
0.07175541669130325 0.3645196259021759 0.10514167696237564 0.38694849610328674
0.13514389097690582 0.3950798511505127 0.19190047681331635 0.4276466369628906
0.0521763414144516 0.32237857580184937 0.09051832556724548 0.3431396484375
0.0071083130314946175 0.2849956750869751 0.03521097078919411 0.3061560392379761
0.2637560963630676 0.19762852787971497 0.47016555070877075 0.28213852643966675
0.13482169806957245 0.39500492811203003 0.19157926738262177 0.42764538526535034
0.0007532620802521706 0.31044235825538635 0.02186526730656624 0.328351229429245
