0.17704302072525024 0.33062756061553955 0.23820525407791138 0.3646601438522339
0.7095133066177368 0.0 0.9995522499084473 0.1204535961151123
0.13090553879737854 0.20988212525844574 0.18876105546951294 0.26009923219680786
0.07314284145832062 0.283831387758255 0.11166693270206451 0.304244726896286
0.17233218252658844 0.24832724034786224 0.3196614384651184 0.30822283029556274
0.046135783195495605 0.35316163301467896 0.0748567059636116 0.37351202964782715
0.09611441195011139 0.3777567744255066 0.14193832874298096 0.40592604875564575
0.026418153196573257 0.31956079602241516 0.05653317645192146 0.3381328880786896
0.09611441195011139 0.3777567744255066 0.14193832874298096 0.40592604875564575
0.17645782232284546 0.24850915372371674 0.3207324147224426 0.3070659041404724
