0.5769563913345337 0.17101231217384338 0.8303365707397461 0.2909488379955292
0.30737265944480896 0.21010205149650574 0.4255361258983612 0.2763919532299042
0.1258826106786728 0.280061274766922 0.1765444427728653 0.3133508861064911
0.3331475853919983 0.4502311944961548 0.4576737880706787 0.5021560192108154
0.11591063439846039 0.2159017026424408 0.17336596548557281 0.2551742196083069
0.42563101649284363 0.8379230499267578 0.5855223536491394 0.9464074373245239
0.4815918505191803 0.4660612940788269 0.6743127107620239 0.5433701872825623
0.05653100460767746 0.3191470801830292 0.09452038258314133 0.3402387797832489
0.4815918505191803 0.4660612940788269 0.6743127107620239 0.5433701872825623
0.33324354887008667 0.45085999369621277 0.45600032806396484 0.5016645193099976
0.4254498779773712 0.8377597332000732 0.5859854817390442 0.945724606513977
0.576440155506134 0.17099997401237488 0.8297988772392273 0.29110637307167053
