0.26039043068885803 0.631858766078949 0.29913774132728577 0.69000643491745
0.4578709304332733 0.13074101507663727 0.5627202987670898 0.24291710555553436
0.3300277292728424 0.6653910279273987 0.38690927624702454 0.7426560521125793
0.3013962507247925 0.6078360676765442 0.3706006407737732 0.649830162525177
0.15970878303050995 0.5718998908996582 0.18603669106960297 0.605741024017334
0.23654502630233765 0.6151407957077026 0.2742234468460083 0.6681817770004272
0.3359799385070801 0.5623852610588074 0.3915702700614929 0.577563464641571
0.1517629325389862 0.5649413466453552 0.1798393428325653 0.5970028042793274
0.22744573652744293 0.6089879274368286 0.26650065183639526 0.6607722043991089
0.08641117811203003 0.4711155295372009 0.3993237614631653 0.8045693039894104
0.22985681891441345 0.6955788731575012 0.28715041279792786 0.7274442315101624
