0.2604018747806549 0.6313583254814148 0.2991112768650055 0.6895135045051575
0.3297621011734009 0.6646738052368164 0.38707906007766724 0.7422850131988525
0.5604701042175293 0.6201199293136597 0.7142401933670044 0.7176673412322998
0.2382696121931076 0.6156597137451172 0.27454304695129395 0.6692553758621216
0.15902280807495117 0.5717235803604126 0.18635547161102295 0.606961727142334
0.1521085798740387 0.5649557113647461 0.18024086952209473 0.5982100963592529
0.3359428942203522 0.5637237429618835 0.4013465940952301 0.5828147530555725
0.23018038272857666 0.6114362478256226 0.2657739222049713 0.6601566076278687
0.22787339985370636 0.6231632232666016 0.2505733072757721 0.6602705717086792
0.5608087182044983 0.6204349994659424 0.7148413062095642 0.7177175283432007
0.22905324399471283 0.6060115098953247 0.26186513900756836 0.6374300718307495
