0.2604205906391144 0.6311773657798767 0.29894813895225525 0.6890904307365417
0.49166056513786316 0.5139890313148499 0.6031464338302612 0.6383205056190491
0.32976606488227844 0.6644515991210938 0.3869740664958954 0.7422024011611938
0.2381642609834671 0.6156171560287476 0.27446407079696655 0.6692851781845093
0.21488434076309204 0.5681086778640747 0.24810194969177246 0.5929481983184814
0.15945644676685333 0.5725674033164978 0.1864321082830429 0.6071651577949524
0.1517009288072586 0.5646436810493469 0.1790478378534317 0.5959485173225403
0.2300281673669815 0.6111186146736145 0.2656930685043335 0.6604287028312683
0.22836586833000183 0.6234598159790039 0.25082001090049744 0.660209059715271
0.15294024348258972 0.5662636160850525 0.18400126695632935 0.6053209900856018
