0.3297223448753357 0.6650674343109131 0.38724350929260254 0.7423785924911499
0.25981613993644714 0.6310585141181946 0.2988680899143219 0.688858687877655
0.25044965744018555 0.583763837814331 0.2992684841156006 0.6169512271881104
0.44977766275405884 0.3906210660934448 0.5400380492210388 0.47790974378585815
0.15922142565250397 0.570520281791687 0.18522284924983978 0.6063885688781738
0.15117447078227997 0.5643306374549866 0.17960293591022491 0.5977980494499207
0.22390484809875488 0.606801450252533 0.2686900496482849 0.6610282063484192
0.23309443891048431 0.6095057725906372 0.27534398436546326 0.6685290336608887
0.45000049471855164 0.39205271005630493 0.541359543800354 0.47783565521240234
0.3805144429206848 0.4940997362136841 0.4366004467010498 0.511590838432312
0.2250935435295105 0.6183003187179565 0.2518119812011719 0.6595730781555176
