0.2603161633014679 0.6316760778427124 0.29903337359428406 0.6895149946212769
0.32971104979515076 0.6648492217063904 0.387013703584671 0.7425568699836731
0.23941755294799805 0.6148089170455933 0.2739715576171875 0.6679351329803467
0.22586007416248322 0.6063320636749268 0.2632555067539215 0.6597884893417358
0.15319517254829407 0.5666102766990662 0.18394246697425842 0.6014067530632019
0.15366637706756592 0.5556777119636536 0.19163987040519714 0.600860059261322
0.15870705246925354 0.5715115666389465 0.18651345372200012 0.6057261824607849
0.22578485310077667 0.6169015765190125 0.251498281955719 0.6606010794639587
0.14976926147937775 0.5614815950393677 0.17858178913593292 0.5947058200836182
0.3296775817871094 0.5170449614524841 0.37749868631362915 0.5481993556022644
