0.6188998818397522 0.6475088596343994 0.7963706851005554 0.7489851713180542
0.2602848708629608 0.6311367750167847 0.2992018163204193 0.6897242069244385
0.32979053258895874 0.6649985909461975 0.38712000846862793 0.7422268986701965
0.23745569586753845 0.6153095960617065 0.2746073305606842 0.6693768501281738
0.159444659948349 0.5718673467636108 0.18597465753555298 0.6066246032714844
0.18603824079036713 0.5556061863899231 0.21683122217655182 0.5753474831581116
0.15177477896213531 0.5645171403884888 0.18028871715068817 0.5973899364471436
0.22999688982963562 0.6113532185554504 0.2658962309360504 0.6606689095497131
0.35479599237442017 0.5690579414367676 0.41935884952545166 0.5848668813705444
0.22633299231529236 0.6211241483688354 0.25092458724975586 0.6603266000747681
0.6534423828125 0.02631949633359909 0.9399060010910034 0.24364686012268066
