0.26030680537223816 0.6311901211738586 0.29914817214012146 0.689730703830719
0.3297765254974365 0.6650175452232361 0.3871566653251648 0.7422493100166321
0.5925888419151306 0.6360201835632324 0.759784996509552 0.735262393951416
0.2382914423942566 0.6153039932250977 0.27463603019714355 0.6692105531692505
0.15930014848709106 0.5717908143997192 0.18625611066818237 0.6070021390914917
0.15166722238063812 0.5644527673721313 0.1801024228334427 0.5976608991622925
0.34818822145462036 0.568242073059082 0.4123983383178711 0.5845414400100708
0.18967147171497345 0.5570939183235168 0.21864722669124603 0.5761943459510803
0.22947420179843903 0.6107199192047119 0.2653537392616272 0.6602523326873779
0.22758667171001434 0.622096836566925 0.25100696086883545 0.6601728796958923
