0.2603433132171631 0.631667971611023 0.2990342974662781 0.689510703086853
0.3297373354434967 0.6650863885879517 0.38695910573005676 0.7427053451538086
0.23946607112884521 0.6147781014442444 0.27403348684310913 0.6679690480232239
0.2276591658592224 0.6065717339515686 0.2682702839374542 0.6642455458641052
0.1580515056848526 0.5710314512252808 0.18568055331707 0.6049716472625732
0.7971174120903015 0.7030676603317261 0.9968157410621643 0.8604640960693359
0.8717501759529114 0.7037177085876465 1.0 0.8559774160385132
0.15075814723968506 0.5635737776756287 0.18024477362632751 0.5951786637306213
0.22599133849143982 0.6176338791847229 0.2512376010417938 0.6605213284492493
0.3294799029827118 0.5169160962104797 0.3776543438434601 0.5482019782066345
