0.2602856755256653 0.6316030621528625 0.29944151639938354 0.6896135210990906
0.3303866982460022 0.6645858287811279 0.38718181848526 0.7422130107879639
0.23950771987438202 0.6152241826057434 0.27375540137290955 0.6674911379814148
0.16024544835090637 0.5715706944465637 0.18635788559913635 0.6057364344596863
0.22695137560367584 0.606857180595398 0.26371410489082336 0.6593512296676636
0.15268933773040771 0.564285933971405 0.18403038382530212 0.5993461012840271
0.5209736824035645 0.5847946405410767 0.6088664531707764 0.6062602996826172
0.15879002213478088 0.5468617677688599 0.18324285745620728 0.5724289417266846
0.2265859842300415 0.619048535823822 0.25108253955841064 0.6602709889411926
0.48872023820877075 0.06527353823184967 0.5575371384620667 0.0822436511516571
0.16089825332164764 0.547466516494751 0.1819925755262375 0.5644528865814209
0.2316112220287323 0.6971263289451599 0.29074928164482117 0.727435290813446
