0.2599903643131256 0.6307528018951416 0.29878559708595276 0.6896225214004517
0.32978758215904236 0.665167510509491 0.3871387541294098 0.7421510815620422
0.46258971095085144 0.43160852789878845 0.5658507943153381 0.553723156452179
0.22761888802051544 0.5749433636665344 0.27337682247161865 0.6060259938240051
0.2342270314693451 0.6111261248588562 0.27414771914482117 0.6671120524406433
0.15998831391334534 0.5725448131561279 0.18649157881736755 0.6060864925384521
0.1502096801996231 0.5640862584114075 0.17932339012622833 0.5973008275032043
0.2236914485692978 0.6089639663696289 0.26402905583381653 0.6605114936828613
0.2790663540363312 0.5374147891998291 0.31973621249198914 0.5676170587539673
0.2263776808977127 0.6207985281944275 0.2511146664619446 0.6593913435935974
