0.5779443383216858 0.09833166003227234 0.783825695514679 0.2105400562286377
0.130636066198349 0.21117158234119415 0.1894216239452362 0.2582705020904541
0.2728581130504608 0.3026863634586334 0.37785181403160095 0.3515636622905731
0.06283353269100189 0.28192055225372314 0.10374456644058228 0.3124706745147705
0.33700406551361084 0.45422911643981934 0.4551904797554016 0.5063965916633606
0.06060962378978729 0.3248857259750366 0.10833875834941864 0.34834200143814087
0.18871529400348663 0.4120509624481201 0.24220632016658783 0.446505069732666
0.020483899861574173 0.34648916125297546 0.05753295496106148 0.3670178949832916
0.18850821256637573 0.4119221568107605 0.24244660139083862 0.44630807638168335
0.023253582417964935 0.2757693827152252 0.10228516906499863 0.30968430638313293
0.013108281418681145 0.3057837188243866 0.04283081740140915 0.32629433274269104
0.02449800632894039 0.27953818440437317 0.0773434266448021 0.3122115433216095
0.020988397300243378 0.27993881702423096 0.05007605254650116 0.30551719665527344
0.024038085713982582 0.28049176931381226 0.06030686944723129 0.3085091710090637
0.3370957374572754 0.4542555809020996 0.4552243947982788 0.5067248344421387
