0.260810911655426 0.6314155459403992 0.29955554008483887 0.6896049380302429
0.32985904812812805 0.6655149459838867 0.38713666796684265 0.7423982620239258
0.238936185836792 0.6154067516326904 0.2740892171859741 0.6682404279708862
0.15960395336151123 0.5715983510017395 0.1869772970676422 0.6077809929847717
0.225785493850708 0.6077710390090942 0.2630813419818878 0.6601418256759644
0.1523759365081787 0.5646671056747437 0.1790483295917511 0.5967782735824585
0.3229023516178131 0.1405206173658371 0.8406246900558472 0.5159667730331421
0.22479693591594696 0.6159424781799316 0.2509293556213379 0.6606495380401611
0.25652629137039185 0.6272557377815247 0.2917436361312866 0.6812238097190857
0.10899198055267334 0.06009775400161743 0.8873095512390137 0.6132929921150208
0.6960504055023193 0.6619337797164917 0.9647518396377563 0.7817889451980591
