0.26047638058662415 0.631879448890686 0.29925915598869324 0.690123438835144
0.33025968074798584 0.66495281457901 0.3869909644126892 0.7395313382148743
0.31436946988105774 0.6131832003593445 0.38721707463264465 0.6575250029563904
0.5386670827865601 0.036613378673791885 0.6961909532546997 0.14286401867866516
0.2387159913778305 0.6167296767234802 0.2741498351097107 0.669362485408783
0.15933345258235931 0.5715351700782776 0.18607543408870697 0.6068423390388489
0.22473016381263733 0.6072056889533997 0.26417112350463867 0.6605631709098816
0.15156616270542145 0.5647984743118286 0.1796943098306656 0.5973632335662842
0.5386670827865601 0.036613378673791885 0.6961909532546997 0.14286401867866516
0.3287769854068756 0.5165984034538269 0.377951055765152 0.5488129258155823
0.42967236042022705 0.5794902443885803 0.5056251287460327 0.5981101393699646
