0.2608882784843445 0.6315243244171143 0.29969173669815063 0.6898436546325684
0.330078661441803 0.6649608612060547 0.3868798017501831 0.7424144744873047
0.23944421112537384 0.6150082349777222 0.27339231967926025 0.6676617860794067
0.1604371964931488 0.5717132687568665 0.18628114461898804 0.6078796982765198
0.6919580698013306 0.6218938231468201 0.8077181577682495 0.6502692103385925
0.22567109763622284 0.6077662706375122 0.26302507519721985 0.6601284742355347
0.15189328789710999 0.5637589693069458 0.17864981293678284 0.5953466892242432
0.47324687242507935 0.6858227252960205 0.6307510733604431 0.769086480140686
0.34644821286201477 0.8367711901664734 0.39130470156669617 0.8495500683784485
0.22641442716121674 0.6177868247032166 0.2517557740211487 0.6603053212165833
0.2563639283180237 0.6276643872261047 0.2911207675933838 0.6806032061576843
0.2298346310853958 0.6965153813362122 0.2907913327217102 0.7277594208717346
