0.12962472438812256 0.21889811754226685 0.18874040246009827 0.2560175061225891
0.07098090648651123 0.36963924765586853 0.12022832036018372 0.3963092863559723
0.1980845332145691 0.32127004861831665 0.29137954115867615 0.36039382219314575
0.3299592435359955 0.45262429118156433 0.4177602231502533 0.49879810214042664
0.06952614337205887 0.315547376871109 0.10378623753786087 0.3377833068370819
0.011060474440455437 0.3113420307636261 0.04452705383300781 0.3329191505908966
0.13298124074935913 0.2729410231113434 0.20984876155853271 0.31687983870506287
0.1980845332145691 0.32127004861831665 0.29137954115867615 0.36039382219314575
0.3300851285457611 0.45276403427124023 0.41711345314979553 0.498951256275177
0.0010114945471286774 0.3299054503440857 0.02610665000975132 0.35047173500061035
0.03926709294319153 0.27042412757873535 0.15568242967128754 0.31342124938964844
0.038458578288555145 0.269993394613266 0.15463107824325562 0.3136676847934723
0.037034451961517334 0.27013739943504333 0.15672792494297028 0.31351223587989807
