0.2609177827835083 0.6314618587493896 0.2995830774307251 0.6896865367889404
0.3300383687019348 0.6648361682891846 0.3868820071220398 0.7424899339675903
0.44652265310287476 0.6727333664894104 0.5836105942726135 0.747649610042572
0.2391764521598816 0.6146875023841858 0.27342885732650757 0.6673476099967957
0.6324167847633362 0.6133745908737183 0.7381870150566101 0.6418459415435791
0.16035610437393188 0.571711540222168 0.18617644906044006 0.6076517105102539
0.22542843222618103 0.6074622869491577 0.26314592361450195 0.6603413820266724
0.15195578336715698 0.5638293623924255 0.1787024736404419 0.596081554889679
0.35488948225975037 0.839665949344635 0.4012034237384796 0.8528750538825989
0.4461233913898468 0.6734349727630615 0.580845296382904 0.7466856241226196
0.25665727257728577 0.6276075839996338 0.29157164692878723 0.6808587312698364
0.22626517713069916 0.6170551180839539 0.25202491879463196 0.6602776646614075
