0.26083821058273315 0.6316592693328857 0.29944485425949097 0.6893452405929565
0.330050528049469 0.6649748682975769 0.38686609268188477 0.7419074177742004
0.23899947106838226 0.615280032157898 0.272992342710495 0.6673591136932373
0.16032357513904572 0.5716702938079834 0.186386838555336 0.607688307762146
0.22692018747329712 0.6086311936378479 0.26307666301727295 0.6601100564002991
0.1515752226114273 0.5639116764068604 0.17830680310726166 0.596152663230896
0.22641229629516602 0.6185976266860962 0.2514585852622986 0.6603275537490845
0.25695303082466125 0.6277548670768738 0.29177263379096985 0.6809024214744568
0.5978665947914124 0.7266207933425903 0.8156318068504333 0.8062814474105835
0.2313184291124344 0.6970140933990479 0.29191499948501587 0.7274726629257202
