0.2603403925895691 0.6315305233001709 0.2991977334022522 0.6899726390838623
0.3304125964641571 0.6646880507469177 0.385763019323349 0.7429638504981995
0.33230194449424744 0.6204525828361511 0.4105304181575775 0.6702515482902527
0.23871298134326935 0.6168872117996216 0.27409982681274414 0.6694163084030151
0.15936283767223358 0.5715858936309814 0.18615658581256866 0.606414794921875
0.22475266456604004 0.6073623895645142 0.2639476954936981 0.6602959632873535
0.15156349539756775 0.5646845698356628 0.17958912253379822 0.5969924330711365
0.5754725933074951 0.013774767518043518 0.7520765066146851 0.1605754941701889
0.5754725933074951 0.013774767518043518 0.7520765066146851 0.1605754941701889
0.2301894873380661 0.6970659494400024 0.2890445291996002 0.7275329828262329
0.32868486642837524 0.5163140892982483 0.37778252363204956 0.5489845871925354
0.22472575306892395 0.6154649257659912 0.2525886595249176 0.6604962348937988
