0.2604585289955139 0.632159948348999 0.2990396022796631 0.689769983291626
0.3300822973251343 0.6645706295967102 0.3858073949813843 0.7422682642936707
0.30298444628715515 0.6088054180145264 0.37328532338142395 0.6506903171539307
0.5088327527046204 0.05487885698676109 0.6510404944419861 0.16653120517730713
0.1596769243478775 0.5717423558235168 0.1861037164926529 0.6060563921928406
0.23590175807476044 0.6155586838722229 0.2741113305091858 0.6678553223609924
0.22687092423439026 0.6087108850479126 0.2672514021396637 0.6607373952865601
0.15128710865974426 0.5647920370101929 0.17926007509231567 0.596998929977417
0.508212685585022 0.05456582084298134 0.6501303911209106 0.16638024151325226
0.3290642499923706 0.5167232155799866 0.3772260546684265 0.5477526783943176
0.39465296268463135 0.5754380226135254 0.4613078236579895 0.5931204557418823
0.057555556297302246 0.3996518850326538 0.38047751784324646 0.7684034109115601
