0.2607884109020233 0.6313844323158264 0.2996225655078888 0.6897922158241272
0.3297787606716156 0.6659872531890869 0.387053519487381 0.7421925067901611
0.23899655044078827 0.6152457594871521 0.2737932801246643 0.6680962443351746
0.667658805847168 0.681721031665802 0.9221068620681763 0.7866070866584778
0.22571218013763428 0.6077684164047241 0.2629266679286957 0.659932017326355
0.15994861721992493 0.5714949369430542 0.18666118383407593 0.6076033115386963
0.15285827219486237 0.5647409558296204 0.17877937853336334 0.5967329144477844
0.6651005148887634 0.6811621189117432 0.9305240511894226 0.8677589893341064
0.22507978975772858 0.616162896156311 0.2507804036140442 0.660347580909729
0.2568480670452118 0.6276587247848511 0.29171279072761536 0.6811503171920776
