0.2609173655509949 0.6315065622329712 0.29964953660964966 0.6898585557937622
0.33002275228500366 0.6648222804069519 0.3868592381477356 0.7423960566520691
0.23931695520877838 0.614946722984314 0.2734013795852661 0.6676560640335083
0.16033640503883362 0.5716544985771179 0.18619903922080994 0.607991635799408
0.665388822555542 0.6148966550827026 0.7758040428161621 0.6430902481079102
0.22548799216747284 0.6075303554534912 0.263187050819397 0.6601614952087402
0.151916041970253 0.5637890100479126 0.17872227728366852 0.5957925319671631
0.3502366542816162 0.8386319875717163 0.3920873999595642 0.8518508672714233
0.784798800945282 0.5984459519386292 0.8169241547584534 0.6535876393318176
0.22635118663311005 0.6176667809486389 0.25185269117355347 0.6602579951286316
0.25661003589630127 0.6276853680610657 0.2912827134132385 0.6808150410652161
0.22938081622123718 0.6966561675071716 0.29176923632621765 0.7277260422706604
