0.3460952639579773 0.45470622181892395 0.44590306282043457 0.5046515464782715
0.12948539853096008 0.22183679044246674 0.1876806914806366 0.2565687894821167
0.07712522894144058 0.3723461329936981 0.1286517083644867 0.3998224437236786
0.07672305405139923 0.3157126307487488 0.11294202506542206 0.3398112654685974
0.22675809264183044 0.31519240140914917 0.32811346650123596 0.3608502745628357
0.22675809264183044 0.31519240140914917 0.32811346650123596 0.3608502745628357
0.1537962704896927 0.27169591188430786 0.22672633826732635 0.3161631226539612
0.00484062172472477 0.3114382028579712 0.050550296902656555 0.3339273929595947
0.004631734453141689 0.3331422507762909 0.029787741601467133 0.3518851101398468
0.002878790721297264 0.3114468455314636 0.05099274218082428 0.3335164189338684
0.12832514941692352 0.20676763355731964 0.19753913581371307 0.2583639621734619
0.0027867555618286133 0.0 0.9922617077827454 0.8660970330238342
0.09431707859039307 0.2682020664215088 0.2236407995223999 0.31809723377227783
0.05177445709705353 0.26661697030067444 0.17777948081493378 0.3147036135196686
0.07698547840118408 0.37241461873054504 0.1288215070962906 0.39979150891304016
