0.26044899225234985 0.6318217515945435 0.29901736974716187 0.6899089813232422
0.3254338204860687 0.6171028017997742 0.3990045487880707 0.6677774786949158
0.3302523195743561 0.6628507971763611 0.38575688004493713 0.7441774010658264
0.5623733401298523 0.017551228404045105 0.732671320438385 0.125940203666687
0.23872511088848114 0.6166660785675049 0.27412545680999756 0.6694365739822388
0.159174382686615 0.5715133547782898 0.18602752685546875 0.6063618063926697
0.22487878799438477 0.6073433756828308 0.2639847695827484 0.6603618264198303
0.15152500569820404 0.5647250413894653 0.1796962171792984 0.5972344875335693
0.44610944390296936 0.5835483074188232 0.5298500657081604 0.603329062461853
0.5623733401298523 0.017551228404045105 0.732671320438385 0.125940203666687
0.3284621834754944 0.516430139541626 0.3775824308395386 0.5491515398025513
0.2248302549123764 0.615705668926239 0.2523559033870697 0.6606034636497498
0.23072263598442078 0.6971946358680725 0.29042401909828186 0.7275236248970032
