0.26025354862213135 0.6315870881080627 0.2991045117378235 0.6898903250694275
0.41658055782318115 0.6578000783920288 0.5320315957069397 0.7274786233901978
0.33024418354034424 0.6653980612754822 0.38753795623779297 0.7424443364143372
0.23868629336357117 0.6165471076965332 0.2739897668361664 0.6693650484085083
0.15926040709018707 0.5717186331748962 0.18622849881649017 0.6071304678916931
0.22490271925926208 0.6073378324508667 0.2639874815940857 0.6602329015731812
0.15156203508377075 0.5647851824760437 0.17926961183547974 0.5966435074806213
0.36152011156082153 0.8282249569892883 0.4134330153465271 0.8424442410469055
0.5795819759368896 0.606769859790802 0.6777859926223755 0.6298699975013733
0.2314416617155075 0.6973086595535278 0.28970128297805786 0.7275227308273315
