0.2608707547187805 0.6315270066261292 0.29967939853668213 0.6898590922355652
0.33004674315452576 0.6649459004402161 0.3869014084339142 0.7424375414848328
0.7024393081665039 0.6211444139480591 0.8187320232391357 0.6534682512283325
0.24084900319576263 0.6163083910942078 0.2743215262889862 0.6699891686439514
0.16044464707374573 0.5717325806617737 0.18627309799194336 0.6079618334770203
0.22562628984451294 0.607816219329834 0.2628783583641052 0.6601229906082153
0.15198493003845215 0.5638587474822998 0.1786407232284546 0.5954645872116089
0.4747491776943207 0.684596836566925 0.6368688941001892 0.7719958424568176
0.22625665366649628 0.6176633238792419 0.25172343850135803 0.6603627800941467
0.2562076449394226 0.6276624202728271 0.2909877896308899 0.6805192232131958
0.2298186868429184 0.6966394186019897 0.29037225246429443 0.7277642488479614
