0.26041728258132935 0.631960928440094 0.2990356683731079 0.6900278925895691
0.33030977845191956 0.663747251033783 0.3857201635837555 0.7440366148948669
0.3208625018596649 0.6158051490783691 0.3911658823490143 0.6597694158554077
0.2387172281742096 0.6167084574699402 0.2741294801235199 0.6693784594535828
0.15921279788017273 0.5715749263763428 0.18612709641456604 0.6066521406173706
0.22491972148418427 0.6074170470237732 0.26380136609077454 0.6603729128837585
0.15141484141349792 0.5646142959594727 0.17970320582389832 0.5971095561981201
0.5494199395179749 0.028966620564460754 0.7162851691246033 0.14486141502857208
0.32897162437438965 0.5166643857955933 0.3781890869140625 0.5485954284667969
0.5494199395179749 0.028966620564460754 0.7162851691246033 0.14486141502857208
0.22482982277870178 0.6155795454978943 0.25236138701438904 0.6605845093727112
