0.26051339507102966 0.6321092247962952 0.2990627586841583 0.6898019909858704
0.3298616409301758 0.6652448177337646 0.3863767981529236 0.7421474456787109
0.3025517463684082 0.6077728271484375 0.36975032091140747 0.6500940322875977
0.15969175100326538 0.5717143416404724 0.1860291063785553 0.6059556603431702
0.2361164540052414 0.615420401096344 0.2741106152534485 0.6680927872657776
0.5032712817192078 0.06139273941516876 0.6401316523551941 0.17094461619853973
0.5032712817192078 0.06139273941516876 0.6401316523551941 0.17094461619853973
0.15125824511051178 0.5647509694099426 0.17932380735874176 0.5969712138175964
0.22703003883361816 0.6086935997009277 0.2669755518436432 0.6607625484466553
0.38563528656959534 0.5739740133285522 0.4493105113506317 0.5900019407272339
0.23032185435295105 0.6969797015190125 0.2879723012447357 0.7274945378303528
