0.2609286308288574 0.6314476132392883 0.2996164560317993 0.6897138953208923
0.3300541341304779 0.6648796796798706 0.3869308531284332 0.7424309253692627
0.23924022912979126 0.6147429943084717 0.2734770178794861 0.6674439907073975
0.16038726270198822 0.5716434717178345 0.1863085776567459 0.6076983213424683
0.22545142471790314 0.6075148582458496 0.263079434633255 0.6602603197097778
0.4406586289405823 0.6701876521110535 0.5734310746192932 0.7459731698036194
0.1519407033920288 0.5637853741645813 0.17871248722076416 0.5959535241127014
0.3548160791397095 0.8392375707626343 0.4020407199859619 0.8523756265640259
0.4380616545677185 0.6707477569580078 0.5746471285820007 0.7471315860748291
0.6253751516342163 0.6121496558189392 0.732825517654419 0.6382929682731628
0.25649136304855347 0.6275614500045776 0.2913818359375 0.6807349920272827
0.22619055211544037 0.6169024109840393 0.25201839208602905 0.6602434515953064
