0.20723959803581238 0.31953468918800354 0.27719712257385254 0.3585264980792999
0.19368956983089447 0.17527735233306885 0.525560200214386 0.2945570945739746
0.12551552057266235 0.2881854772567749 0.1746351718902588 0.3162010908126831
0.12958945333957672 0.2065807431936264 0.21220962703227997 0.2578500509262085
0.17439137399196625 0.4111692011356354 0.25305017828941345 0.45365390181541443
0.04833000898361206 0.3567666709423065 0.08304059505462646 0.37872007489204407
0.06040823832154274 0.2835182547569275 0.09607325494289398 0.3049570918083191
0.053841859102249146 0.31890618801116943 0.12126526236534119 0.34824490547180176
0.007161002606153488 0.339883953332901 0.03956288844347 0.3585871160030365
0.001868193969130516 0.30853626132011414 0.03647291660308838 0.3288462460041046
0.17417024075984955 0.41142258048057556 0.2529687285423279 0.45375797152519226
0.7727090716362 0.4553169012069702 0.9976004958152771 0.5441022515296936
0.2955262362957001 0.17264847457408905 0.5304739475250244 0.2795373797416687
0.12818315625190735 0.21724571287631989 0.19696712493896484 0.254489004611969
0.22258321940898895 0.1754595786333084 0.5257408022880554 0.287769079208374
