0.09967464953660965 0.31848740577697754 0.14316155016422272 0.34561073780059814
0.0984232947230339 0.3814391791820526 0.15564095973968506 0.4129442274570465
0.12884384393692017 0.2187863290309906 0.18639609217643738 0.2565976679325104
0.4062521457672119 0.46296319365501404 0.5358033776283264 0.519342303276062
0.3303470313549042 0.28760820627212524 0.47588589787483215 0.35003942251205444
0.025426503270864487 0.2881040871143341 0.04857521131634712 0.3041839301586151
0.011932622641324997 0.31326231360435486 0.06365847587585449 0.33533725142478943
0.32994550466537476 0.28838562965393066 0.47490638494491577 0.349958598613739
0.013105721212923527 0.3414551019668579 0.040543053299188614 0.35848182439804077
0.011340098455548286 0.31319040060043335 0.06389586627483368 0.3352435827255249
0.0 0.0 0.9814653396606445 0.9876648187637329
0.1410873830318451 0.2531687021255493 0.2798865735530853 0.31255364418029785
0.1376742124557495 0.252719521522522 0.2772495746612549 0.31232887506484985
0.4062521457672119 0.46296319365501404 0.5358033776283264 0.519342303276062
0.054819196462631226 0.2883816659450531 0.07960963249206543 0.30578985810279846
