0.16888552904129028 0.32146507501602173 0.22907841205596924 0.35632413625717163
0.10147126764059067 0.28672492504119873 0.1443694680929184 0.31342369318008423
0.1456921249628067 0.20279723405838013 0.4414176344871521 0.30036818981170654
0.12706024944782257 0.20553229749202728 0.21291859447956085 0.2505831718444824
0.050372201949357986 0.2846945822238922 0.0808790922164917 0.3054514229297638
0.049946218729019165 0.3177582025527954 0.10173216462135315 0.3444753885269165
0.03574274480342865 0.35135436058044434 0.06943652778863907 0.3725775480270386
0.15037132799625397 0.40317049622535706 0.2220240980386734 0.44188520312309265
0.15021350979804993 0.40287715196609497 0.22258368134498596 0.4420493245124817
0.0 0.3068537414073944 0.029535749927163124 0.3272906243801117
0.1456921249628067 0.20279723405838013 0.4414176344871521 0.30036818981170654
0.1277397722005844 0.21758219599723816 0.193000927567482 0.2506709396839142
0.6072803735733032 0.4668360948562622 0.8523813486099243 0.5462861061096191
5.923490971326828e-05 0.3367173373699188 0.030594170093536377 0.35612353682518005
0.6072803735733032 0.4668360948562622 0.8523813486099243 0.5462861061096191
0.02741175889968872 0.011992663145065308 0.9631692171096802 0.7433592081069946
