0.12882031500339508 0.2216935157775879 0.18606649339199066 0.25620076060295105
0.16705183684825897 0.27356675267219543 0.22846998274326324 0.3057043254375458
0.35757017135620117 0.27450206875801086 0.47644782066345215 0.33076533675193787
0.6537917852401733 0.18326614797115326 0.9581290483474731 0.3131366968154907
0.1365431398153305 0.39218172430992126 0.19258560240268707 0.4243911802768707
0.3384639322757721 0.4533981382846832 0.4817160665988922 0.5132461190223694
0.05615054443478584 0.36315178871154785 0.10498502850532532 0.38964152336120605
0.05628051236271858 0.3167381286621094 0.10541176795959473 0.3448806405067444
0.02704739384353161 0.28241539001464844 0.06756296008825302 0.3024575114250183
0.3652878403663635 0.0 1.0 0.24690380692481995
0.3575191795825958 0.2740922272205353 0.47637853026390076 0.3302794396877289
0.00899318978190422 0.3416440784931183 0.05447559431195259 0.3685719072818756
0.6551880836486816 0.1840331256389618 0.958814263343811 0.31361040472984314
0.025061070919036865 0.311435729265213 0.047965988516807556 0.32815995812416077
0.00899318978190422 0.3416440784931183 0.05447559431195259 0.3685719072818756
0.16136960685253143 0.3201766610145569 0.29364490509033203 0.36170369386672974
0.3531603515148163 0.0 0.9929497241973877 0.22831961512565613
0.1365431398153305 0.39218172430992126 0.19258560240268707 0.4243911802768707
0.33847805857658386 0.45316433906555176 0.4807446300983429 0.5131968259811401
0.36489540338516235 0.0 0.9921743273735046 0.25044554471969604
0.16136960685253143 0.3201766610145569 0.29364490509033203 0.36170369386672974
0.16136960685253143 0.3201766610145569 0.29364490509033203 0.36170369386672974
