0.4351261556148529 0.27339062094688416 0.5951166152954102 0.34742626547813416
0.12151176482439041 0.2785697877407074 0.1691904366016388 0.3050621449947357
0.2564111351966858 0.28474047780036926 0.33858734369277954 0.3278622329235077
0.1291332095861435 0.2192324548959732 0.18631412088871002 0.2557796835899353
0.2749633491039276 0.4438593089580536 0.3906013071537018 0.494583398103714
0.098410964012146 0.37678754329681396 0.1446908414363861 0.4045998454093933
0.036601029336452484 0.31471511721611023 0.07489025592803955 0.33813098073005676
0.040681302547454834 0.3543426990509033 0.07699316740036011 0.37621909379959106
0.010992124676704407 0.28480058908462524 0.04638294875621796 0.30224984884262085
0.2458333969116211 0.0 0.9926369190216064 0.2755813002586365
0.11339114606380463 0.32413631677627563 0.21199513971805573 0.3593384027481079
0.43400809168815613 0.27218493819236755 0.6000601649284363 0.3458350598812103
0.011458814144134521 0.3376312553882599 0.037210047245025635 0.36014148592948914
0.2467498481273651 0.0 0.9929623603820801 0.2780664563179016
0.2748035788536072 0.4431893825531006 0.3904331922531128 0.49422627687454224
0.09840792417526245 0.37666794657707214 0.14441676437854767 0.4047234356403351
0.010938591323792934 0.3067439794540405 0.0291702002286911 0.3231852054595947
0.2458333969116211 0.0 0.9926369190216064 0.2755813002586365
0.11058053374290466 0.3241479694843292 0.20812800526618958 0.35936370491981506
0.13182973861694336 0.20357179641723633 0.19967910647392273 0.257488876581192
