0.5912590026855469 0.220528244972229 0.810422420501709 0.31431108713150024
0.3554777503013611 0.2076762169599533 0.48640769720077515 0.2815219461917877
0.1293608546257019 0.22165146470069885 0.18557238578796387 0.25605058670043945
0.09859659522771835 0.2789803743362427 0.15801693499088287 0.3081798553466797
0.2158816009759903 0.32389193773269653 0.25973063707351685 0.3627585172653198
0.2544570863246918 0.4365181028842926 0.34568318724632263 0.4828415811061859
0.08383741229772568 0.31999149918556213 0.12613603472709656 0.34402379393577576
0.13517245650291443 0.39376428723335266 0.2118174135684967 0.4311331808567047
0.4909251928329468 0.46395978331565857 0.7035192251205444 0.5349847674369812
0.06475085020065308 0.36868757009506226 0.13766582310199738 0.4072651267051697
0.03703532740473747 0.3163510859012604 0.06988134980201721 0.3357503116130829
0.3258388042449951 0.27819451689720154 0.575081467628479 0.36036035418510437
0.00796431303024292 0.032988011837005615 0.9748134016990662 0.9285333156585693
0.035845912992954254 0.28110626339912415 0.06802577525377274 0.3007139265537262
0.4909251928329468 0.46395978331565857 0.7035192251205444 0.5349847674369812
0.574307382106781 0.0006033778190612793 0.9982202649116516 0.17266440391540527
0.3258388042449951 0.27819451689720154 0.575081467628479 0.36036035418510437
0.024635106325149536 0.05172306299209595 0.830143928527832 0.6677406430244446
0.16855992376804352 0.31937313079833984 0.23113642632961273 0.3593788146972656
0.1991157829761505 0.3228517770767212 0.2530422806739807 0.3605460524559021
0.06537953019142151 0.3679559528827667 0.13783037662506104 0.4079996645450592
0.25440147519111633 0.43658480048179626 0.345975786447525 0.48281368613243103
0.16855992376804352 0.31937313079833984 0.23113642632961273 0.3593788146972656
0.00884200632572174 0.2304663360118866 0.21597352623939514 0.41959282755851746
0.3258388042449951 0.27819451689720154 0.575081467628479 0.36036035418510437
