0.6630639433860779 0.19804050028324127 0.9185870289802551 0.30447807908058167
0.32638314366340637 0.45198479294776917 0.43653443455696106 0.5003522038459778
0.5372772216796875 0.09242448210716248 0.751387357711792 0.21263182163238525
0.16124282777309418 0.3270623981952667 0.22092817723751068 0.35951462388038635
0.12866732478141785 0.21782158315181732 0.18656978011131287 0.2559424638748169
0.08994198590517044 0.3246742784976959 0.13426697254180908 0.35016104578971863
0.3716423511505127 0.25890180468559265 0.6453388929367065 0.35402384400367737
0.08363677561283112 0.2777521312236786 0.12641751766204834 0.3019650876522064
0.17086699604988098 0.2655410170555115 0.2558281719684601 0.3052370548248291
0.37052106857299805 0.25832679867744446 0.6490499973297119 0.35229095816612244
0.1991739571094513 0.4137677848339081 0.29785722494125366 0.45965197682380676
0.008706092834472656 0.027224212884902954 0.9443274736404419 0.8711264133453369
0.1204935684800148 0.3898172974586487 0.20953550934791565 0.4389253258705139
0.2658693194389343 0.3114756643772125 0.369681179523468 0.36369481682777405
0.5393084287643433 0.46634334325790405 0.779365062713623 0.5442716479301453
0.29327884316444397 0.31352370977401733 0.3849889934062958 0.3645011782646179
0.1204935684800148 0.3898172974586487 0.20953550934791565 0.4389253258705139
0.005335768684744835 0.3072080612182617 0.04255468398332596 0.3300209045410156
0.5395116806030273 0.4653889238834381 0.7806093692779541 0.5439251661300659
0.13193799555301666 0.20457802712917328 0.19737808406352997 0.25597620010375977
0.011239096522331238 0.14611415565013885 0.3867972493171692 0.47665852308273315
0.005335768684744835 0.3072080612182617 0.04255468398332596 0.3300209045410156
0.015612456016242504 0.2836424708366394 0.04458735138177872 0.3024335503578186
0.19958630204200745 0.4142524302005768 0.2970762848854065 0.45931556820869446
