0.3786819875240326 0.45525938272476196 0.5078042149543762 0.5117219090461731
0.176101416349411 0.33050698041915894 0.2404167354106903 0.36379456520080566
0.12884116172790527 0.22223086655139923 0.18578144907951355 0.2561732530593872
0.0883406549692154 0.27884429693222046 0.1266900599002838 0.30392831563949585
0.4155057966709137 0.22751499712467194 0.7528849840164185 0.3455480635166168
0.17820709943771362 0.26029959321022034 0.24450287222862244 0.2979706823825836
0.4510093629360199 0.8646749258041382 0.5811833739280701 0.9606479406356812
0.26024267077445984 0.43057703971862793 0.37493225932121277 0.485590398311615
0.3167969286441803 0.19873227179050446 0.4588638246059418 0.2718685269355774
0.0497533455491066 0.27959951758384705 0.07731377333402634 0.30257758498191833
0.04213310778141022 0.31734541058540344 0.10369569063186646 0.34252479672431946
0.15909376740455627 0.40149831771850586 0.24953922629356384 0.45705628395080566
0.24250037968158722 0.32430586218833923 0.3123050630092621 0.3634397089481354
0.1605326533317566 0.4016995429992676 0.24877232313156128 0.4563444256782532
0.5583961009979248 0.4653942286968231 0.8088104724884033 0.5444462299346924
0.5578999519348145 0.4668959975242615 0.8096803426742554 0.5451861023902893
0.01555854082107544 0.019302338361740112 0.9164695143699646 0.893394947052002
0.42186522483825684 0.22825737297534943 0.7512083053588867 0.34461474418640137
0.2991560697555542 0.3000509738922119 0.43447500467300415 0.36234962940216064
0.3025878667831421 0.2989145517349243 0.434611976146698 0.36268502473831177
0.2600243091583252 0.43075892329216003 0.3746698498725891 0.4847302734851837
0.9320425987243652 0.0003667287528514862 0.9997036457061768 0.055739521980285645
0.30186474323272705 0.2986214756965637 0.4343436360359192 0.362135648727417
5.3052790462970734e-05 0.30700722336769104 0.026317160576581955 0.3257152736186981
0.3786819875240326 0.45525938272476196 0.5078042149543762 0.5117219090461731
0.26448461413383484 0.3262505531311035 0.3216811716556549 0.36349475383758545
