0.5127555727958679 0.0955938845872879 0.6989904046058655 0.20686595141887665
0.5300228595733643 0.4521099627017975 0.7181050777435303 0.5252253413200378
0.447907418012619 0.8441637754440308 0.619708776473999 0.9512060880661011
0.12916652858257294 0.22307071089744568 0.1861105114221573 0.2560502290725708
0.2860926389694214 0.32577842473983765 0.3813329339027405 0.3719756007194519
0.27574795484542847 0.2504003047943115 0.36175382137298584 0.29732441902160645
0.18212318420410156 0.2688146233558655 0.2462363839149475 0.30587238073349
0.4840770959854126 0.27735215425491333 0.663905143737793 0.3543323874473572
0.369442880153656 0.4548553228378296 0.5449007153511047 0.5211942791938782
0.08663678169250488 0.2791820168495178 0.12212124466896057 0.3036693334579468
0.1898232400417328 0.41852229833602905 0.32153066992759705 0.48336201906204224
0.0030774176120758057 0.05610117316246033 0.8171813488006592 0.805870532989502
0.021724287420511246 0.3451719880104065 0.051743436604738235 0.36579984426498413
0.3711075782775879 0.4546942710876465 0.4415018558502197 0.5036123394966125
0.03927239030599594 0.2793477177619934 0.07429689913988113 0.29870325326919556
0.0844002217054367 0.32346880435943604 0.12196344137191772 0.34438782930374146
0.8653571605682373 0.08093415200710297 1.0 0.24787656962871552
0.01874772273004055 0.3107740581035614 0.0510716512799263 0.33011820912361145
0.5295677781105042 0.452416330575943 0.7190700173377991 0.5261726379394531
0.8649421334266663 0.07930758595466614 1.0 0.24946370720863342
0.13228988647460938 0.324911892414093 0.23851051926612854 0.3592327833175659
0.054489925503730774 0.3179798424243927 0.0953693836927414 0.3382481038570404
0.07397347688674927 0.3206138610839844 0.11152227222919464 0.3421958088874817
0.011042997241020203 0.2842998504638672 0.037885360419750214 0.30206286907196045
0.1308407336473465 0.32496100664138794 0.23807640373706818 0.35911625623703003
0.18965941667556763 0.418764591217041 0.3216741681098938 0.48357027769088745
0.36750438809394836 0.4516177475452423 0.4876208007335663 0.5122050046920776
0.007514559663832188 0.334566205739975 0.025087963789701462 0.3499068319797516
0.4840770959854126 0.27735215425491333 0.663905143737793 0.3543323874473572
