0.4643661677837372 0.12424513697624207 0.634424090385437 0.2244020700454712
0.5305317640304565 0.452859103679657 0.7149816751480103 0.5242388248443604
0.12924914062023163 0.22307898104190826 0.18587370216846466 0.25597822666168213
0.4387262463569641 0.28953754901885986 0.5957939028739929 0.3582894206047058
0.17114704847335815 0.2707470953464508 0.23053830862045288 0.3051653206348419
0.7408584356307983 0.1017553061246872 1.0 0.2789824604988098
0.18082162737846375 0.4132959544658661 0.3074374794960022 0.4793179929256439
0.07308119535446167 0.2802925109863281 0.1097002625465393 0.30384206771850586
0.25908637046813965 0.25796830654144287 0.3356344699859619 0.3002580404281616
0.26481306552886963 0.328135222196579 0.35428524017333984 0.371047705411911
0.3681822121143341 0.45513421297073364 0.5414744019508362 0.5203961730003357
0.7363762855529785 0.09986279904842377 0.998871922492981 0.27992039918899536
0.014448619447648525 0.3422204256057739 0.0431857630610466 0.36060500144958496
0.03131958097219467 0.2792994976043701 0.06472806632518768 0.2982419729232788
0.01084589958190918 0.041228652000427246 0.8342965841293335 0.8866416215896606
0.3671264052391052 0.45388808846473694 0.43562060594558716 0.5030446648597717
0.5305317640304565 0.452859103679657 0.7149816751480103 0.5242388248443604
0.07544507086277008 0.3214293420314789 0.11393053829669952 0.3408387005329132
0.04815945029258728 0.31705132126808167 0.09062370657920837 0.33645549416542053
0.8938515186309814 0.0002674907445907593 0.9997854232788086 0.047015223652124405
0.012918056920170784 0.31045156717300415 0.04405563324689865 0.32890117168426514
0.12869301438331604 0.3237137794494629 0.22706666588783264 0.35871386528015137
0.1270705908536911 0.32330432534217834 0.22102655470371246 0.35863396525382996
0.44009020924568176 0.28892064094543457 0.5946216583251953 0.35601502656936646
0.7408584356307983 0.1017553061246872 1.0 0.2789824604988098
0.5849579572677612 0.552980899810791 0.6495101451873779 0.594240665435791
0.029594331979751587 0.024393707513809204 0.9158564805984497 0.605116605758667
0.35219281911849976 0.44577330350875854 0.46479207277297974 0.5100107789039612
0.1821976602077484 0.41321855783462524 0.30725157260894775 0.47922778129577637
0.43286359310150146 0.4570765793323517 0.5467711687088013 0.5208538770675659
