0.28498461842536926 0.30375584959983826 0.3769504129886627 0.35034140944480896
0.12814660370349884 0.2229088395833969 0.1863844245672226 0.257245808839798
0.07916072756052017 0.31514972448349 0.11592226475477219 0.33923405408859253
0.4741749167442322 0.45567387342453003 0.6649587750434875 0.5239004492759705
0.11863837391138077 0.3230770528316498 0.16234871745109558 0.348287433385849
0.04251758009195328 0.3187705874443054 0.07375708222389221 0.33860456943511963
0.02955576404929161 0.27997449040412903 0.06661315262317657 0.3029033839702606
0.01758606731891632 0.34402093291282654 0.03947300836443901 0.35994020104408264
0.03694034367799759 0.3557674288749695 0.06983685493469238 0.3750898241996765
0.12809059023857117 0.20764000713825226 0.19461727142333984 0.25905564427375793
0.47669172286987305 0.4560701549053192 0.6639530658721924 0.5247281789779663
0.016411524266004562 0.31270280480384827 0.03444262221455574 0.3289940655231476
0.0 0.0 1.0 0.9692621827125549
