0.2605246305465698 0.24650999903678894 0.3505179286003113 0.2961204946041107
0.530424177646637 0.45257601141929626 0.7172906994819641 0.5246976613998413
0.12799109518527985 0.22331003844738007 0.18488429486751556 0.2559128403663635
0.4504542350769043 0.28580862283706665 0.6134474277496338 0.35750478506088257
0.1432279497385025 0.2745243310928345 0.19618536531925201 0.30361485481262207
0.406248539686203 0.1834871917963028 0.54110187292099 0.26536691188812256
0.08190900832414627 0.2754324972629547 0.1303713172674179 0.3002183735370636
0.061084944754838943 0.3626415431499481 0.09869082272052765 0.3866695463657379
0.8705239295959473 0.00016848742961883545 1.0 0.0551883727312088
0.36533093452453613 0.45551079511642456 0.5454416871070862 0.5219249725341797
0.23741558194160461 0.42940565943717957 0.38287702202796936 0.5041084885597229
0.14478594064712524 0.32907915115356445 0.18419739603996277 0.35527729988098145
0.04524301737546921 0.28190597891807556 0.07726974040269852 0.30244579911231995
0.00846022367477417 0.01696830987930298 0.9067476987838745 0.8477896451950073
0.04561346024274826 0.31593096256256104 0.07791749387979507 0.3360515236854553
0.5291793346405029 0.4525967240333557 0.7186779975891113 0.5258396863937378
0.08033076673746109 0.32077908515930176 0.12127978354692459 0.34385520219802856
0.18044963479042053 0.32057616114616394 0.3014969229698181 0.3613828122615814
0.40706372261047363 0.1836807280778885 0.541090726852417 0.2647312879562378
0.031893741339445114 0.34497663378715515 0.054582733660936356 0.36148980259895325
0.44756531715393066 0.28441885113716125 0.6103341579437256 0.35599109530448914
0.07359936088323593 0.3202120065689087 0.10659591108560562 0.34250062704086304
0.40599432587623596 0.18359015882015228 0.539044201374054 0.26413482427597046
0.01806003227829933 0.2858295142650604 0.045285794883966446 0.3020547330379486
0.008133286610245705 0.33786648511886597 0.03406406193971634 0.3572896718978882
0.23735056817531586 0.43220192193984985 0.3806852698326111 0.4994441866874695
0.18044963479042053 0.32057616114616394 0.3014969229698181 0.3613828122615814
0.11487887799739838 0.3259918689727783 0.15434600412845612 0.34958767890930176
