0.27068793773651123 0.24244654178619385 0.3637375235557556 0.29445093870162964
0.12777985632419586 0.22356724739074707 0.18524174392223358 0.2559374272823334
0.529999315738678 0.4524727165699005 0.717590868473053 0.5248931050300598
0.1498054713010788 0.2732413709163666 0.2042296975851059 0.3041416108608246
0.42769578099250793 0.17259465157985687 0.5672569274902344 0.2597973346710205
0.08704738318920135 0.27584370970726013 0.13725528120994568 0.29971328377723694
0.06859448552131653 0.36479318141937256 0.10384845733642578 0.38949787616729736
0.4757762551307678 0.2770228683948517 0.6487311720848083 0.35290154814720154
0.36506330966949463 0.4554542005062103 0.5455983877182007 0.5216192007064819
0.18845750391483307 0.3206275999546051 0.3212304711341858 0.36354300379753113
0.048188716173172 0.28107506036758423 0.08343183994293213 0.30334562063217163
0.23251894116401672 0.42971155047416687 0.38330206274986267 0.502274751663208
0.15277113020420074 0.3283492922782898 0.19169022142887115 0.3568935990333557
0.007914185523986816 0.01644265651702881 0.9712568521499634 0.8825093507766724
0.529339075088501 0.4525719881057739 0.7187862396240234 0.5258904099464417
0.04807020723819733 0.3170711100101471 0.07505486160516739 0.33692535758018494
0.18845750391483307 0.3206275999546051 0.3212304711341858 0.36354300379753113
0.08302929252386093 0.32211971282958984 0.12254916876554489 0.3444932699203491
0.03074927255511284 0.3435269296169281 0.058218639343976974 0.3641591966152191
0.4286784827709198 0.17199912667274475 0.5681002736091614 0.2595047652721405
0.024952001869678497 0.28684917092323303 0.04778699576854706 0.3023979365825653
0.10768777877092361 0.3259081244468689 0.1600501835346222 0.35168951749801636
0.23603686690330505 0.4330942630767822 0.3823375403881073 0.5007275938987732
0.028970390558242798 0.31522423028945923 0.047081924974918365 0.3277549743652344
0.47511017322540283 0.2776455581188202 0.6491448879241943 0.3528989851474762
0.08536320924758911 0.32214799523353577 0.13828086853027344 0.3473154604434967
0.12059930711984634 0.3258867859840393 0.1737889051437378 0.35407930612564087
