0.6776215434074402 0.002870120108127594 0.960109531879425 0.16146111488342285
0.1384778916835785 0.269584983587265 0.2028784453868866 0.2996731102466583
0.3964644968509674 0.17068244516849518 0.5400999188423157 0.2537800669670105
0.12813295423984528 0.22275769710540771 0.18578724563121796 0.2557445466518402
0.5307978391647339 0.45271173119544983 0.7171508073806763 0.5247316956520081
0.27725327014923096 0.2964856028556824 0.45608019828796387 0.3616228699684143
0.8531121611595154 0.14658263325691223 1.0 0.28375306725502014
0.21556486189365387 0.26076382398605347 0.28967830538749695 0.3016892075538635
0.19599314033985138 0.3320244550704956 0.25348061323165894 0.3643903136253357
0.1146615743637085 0.38183140754699707 0.16257891058921814 0.413100004196167
0.09377726167440414 0.27647659182548523 0.13578370213508606 0.30106207728385925
0.3660562336444855 0.4552716314792633 0.5458773374557495 0.5215612649917603
0.05456629768013954 0.28516924381256104 0.09070862829685211 0.3061939477920532
0.06705520302057266 0.35877302289009094 0.09521012753248215 0.37968042492866516
0.5299697518348694 0.45298153162002563 0.7182459235191345 0.5257895588874817
0.06583793461322784 0.3207622468471527 0.10389162600040436 0.3409281075000763
0.24002224206924438 0.4325285255908966 0.3812212347984314 0.5046389698982239
0.679071307182312 0.0030642077326774597 0.9556504487991333 0.16534775495529175
0.03597164899110794 0.34885457158088684 0.06602364778518677 0.3672734797000885
0.10901431739330292 0.32480496168136597 0.14733369648456573 0.3500124216079712
0.04274076595902443 0.3158983290195465 0.07376084476709366 0.3347252309322357
0.2411763072013855 0.4335011839866638 0.38555657863616943 0.5040552020072937
0.13866762816905975 0.3277549147605896 0.19720791280269623 0.35584408044815063
0.011465191841125488 0.014259129762649536 0.9774470925331116 0.9577555656433105
0.27725327014923096 0.2964856028556824 0.45608019828796387 0.3616228699684143
0.1610928177833557 0.32772037386894226 0.20376551151275635 0.35527071356773376
0.13504546880722046 0.327289879322052 0.17663171887397766 0.35378557443618774
0.11672648787498474 0.3255886733531952 0.16640058159828186 0.3531852066516876
0.04733431339263916 0.3154524862766266 0.07202566415071487 0.32807132601737976
0.5813918709754944 0.5543298721313477 0.6504752039909363 0.5966798067092896
