0.32842618227005005 0.21119116246700287 0.4497886300086975 0.27852749824523926
0.6312153339385986 0.2148299366235733 0.8967845439910889 0.32691293954849243
0.5430088043212891 0.09351995587348938 0.7443387508392334 0.2203393280506134
0.11452671885490417 0.272930771112442 0.17113688588142395 0.29999426007270813
0.5302377343177795 0.45274072885513306 0.7182733416557312 0.5258396863937378
0.12852881848812103 0.2222532033920288 0.1861947923898697 0.25584596395492554
0.09257030487060547 0.37315142154693604 0.13575071096420288 0.40164464712142944
0.17766502499580383 0.33126693964004517 0.2289365530014038 0.3621971607208252
0.18429028987884521 0.2689105272293091 0.24691542983055115 0.3027192950248718
0.3678116500377655 0.45529061555862427 0.5451787710189819 0.5214481949806213
0.07418687641620636 0.2795672118663788 0.11187329888343811 0.30143091082572937
0.23032425343990326 0.3120221197605133 0.3846234679222107 0.3646886646747589
0.037589944899082184 0.28304436802864075 0.0701122134923935 0.30432644486427307
0.056946225464344025 0.318697988986969 0.09370782226324081 0.34152764081954956
0.5302377343177795 0.45274072885513306 0.7182733416557312 0.5258396863937378
0.23025032877922058 0.3118436634540558 0.38535013794898987 0.36442020535469055
0.24343566596508026 0.43516606092453003 0.38586562871932983 0.5054556131362915
0.05408854782581329 0.35284289717674255 0.07788598537445068 0.3722132742404938
0.24136270582675934 0.4333215057849884 0.39609241485595703 0.5059221386909485
0.09867111593484879 0.3241843581199646 0.15591032803058624 0.3516058325767517
0.007511228322982788 0.022740870714187622 0.9273374080657959 0.9203805923461914
0.036740269511938095 0.31517529487609863 0.06354221701622009 0.33382272720336914
0.030961859971284866 0.3449566662311554 0.05464201793074608 0.3658035695552826
0.039990171790122986 0.3150801658630371 0.06253912299871445 0.32839643955230713
0.013519170694053173 0.33594992756843567 0.03296823799610138 0.3507806956768036
0.07851871848106384 0.30593547224998474 0.12077188491821289 0.32146450877189636
0.03724940866231918 0.3459025025367737 0.05384822189807892 0.35965490341186523
0.09633287787437439 0.32305508852005005 0.1387200951576233 0.3471229672431946
