0.3814123868942261 0.1909123957157135 0.5043736100196838 0.2565990090370178
0.5309882760047913 0.4529968500137329 0.7165471911430359 0.524560809135437
0.12858405709266663 0.22079595923423767 0.18622389435768127 0.25610101222991943
0.19494199752807617 0.33173781633377075 0.2647112309932709 0.36740708351135254
0.17521993815898895 0.3992553949356079 0.22241456806659698 0.4308306574821472
0.20460446178913116 0.2606215476989746 0.2875869572162628 0.29823070764541626
0.41890648007392883 0.2661425769329071 0.5845303535461426 0.3411835730075836
0.07175915688276291 0.33369892835617065 0.10759062319993973 0.35585397481918335
0.5748565196990967 0.04457800090312958 0.8250625133514404 0.17244622111320496
0.1402089148759842 0.3861618638038635 0.18405012786388397 0.4169837236404419
0.3787161111831665 0.45579993724823 0.5452135801315308 0.5210394263267517
0.029195822775363922 0.34785404801368713 0.05915389209985733 0.3685835301876068
0.15827985107898712 0.33125773072242737 0.20160473883152008 0.36132052540779114
0.3028348684310913 0.24224340915679932 0.39377713203430176 0.29243195056915283
0.10598446428775787 0.37059032917022705 0.14945416152477264 0.39622271060943604
0.5737938284873962 0.04511653631925583 0.823321521282196 0.17243152856826782
0.2208605706691742 0.41976138949394226 0.2883763611316681 0.457657128572464
0.11727801710367203 0.32450926303863525 0.15198028087615967 0.3483242988586426
0.4612344205379486 0.87380450963974 0.5510900020599365 0.9431820511817932
0.27044153213500977 0.3233914077281952 0.38687241077423096 0.3689229190349579
0.27077993750572205 0.3228244185447693 0.3862716853618622 0.3688509464263916
0.0118960440158844 0.049554407596588135 0.9073669910430908 0.8993799090385437
0.41890648007392883 0.2661425769329071 0.5845303535461426 0.3411835730075836
0.013678489252924919 0.3329322636127472 0.038907237350940704 0.3548905551433563
0.5297879576683044 0.45315808057785034 0.7177476286888123 0.525595486164093
0.001227162778377533 0.30587783455848694 0.0658564493060112 0.3334325850009918
0.41957971453666687 0.8958719968795776 0.4770950376987457 0.9573078155517578
0.46320784091949463 0.8738851547241211 0.5509698390960693 0.9428423643112183
0.2673930525779724 0.4337227940559387 0.3943710923194885 0.5057308077812195
0.22224678099155426 0.41982027888298035 0.2933202385902405 0.46361419558525085
0.30187833309173584 0.2419460117816925 0.3939225673675537 0.2923447787761688
0.42900770902633667 0.8766465783119202 0.5417742133140564 0.9629362225532532
0.2673930525779724 0.4337227940559387 0.3943710923194885 0.5057308077812195
0.001227162778377533 0.30587783455848694 0.0658564493060112 0.3334325850009918
