0.8362513184547424 0.16474397480487823 0.9982184767723083 0.29264020919799805
0.12831717729568481 0.22208544611930847 0.18587172031402588 0.2558872699737549
0.5293959379196167 0.4536912143230438 0.7185405492782593 0.5252349972724915
0.3804268538951874 0.2855372130870819 0.5293329954147339 0.35029110312461853
0.3608657717704773 0.19853472709655762 0.4785834550857544 0.2622305154800415
0.06488215923309326 0.33744266629219055 0.10046833753585815 0.35862359404563904
0.17393171787261963 0.3987859785556793 0.2190903127193451 0.4302224814891815
0.5334715247154236 0.07187631726264954 0.7630416750907898 0.19206666946411133
0.1860039383172989 0.33129194378852844 0.25144162774086 0.3664304316043854
0.18181438744068146 0.2664079964160919 0.2564305067062378 0.3013634979724884
0.21877023577690125 0.41958412528038025 0.2870580852031708 0.45932385325431824
0.2547461986541748 0.324791818857193 0.36379319429397583 0.36947205662727356
0.10380028933286667 0.3689993917942047 0.1443476378917694 0.3959232270717621
0.38199663162231445 0.45597437024116516 0.5451446771621704 0.5210736989974976
0.5324486494064331 0.07206793129444122 0.7620515823364258 0.19158558547496796
0.1145666316151619 0.32411515712738037 0.14671266078948975 0.34775102138519287
0.2923870384693146 0.24899013340473175 0.3738235533237457 0.2969423532485962
0.027098529040813446 0.3465186655521393 0.05421047657728195 0.3667397201061249
0.1384267359972 0.3853183090686798 0.17878307402133942 0.4142710864543915
0.14567749202251434 0.3294699788093567 0.1924513727426529 0.35866355895996094
0.010656088590621948 0.060316622257232666 0.9107545614242554 0.9147402048110962
0.5293959379196167 0.4536912143230438 0.7185405492782593 0.5252349972724915
0.006569948047399521 0.3296540081501007 0.03393029049038887 0.35187163949012756
0.0013269241899251938 0.30468693375587463 0.0483681857585907 0.3311958611011505
0.26644548773765564 0.4343465566635132 0.3908971846103668 0.5057206153869629
0.3804268538951874 0.2855372130870819 0.5293329954147339 0.35029110312461853
0.26644548773765564 0.4343465566635132 0.3908971846103668 0.5057206153869629
0.0013269241899251938 0.30468693375587463 0.0483681857585907 0.3311958611011505
0.22104968130588531 0.419195294380188 0.2909570038318634 0.46331673860549927
0.027498211711645126 0.3064601421356201 0.05840449407696724 0.331881582736969
0.254286527633667 0.3253379166126251 0.3633047342300415 0.3696262538433075
