0.531485915184021 0.4522711932659149 0.7183908224105835 0.5247370004653931
0.664137601852417 0.725029706954956 0.9429872035980225 0.8507519960403442
0.6112096309661865 0.1785508245229721 0.8840094804763794 0.299590528011322
0.45945924520492554 0.1493426412343979 0.6095936894416809 0.23321731388568878
0.752376139163971 0.0010047368705272675 0.9990914463996887 0.10089462995529175
0.13109363615512848 0.2098596841096878 0.18930037319660187 0.25655487179756165
0.1789236217737198 0.4010288715362549 0.22677366435527802 0.4327465891838074
0.23767229914665222 0.3307052552700043 0.31768903136253357 0.3730115592479706
0.17885442078113556 0.33177539706230164 0.2414330691099167 0.3662468492984772
0.3414258062839508 0.3053571581840515 0.4868144690990448 0.36488956212997437
0.3717011511325836 0.45586109161376953 0.5455211400985718 0.5207884311676025
0.04666312038898468 0.35540780425071716 0.08089977502822876 0.3767842948436737
0.13626998662948608 0.32530760765075684 0.1798369586467743 0.35217905044555664
0.2218153476715088 0.4206622242927551 0.2880294919013977 0.4604649543762207
0.44388869404792786 0.8955388069152832 0.5163017511367798 0.9427006244659424
0.14351142942905426 0.3877522945404053 0.192648246884346 0.42384421825408936
0.09431740641593933 0.3235597312450409 0.13494044542312622 0.34624579548835754
0.12014864385128021 0.37254276871681213 0.1597384661436081 0.4012288749217987
0.2488812357187271 0.24424712359905243 0.34596383571624756 0.2898613512516022
0.3374364674091339 0.22150085866451263 0.4580630362033844 0.28013941645622253
0.009434223175048828 0.03736433386802673 0.8954256176948547 0.8965216875076294
0.6118420362472534 0.17788106203079224 0.8850595951080322 0.2997643053531647
0.34079647064208984 0.30599886178970337 0.48433417081832886 0.3654658794403076
0.3374364674091339 0.22150085866451263 0.4580630362033844 0.28013941645622253
0.40226832032203674 0.8945352435112 0.5164609551429749 0.988932192325592
0.5310632586479187 0.4525076746940613 0.7191714644432068 0.5254032015800476
0.2823348641395569 0.4352608621120453 0.3994797468185425 0.5060216784477234
0.004603259265422821 0.30531951785087585 0.0859031081199646 0.33698543906211853
0.22480550408363342 0.42089971899986267 0.2940707504749298 0.467408686876297
0.00885515846312046 0.3356826901435852 0.053997382521629333 0.3589574694633484
0.0028371214866638184 0.3041316568851471 0.08898524940013885 0.33628562092781067
0.2488812357187271 0.24424712359905243 0.34596383571624756 0.2898613512516022
0.2809995710849762 0.4344046115875244 0.4062447249889374 0.5064505338668823
0.33916279673576355 0.2210812270641327 0.45876654982566833 0.2787235677242279
0.2823348641395569 0.4352608621120453 0.3994797468185425 0.5060216784477234
