0.5070338249206543 0.12290631234645844 0.6688342094421387 0.2178078144788742
0.5308809280395508 0.4518500566482544 0.7177104949951172 0.5250161290168762
0.44956809282302856 0.8188112378120422 0.6098373532295227 0.9368818402290344
0.2648945748806 0.32806217670440674 0.3485865294933319 0.3722032308578491
0.13103094696998596 0.21013376116752625 0.18934473395347595 0.25706660747528076
0.7828589081764221 0.09893319755792618 1.0 0.25467225909233093
0.17830830812454224 0.40167704224586487 0.22600677609443665 0.43253442645072937
0.19497254490852356 0.3329271674156189 0.26019370555877686 0.3680494427680969
0.2636488378047943 0.23822718858718872 0.3669797480106354 0.2885640263557434
0.3669959604740143 0.45620644092559814 0.5451141595840454 0.5209274291992188
0.05414169281721115 0.3587794601917267 0.09293418377637863 0.38250216841697693
0.14791810512542725 0.3259936571121216 0.19685712456703186 0.354671835899353
0.22119608521461487 0.42064204812049866 0.28666016459465027 0.46009817719459534
0.10582318156957626 0.32234707474708557 0.14824062585830688 0.34637901186943054
0.3945602476596832 0.2882686257362366 0.5645208358764648 0.3592780828475952
0.39538222551345825 0.2884565591812134 0.5635719895362854 0.35919851064682007
0.0073593854904174805 0.023069679737091064 0.9250203967094421 0.8789533972740173
0.3591036796569824 0.21137312054634094 0.486350953578949 0.2778400480747223
0.15201672911643982 0.3891850709915161 0.19405576586723328 0.4232598543167114
0.11553873866796494 0.37243887782096863 0.15633995831012726 0.39979514479637146
0.3959766626358032 0.2901264429092407 0.5615553259849548 0.357238233089447
0.02465326339006424 0.2826003432273865 0.046919241547584534 0.29906749725341797
0.7828589081764221 0.09893319755792618 1.0 0.25467225909233093
0.862423300743103 0.00023035146296024323 1.0 0.05235584080219269
0.3594481348991394 0.2107541859149933 0.48730725049972534 0.27725809812545776
0.011428486555814743 0.3068011701107025 0.09491918981075287 0.33977821469306946
0.011428486555814743 0.3068011701107025 0.09491918981075287 0.33977821469306946
0.4491904377937317 0.8194307088851929 0.6101614832878113 0.9345483779907227
0.2814047932624817 0.4352346658706665 0.3949533700942993 0.5056340098381042
0.017191583290696144 0.3412967622280121 0.060668088495731354 0.3630119264125824
0.5302387475967407 0.45189791917800903 0.7189136743545532 0.5257620811462402
0.3594481348991394 0.2107541859149933 0.48730725049972534 0.27725809812545776
0.22160544991493225 0.42035046219825745 0.2923409640789032 0.4642693102359772
0.014175355434417725 0.03881120681762695 0.7622764110565186 0.6430626511573792
0.25636523962020874 0.3318420648574829 0.316351056098938 0.36928194761276245
0.1470051109790802 0.3874199092388153 0.18587905168533325 0.41716620326042175
0.28014710545539856 0.43435606360435486 0.4005170166492462 0.506140410900116
