0.6198244690895081 0.04955363646149635 0.8387174010276794 0.17177098989486694
0.12847454845905304 0.21964512765407562 0.18587155640125275 0.2559176981449127
0.5433777570724487 0.44848960638046265 0.7451720237731934 0.5244871377944946
0.33832186460494995 0.312622606754303 0.45434582233428955 0.3657483458518982
0.5896989107131958 0.2063492238521576 0.8797181844711304 0.32363495230674744
0.23819109797477722 0.3311777412891388 0.31605228781700134 0.37474778294563293
0.17872454226016998 0.40189841389656067 0.2256632000207901 0.43244853615760803
0.07488089799880981 0.36557796597480774 0.11342093348503113 0.39054837822914124
0.12730686366558075 0.3237159550189972 0.17599250376224518 0.3514821231365204
0.7189014554023743 0.6938912272453308 0.9990969300270081 0.8140310645103455
0.18350237607955933 0.32693541049957275 0.2366892397403717 0.3600682020187378
0.22060158848762512 0.4212048053741455 0.28811922669410706 0.4595404863357544
0.29542016983032227 0.22716519236564636 0.409695565700531 0.2806900441646576
0.3989419937133789 0.19105525314807892 0.543470561504364 0.2677174210548401
0.05234116315841675 0.27862536907196045 0.08414711058139801 0.2998899817466736
0.3762044906616211 0.4554155170917511 0.5512033700942993 0.5212680101394653
0.59334397315979 0.2055804431438446 0.8785291910171509 0.3244323432445526
0.12073829025030136 0.37388136982917786 0.16102370619773865 0.40172508358955383
0.02288159728050232 0.04676935076713562 0.816443681716919 0.6733899116516113
0.5433777570724487 0.44848960638046265 0.7451720237731934 0.5244871377944946
0.1543855369091034 0.38982731103897095 0.19411298632621765 0.4237680435180664
0.3976910710334778 0.18919718265533447 0.5469022393226624 0.26851019263267517
0.2862560749053955 0.4361295998096466 0.4009230136871338 0.5060867667198181
0.0508396215736866 0.3511942923069 0.08182267844676971 0.3739096224308014
0.012433826923370361 0.037842899560928345 0.9305204749107361 0.9458465576171875
0.008311927318572998 0.19255763292312622 0.3993418216705322 0.4963575005531311
0.025332674384117126 0.3456381559371948 0.05605462193489075 0.36643660068511963
0.021150246262550354 0.3072125315666199 0.0915570855140686 0.3419151306152344
0.1314924955368042 0.20397192239761353 0.19951465725898743 0.25746574997901917
0.22203056514263153 0.4204157292842865 0.2915602922439575 0.4627702534198761
0.2872890532016754 0.43699905276298523 0.395209938287735 0.5051911473274231
0.02145097777247429 0.30755823850631714 0.09273535013198853 0.34281986951828003
0.08751305192708969 0.31153690814971924 0.11676520854234695 0.34513628482818604
0.14591777324676514 0.38819852471351624 0.17944619059562683 0.41509994864463806
0.2850896418094635 0.4372485280036926 0.3941502273082733 0.5058550238609314
