0.5180264711380005 0.11713549494743347 0.7270020246505737 0.23077595233917236
0.12887926399707794 0.22176750004291534 0.1861080676317215 0.25593844056129456
0.34355783462524414 0.20470544695854187 0.48000574111938477 0.2670077383518219
0.14549118280410767 0.27567508816719055 0.1941061019897461 0.3047276437282562
0.412898451089859 0.2908669412136078 0.5598373413085938 0.36405548453330994
0.17707455158233643 0.4014226198196411 0.2261521816253662 0.4325252175331116
0.2993878424167633 0.44414183497428894 0.4726806581020355 0.5167096853256226
0.272152841091156 0.3234874904155731 0.35809171199798584 0.36215928196907043
0.19236278533935547 0.3296135365962982 0.24994099140167236 0.36138150095939636
0.7296508550643921 0.15280207991600037 0.9974579811096191 0.29779309034347534
0.23708605766296387 0.42634105682373047 0.31020939350128174 0.4748251438140869
0.4892081022262573 0.459781676530838 0.7367348670959473 0.5406222939491272
0.14757412672042847 0.3892151117324829 0.19515946507453918 0.42357683181762695
0.010861039161682129 0.01440197229385376 0.9706416130065918 0.8777902722358704
0.4892081022262573 0.459781676530838 0.7367348670959473 0.5406222939491272
0.05315595120191574 0.35821986198425293 0.09648067504167557 0.3800395131111145
0.12063340097665787 0.374235063791275 0.16210868954658508 0.4040449559688568
0.7296508550643921 0.15280207991600037 0.9974579811096191 0.29779309034347534
0.09436413645744324 0.3708902895450592 0.13148370385169983 0.3972603380680084
0.04943373426795006 0.3125767111778259 0.1586046665906906 0.35360491275787354
0.4892081022262573 0.459781676530838 0.7367348670959473 0.5406222939491272
0.01071882527321577 0.33646342158317566 0.030809316784143448 0.3529805839061737
0.2835652530193329 0.44283056259155273 0.4627579152584076 0.5187869668006897
0.04141361638903618 0.3115822970867157 0.13905559480190277 0.3515637218952179
0.009254315868020058 0.2821304500102997 0.04293302446603775 0.3034135401248932
0.41431647539138794 0.29165902733802795 0.5604845881462097 0.360882967710495
0.01449514925479889 0.1721300184726715 0.405040979385376 0.49904361367225647
0.5199803113937378 0.1175321638584137 0.7277202606201172 0.23156332969665527
0.14485377073287964 0.38898321986198425 0.1848934292793274 0.4159477651119232
0.3089821934700012 0.44348758459091187 0.47008538246154785 0.5180355906486511
0.23701465129852295 0.42565447092056274 0.310763418674469 0.47413766384124756
0.11266167461872101 0.37375348806381226 0.15402455627918243 0.3999680280685425
