0.2895767390727997 0.44195595383644104 0.37739530205726624 0.4879765212535858
0.1283266395330429 0.22042116522789001 0.18624649941921234 0.25617024302482605
0.24636590480804443 0.24944137036800385 0.3225237727165222 0.29465964436531067
0.47981783747673035 0.26672467589378357 0.6353837847709656 0.3414445221424103
0.1924767792224884 0.40476036071777344 0.24141979217529297 0.43819892406463623
0.2745274007320404 0.3167262375354767 0.3633991777896881 0.35980191826820374
0.7071356773376465 0.0 1.0 0.15534913539886475
0.877204179763794 0.12571656703948975 0.9994546175003052 0.2705089747905731
0.470253586769104 0.4443150460720062 0.6849056482315063 0.5377503633499146
0.14813053607940674 0.38892072439193726 0.19611108303070068 0.4209577441215515
0.42302194237709045 0.16203880310058594 0.5956065654754639 0.2455865740776062
0.03053804114460945 0.27802780270576477 0.0844307690858841 0.3050781786441803
0.007438212633132935 0.028839141130447388 0.9012867212295532 0.8601419925689697
0.42302194237709045 0.16203880310058594 0.5956065654754639 0.2455865740776062
0.12720635533332825 0.3758951723575592 0.1616622805595398 0.40024301409721375
0.019873395562171936 0.3417932093143463 0.05175093561410904 0.36152347922325134
0.02494955062866211 0.3127095103263855 0.06965329498052597 0.3315127491950989
0.14288106560707092 0.31978410482406616 0.20890334248542786 0.3663971424102783
0.10715684294700623 0.3724621832370758 0.15310633182525635 0.3988865911960602
0.067995086312294 0.31370577216148376 0.16920393705368042 0.3581410348415375
0.700869083404541 0.0 0.9992257356643677 0.15252932906150818
0.06510302424430847 0.3605416715145111 0.10843822360038757 0.3811284005641937
0.06839241087436676 0.3134068548679352 0.16746275126934052 0.3582617938518524
0.10085977613925934 0.3137538731098175 0.2081393152475357 0.3648408353328705
0.47600024938583374 0.26511454582214355 0.635664165019989 0.339580237865448
0.4826509356498718 0.4434643089771271 0.6847777962684631 0.5374531149864197
0.10028848797082901 0.37149515748023987 0.13798025250434875 0.39761415123939514
