0.6086423993110657 0.1723003089427948 0.83095782995224 0.2820534408092499
0.11590363085269928 0.3256712555885315 0.15824894607067108 0.35190141201019287
0.1692923903465271 0.4103471636772156 0.23431724309921265 0.4458000659942627
0.19394056499004364 0.3221023976802826 0.25602859258651733 0.35850057005882263
0.13171382248401642 0.21070298552513123 0.18970154225826263 0.2575278580188751
0.10447545349597931 0.3784908056259155 0.14594952762126923 0.4059980511665344
0.3844512701034546 0.27853211760520935 0.46266669034957886 0.3316725194454193
0.12408386170864105 0.27559173107147217 0.18386496603488922 0.3082694411277771
0.35801762342453003 0.28007593750953674 0.4447445869445801 0.33425024151802063
0.04856719449162483 0.3213423192501068 0.07020998001098633 0.33587655425071716
0.06134190037846565 0.2853037118911743 0.09337350726127625 0.3035145401954651
0.026935704052448273 0.31808772683143616 0.0483170747756958 0.3352992832660675
0.036578383296728134 0.2847130000591278 0.056098196655511856 0.3011801540851593
0.35050347447395325 0.28281038999557495 0.41356930136680603 0.3362835645675659
0.18862077593803406 0.32702934741973877 0.218492329120636 0.35086435079574585
0.025995254516601562 0.3481679856777191 0.05379082262516022 0.3674045503139496
0.03438710421323776 0.31773149967193604 0.06603902578353882 0.3349541425704956
0.6086423993110657 0.1723003089427948 0.83095782995224 0.2820534408092499
0.0022430121898651123 0.0 0.9291197061538696 0.9366592168807983
0.0048338789492845535 0.31167230010032654 0.022544531151652336 0.3264625370502472
0.16875490546226501 0.4104601740837097 0.23456430435180664 0.445598840713501
