0.6156347393989563 0.8082613945007324 0.7390357851982117 0.9441388845443726
0.25976210832595825 0.6308764815330505 0.2985727787017822 0.6899545788764954
0.32947513461112976 0.6641250848770142 0.3865070044994354 0.7414271831512451
0.812261700630188 0.6859626173973083 0.9987750053405762 0.8225182890892029
0.15024428069591522 0.5647211670875549 0.18287299573421478 0.6002745032310486
0.23662418127059937 0.614445149898529 0.2746252417564392 0.6659364104270935
0.22531475126743317 0.605603814125061 0.268034428358078 0.663435697555542
0.1574370265007019 0.5692769289016724 0.18589431047439575 0.6029728651046753
0.8119677305221558 0.6887521743774414 0.999875545501709 0.8231621980667114
0.22967500984668732 0.697424054145813 0.28609246015548706 0.7272657155990601
