0.616310715675354 0.8075202703475952 0.7388088703155518 0.9426610469818115
0.25975826382637024 0.6309059262275696 0.29858073592185974 0.6900426745414734
0.3294738531112671 0.6641574501991272 0.38653576374053955 0.741369903087616
0.15018105506896973 0.5647141337394714 0.18284860253334045 0.6001836657524109
0.23651941120624542 0.6144576072692871 0.27463027834892273 0.6657383441925049
0.22533756494522095 0.6056226491928101 0.2681102752685547 0.6633565425872803
0.847619891166687 0.692152202129364 1.0 0.8305279612541199
0.15732525289058685 0.5692576169967651 0.1858999878168106 0.602857232093811
0.8490675687789917 0.6920363903045654 0.9998048543930054 0.8293064832687378
0.22918203473091125 0.6971032023429871 0.2858840525150299 0.7272520661354065
