0.6122707724571228 0.816969633102417 0.7373242974281311 0.9542117118835449
0.2595929205417633 0.6309046745300293 0.29980382323265076 0.6910064220428467
0.32967182993888855 0.665168285369873 0.3865388333797455 0.7420340776443481
0.5510342121124268 0.606309175491333 0.6988219022750854 0.7103456258773804
0.23855994641780853 0.6150280833244324 0.27465152740478516 0.6700246930122375
0.15920871496200562 0.5709357857704163 0.18490001559257507 0.6059097647666931
0.15073531866073608 0.5643998384475708 0.18071919679641724 0.5979834794998169
0.22659221291542053 0.6057559251785278 0.2682051658630371 0.6652984619140625
0.5497787594795227 0.6057220101356506 0.6981934905052185 0.7095350623130798
0.37587445974349976 0.5569640398025513 0.44426876306533813 0.572043776512146
0.2262924611568451 0.6212193965911865 0.2513633668422699 0.660463809967041
