0.6155288815498352 0.8106409311294556 0.7381191849708557 0.9475264549255371
0.48595553636550903 0.4800145626068115 0.59755939245224 0.6083865165710449
0.2610226273536682 0.6313849091529846 0.2991986870765686 0.6907250285148621
0.3293435275554657 0.6643871068954468 0.3871062099933624 0.7420759201049805
0.23893174529075623 0.6145311594009399 0.27359822392463684 0.667876124382019
0.159695565700531 0.5716071128845215 0.1855008602142334 0.6059110164642334
0.15059047937393188 0.5638579726219177 0.17937132716178894 0.5961382985115051
0.22603899240493774 0.6071450710296631 0.2630680501461029 0.6593328714370728
0.5930118560791016 0.004545286297798157 0.992609977722168 0.29035598039627075
0.22489869594573975 0.6174936890602112 0.25150734186172485 0.6603379845619202
