0.6147240996360779 0.8104574084281921 0.7381309866905212 0.9474632143974304
0.26124075055122375 0.6316019892692566 0.29924121499061584 0.6905809044837952
0.3295809030532837 0.6643803119659424 0.38710808753967285 0.7427338361740112
0.23888103663921356 0.6152536869049072 0.27379968762397766 0.6676301956176758
0.22538693249225616 0.606999397277832 0.26352256536483765 0.6593929529190063
0.15991659462451935 0.5715243816375732 0.18559236824512482 0.6064004898071289
0.15086890757083893 0.5640378594398499 0.1793942004442215 0.5969058871269226
0.2559358477592468 0.6275285482406616 0.2915906310081482 0.68107008934021
0.22459469735622406 0.6156600117683411 0.25184664130210876 0.6603975892066956
0.5671143531799316 0.005149617791175842 0.987494707107544 0.2849513292312622
