0.6149158477783203 0.8103004097938538 0.7380510568618774 0.947680652141571
0.2612490653991699 0.6316869258880615 0.2992165684700012 0.6906150579452515
0.32950830459594727 0.6643611788749695 0.387310266494751 0.742259681224823
0.2384718656539917 0.6149519681930542 0.2735046148300171 0.6676976680755615
0.2251916378736496 0.606749415397644 0.26389095187187195 0.6594681739807129
0.15974164009094238 0.5712723731994629 0.1853843331336975 0.6059087514877319
0.15104594826698303 0.5643595457077026 0.1799013316631317 0.5972858667373657
0.4576416611671448 0.221279114484787 0.5406230092048645 0.3352866470813751
0.7091925144195557 0.1785050332546234 0.74541175365448 0.2014879584312439
0.25529739260673523 0.6273692846298218 0.29105237126350403 0.6807018518447876
0.2247992902994156 0.6167038679122925 0.2515738606452942 0.6602375507354736
