0.6148421168327332 0.8102799654006958 0.7380239367485046 0.9477828741073608
0.2612111270427704 0.6315782070159912 0.2992155849933624 0.6906243562698364
0.3294156491756439 0.6644225716590881 0.38729724287986755 0.7422686219215393
0.2386656403541565 0.6149682998657227 0.2735557556152344 0.6678364276885986
0.4581871032714844 0.23587533831596375 0.5378378033638 0.3372845947742462
0.22539100050926208 0.6069471836090088 0.26381736993789673 0.6594895124435425
0.1595538705587387 0.5711343288421631 0.18535806238651276 0.6058218479156494
0.15093505382537842 0.5643476843833923 0.17999595403671265 0.5975677371025085
0.2553791105747223 0.6274398565292358 0.2912118136882782 0.6808120012283325
0.22479742765426636 0.6169320940971375 0.2514667212963104 0.660271942615509
