0.6149553060531616 0.81039959192276 0.7379827499389648 0.947445809841156
0.26113927364349365 0.6315009593963623 0.2992454171180725 0.6903015375137329
0.32945576310157776 0.6642345786094666 0.3871058523654938 0.7427396178245544
0.23876893520355225 0.6152219176292419 0.2735767364501953 0.6677921414375305
0.15965576469898224 0.5713476538658142 0.18546392023563385 0.6061524748802185
0.2256261557340622 0.6070887446403503 0.263827919960022 0.6594861149787903
0.15068233013153076 0.5639360547065735 0.179547518491745 0.5969898104667664
0.4501491189002991 0.2624022364616394 0.5414211750030518 0.3496931195259094
0.25582587718963623 0.627468466758728 0.29156631231307983 0.6810238361358643
0.554093599319458 0.004629567265510559 0.9881538152694702 0.2866126298904419
0.2247343808412552 0.6169822812080383 0.2513772249221802 0.6603400111198425
0.22981055080890656 0.6970859169960022 0.28628724813461304 0.7276856303215027
