0.6122086644172668 0.8107526302337646 0.7384913563728333 0.9477100372314453
0.2608709931373596 0.631783127784729 0.29899078607559204 0.68944251537323
0.46457427740097046 0.126327246427536 0.5660403370857239 0.2406144142150879
0.32994383573532104 0.664106547832489 0.38641172647476196 0.7421744465827942
0.15933319926261902 0.5717502236366272 0.18593493103981018 0.6059554219245911
0.23903796076774597 0.6151082515716553 0.27403268218040466 0.669009804725647
0.1516030877828598 0.5645630955696106 0.1796533316373825 0.5963569283485413
0.2250829041004181 0.6078628301620483 0.26300641894340515 0.6600184440612793
0.2656163275241852 0.5589292049407959 0.3059833347797394 0.5683736801147461
0.2241215705871582 0.6152459979057312 0.251552015542984 0.6605632901191711
0.2569975256919861 0.6276895999908447 0.2913985252380371 0.6814028024673462
