0.6147807836532593 0.8101499080657959 0.7383315563201904 0.9481452703475952
0.26096856594085693 0.631686806678772 0.29926836490631104 0.6900863647460938
0.47269362211227417 0.10420019924640656 0.5891045928001404 0.2202993482351303
0.32982319593429565 0.6642930507659912 0.3867913484573364 0.742446780204773
0.23897843062877655 0.6144117116928101 0.27399879693984985 0.6687816381454468
0.1595812737941742 0.5719241499900818 0.1859915852546692 0.6060741543769836
0.22528649866580963 0.6074507236480713 0.2632932662963867 0.6601951122283936
0.1511610895395279 0.564061164855957 0.17901186645030975 0.5955703258514404
0.26956334710121155 0.5579756498336792 0.3139701783657074 0.5695650577545166
0.2565780580043793 0.6276198029518127 0.2908817231655121 0.6808854937553406
