0.6364190578460693 0.0 0.9949179887771606 0.1550738513469696
0.15517960488796234 0.3249823749065399 0.20823024213314056 0.356143981218338
0.14195817708969116 0.2761482000350952 0.19524788856506348 0.3056473731994629
0.25049614906311035 0.2533799111843109 0.3243265151977539 0.29609665274620056
0.3377503752708435 0.45743298530578613 0.45144110918045044 0.5090563893318176
0.13024680316448212 0.20979535579681396 0.1879495233297348 0.2582349181175232
0.16857704520225525 0.41094496846199036 0.22412753105163574 0.4451230466365814
0.07474103569984436 0.36927783489227295 0.1099168211221695 0.39078933000564575
0.07405413687229156 0.3187125027179718 0.11417973041534424 0.34086939692497253
0.23442332446575165 0.32887136936187744 0.30493950843811035 0.3598702549934387
0.680520236492157 0.44783031940460205 1.0 0.5461887717247009
0.013987261801958084 0.31194958090782166 0.03762849047780037 0.3279133141040802
0.0037856698036193848 0.03241410851478577 0.944819986820221 0.8771965503692627
0.6364752054214478 0.0 0.9944174289703369 0.15541675686836243
0.16884426772594452 0.41073912382125854 0.2242003232240677 0.44512319564819336
