0.20731525123119354 0.26599282026290894 0.2731509208679199 0.3022010922431946
0.7676321864128113 0.12047196179628372 0.9967231154441833 0.2721850574016571
0.12822088599205017 0.3252573013305664 0.17550718784332275 0.35359346866607666
0.13016054034233093 0.2093062549829483 0.18949195742607117 0.25829994678497314
0.1203608438372612 0.2790091931819916 0.167123481631279 0.305982381105423
0.14460930228233337 0.4000867009162903 0.19254833459854126 0.431241512298584
0.4694918990135193 0.09617678821086884 0.711810290813446 0.21876172721385956
0.2984806299209595 0.45118653774261475 0.4006999135017395 0.4987402558326721
0.05891748517751694 0.3624374568462372 0.09098012000322342 0.3832301199436188
0.19642168283462524 0.3323609530925751 0.24929195642471313 0.3603627383708954
0.06066294014453888 0.31778332591056824 0.09739866852760315 0.33895060420036316
0.547624409198761 0.45742735266685486 0.7810065150260925 0.5356428623199463
0.0 0.08028250932693481 1.0 0.9642208218574524
0.002689037472009659 0.3067045211791992 0.02813681587576866 0.3262699246406555
0.5470166802406311 0.4565204083919525 0.780236542224884 0.5367881059646606
0.29813241958618164 0.4512525498867035 0.40005218982696533 0.49876514077186584
0.14460930228233337 0.4000867009162903 0.19254833459854126 0.431241512298584
