0.6170157790184021 0.8105835318565369 0.738415539264679 0.9479880928993225
0.26093563437461853 0.631258487701416 0.3000347912311554 0.6898781061172485
0.329816073179245 0.6648643016815186 0.3870677053928375 0.7424830198287964
0.5807415246963501 0.8108625411987305 0.6619178056716919 0.8327616453170776
0.23940180242061615 0.6146536469459534 0.27372273802757263 0.6681219935417175
0.1599128544330597 0.5719321966171265 0.1862950623035431 0.607527494430542
0.22579003870487213 0.608073353767395 0.26278865337371826 0.6599428653717041
0.1528715193271637 0.5650293827056885 0.1793213188648224 0.5963788032531738
0.6266348361968994 0.0003857240080833435 0.840519905090332 0.09174981713294983
0.3232186436653137 0.562587559223175 0.37783485651016235 0.5777774453163147
0.6266348361968994 0.0003857240080833435 0.840519905090332 0.09174981713294983
0.2570299506187439 0.6277968883514404 0.29160094261169434 0.6809223890304565
