0.6163389682769775 0.8104092478752136 0.7382969856262207 0.9482607245445251
0.26093247532844543 0.6312569379806519 0.29992571473121643 0.6898009777069092
0.329717218875885 0.6648998856544495 0.3869231343269348 0.7425584197044373
0.5763982534408569 0.827066957950592 0.6436275243759155 0.8488097786903381
0.23943959176540375 0.614639937877655 0.2737460732460022 0.6682185530662537
0.15981130301952362 0.5719484090805054 0.18629314005374908 0.607231855392456
0.22583843767642975 0.6081461906433105 0.2625479996204376 0.6599507331848145
0.15264132618904114 0.5648913383483887 0.17922857403755188 0.5961463451385498
0.5963246822357178 0.00119037926197052 0.7873232364654541 0.10983337461948395
0.3157009184360504 0.5628210306167603 0.3708384335041046 0.5774894952774048
0.5958358645439148 0.0001781769096851349 0.7856200337409973 0.10951894521713257
0.2570909857749939 0.6278539896011353 0.29163235425949097 0.6809650659561157
0.22492961585521698 0.6169085502624512 0.2510138750076294 0.6602293252944946
