0.6172044277191162 0.8076475858688354 0.7384542226791382 0.9477959871292114
0.260940283536911 0.6312160491943359 0.29995760321617126 0.6898645162582397
0.3298121988773346 0.6650147438049316 0.3870824873447418 0.7424119710922241
0.5877023339271545 0.801040530204773 0.6691145300865173 0.8273895978927612
0.23936288058757782 0.614587128162384 0.2736530900001526 0.6680920720100403
0.15988892316818237 0.5718494653701782 0.18634164333343506 0.6075063943862915
0.22595177590847015 0.6082189083099365 0.262793630361557 0.6599342823028564
0.15299896895885468 0.5651472210884094 0.17932800948619843 0.5965822339057922
0.32845598459243774 0.5641564726829529 0.38483452796936035 0.5797145962715149
0.6475381255149841 0.0 0.8182922005653381 0.0738544762134552
0.22539865970611572 0.6150584816932678 0.2518419325351715 0.6605455279350281
0.6458929181098938 5.8945268392562866e-05 0.8340412974357605 0.07732461392879486
0.2568998634815216 0.6277315616607666 0.29158154129981995 0.6809583902359009
