0.6171506643295288 0.80738765001297 0.7381618022918701 0.9479368329048157
0.2609228193759918 0.6312064528465271 0.2998502552509308 0.6897290349006653
0.32958006858825684 0.665120542049408 0.3869887590408325 0.7422711253166199
0.5907712578773499 0.7986358404159546 0.6762568354606628 0.8216438293457031
0.23923908174037933 0.6145828366279602 0.273481547832489 0.6676743626594543
0.15999330580234528 0.5718733668327332 0.18619613349437714 0.6071072220802307
0.2256697565317154 0.6080049276351929 0.262818306684494 0.6600532531738281
0.1528390347957611 0.5649749636650085 0.17950835824012756 0.5966268181800842
0.6576154232025146 0.0 0.8316189050674438 0.06472893059253693
0.3313060998916626 0.5644495487213135 0.39051443338394165 0.5801156759262085
0.6575285196304321 0.0002941712737083435 0.8513333797454834 0.0701197162270546
0.68373042345047 0.00383063405752182 0.9275751709938049 0.11166330426931381
