0.6160020232200623 0.8096478581428528 0.737856924533844 0.9478940367698669
0.26100775599479675 0.6314591765403748 0.2997077405452728 0.6899258494377136
0.33007797598838806 0.6651787757873535 0.3869340717792511 0.7429916858673096
0.7029102444648743 0.7250586152076721 0.8043225407600403 0.7551591992378235
0.23896458745002747 0.6143041849136353 0.2737748324871063 0.6677937507629395
0.16027650237083435 0.5719586610794067 0.1865011751651764 0.6072248220443726
0.22609350085258484 0.6078900694847107 0.26299646496772766 0.6601235270500183
0.15204033255577087 0.5644540786743164 0.17887970805168152 0.5959005355834961
0.22541187703609467 0.6150004267692566 0.2519460618495941 0.6604661345481873
0.9796608686447144 0.8130252361297607 1.0 0.8507866859436035
