0.6160738468170166 0.8097116947174072 0.7377445697784424 0.9480260610580444
0.26100027561187744 0.6314613819122314 0.2996993064880371 0.6898982524871826
0.3300991356372833 0.665111780166626 0.3869524300098419 0.7429443597793579
0.6970954537391663 0.7314067482948303 0.8015101552009583 0.7612281441688538
0.2390020787715912 0.6145248413085938 0.27376261353492737 0.6678510904312134
0.16027916967868805 0.5719651579856873 0.18652833998203278 0.6071905493736267
0.2261941134929657 0.6079649329185486 0.26288607716560364 0.6600890755653381
0.1519387662410736 0.5644387602806091 0.1787857711315155 0.5957384705543518
0.22541944682598114 0.6151314377784729 0.2519368529319763 0.6604323983192444
0.9826140999794006 0.8301363587379456 0.999566376209259 0.8523620963096619
0.9812712073326111 0.8264157176017761 1.0 0.86379474401474
