0.6161752343177795 0.810179591178894 0.7379874587059021 0.9480283260345459
0.2610739767551422 0.6314049363136292 0.29958000779151917 0.6896148324012756
0.33006834983825684 0.6650286912918091 0.38685983419418335 0.742706298828125
0.8811247944831848 0.7086669206619263 0.9944507479667664 0.7420905828475952
0.24026957154273987 0.6155698895454407 0.2744539678096771 0.6695169806480408
0.15987765789031982 0.5718234777450562 0.18593230843544006 0.6062580347061157
0.8668161630630493 0.661383330821991 0.9948691129684448 0.6933758854866028
0.22588123381137848 0.6081652641296387 0.2630622386932373 0.6602612733840942
0.15209273993968964 0.5648720264434814 0.17887960374355316 0.5966545343399048
0.438434362411499 0.5836660265922546 0.5174396634101868 0.6023103594779968
0.22548803687095642 0.6156626343727112 0.25196245312690735 0.6606056094169617
0.867734432220459 0.6684738397598267 0.9585188627243042 0.6952856779098511
