0.616153359413147 0.8101600408554077 0.738181471824646 0.9480869770050049
0.26106739044189453 0.6314771771430969 0.29961901903152466 0.6895570158958435
0.33009910583496094 0.6649583578109741 0.3869420289993286 0.7424730062484741
0.2390582114458084 0.6145832538604736 0.27374503016471863 0.6680908203125
0.1599978506565094 0.5720164775848389 0.18614614009857178 0.606559157371521
0.22584404051303864 0.6081817746162415 0.2627284824848175 0.6603514552116394
0.1519167125225067 0.564477264881134 0.17886269092559814 0.596015989780426
0.8387069702148438 0.6883548498153687 0.9838899374008179 0.7414107322692871
0.4256243407726288 0.5797423720359802 0.4993220865726471 0.5986085534095764
0.8377308249473572 0.7040133476257324 0.9440084099769592 0.7421314716339111
0.9138502478599548 0.6821873188018799 1.0 0.715313196182251
0.2250363677740097 0.6169304847717285 0.25125235319137573 0.6605238914489746
