0.6160526871681213 0.8105517625808716 0.7383425831794739 0.9477829933166504
0.26102590560913086 0.6313714981079102 0.29967349767684937 0.6899033784866333
0.33039748668670654 0.6645429134368896 0.3864005208015442 0.7425594329833984
0.23913127183914185 0.6152196526527405 0.27377647161483765 0.6681392788887024
0.2250848263502121 0.6074067950248718 0.26311278343200684 0.6602441668510437
0.7740317583084106 0.636137068271637 0.8814705610275269 0.6685459017753601
0.16002249717712402 0.571877121925354 0.1865299940109253 0.607448935508728
0.15177881717681885 0.5646057724952698 0.17845258116722107 0.5958400368690491
0.4752286672592163 0.5931676626205444 0.553779125213623 0.6137741804122925
0.25656530261039734 0.6275147199630737 0.2908994257450104 0.6807653903961182
