0.6159405708312988 0.8105008602142334 0.738041877746582 0.9479844570159912
0.2609982192516327 0.6313169002532959 0.2995655834674835 0.6899651288986206
0.33040526509284973 0.6645804047584534 0.386417955160141 0.7429144978523254
0.9371926188468933 0.7093750238418579 1.0 0.748460054397583
0.23901312053203583 0.6149014830589294 0.2736702561378479 0.6679789423942566
0.22493556141853333 0.6071018576622009 0.26308006048202515 0.6604270339012146
0.1596890687942505 0.571530282497406 0.18612614274024963 0.6068734526634216
0.8205692768096924 0.6453155279159546 0.9327203035354614 0.6755794286727905
0.15157584846019745 0.5646640658378601 0.17861850559711456 0.5962850451469421
0.2565871477127075 0.6275244355201721 0.29103904962539673 0.6807864308357239
