0.6159900426864624 0.8104349374771118 0.7381830215454102 0.9478657245635986
0.26101070642471313 0.631314218044281 0.2996649146080017 0.6901264786720276
0.3301391899585724 0.6650369763374329 0.38683024048805237 0.742671549320221
0.23898401856422424 0.6150360703468323 0.27370306849479675 0.6679720282554626
0.22495409846305847 0.6071652770042419 0.2633056938648224 0.660362184047699
0.15975338220596313 0.5717456936836243 0.18609315156936646 0.6070154309272766
0.1514725238084793 0.5645586848258972 0.17856411635875702 0.5959487557411194
0.9199613928794861 0.7057356238365173 0.9999919533729553 0.7462471127510071
0.4471202492713928 0.5829796195030212 0.5309836268424988 0.6080989241600037
0.8359490036964417 0.6502903699874878 0.9496358036994934 0.6823819875717163
0.9196492433547974 0.7070167660713196 0.999561071395874 0.7458416819572449
0.2563529312610626 0.627497136592865 0.29085788130760193 0.6807356476783752
