0.616105854511261 0.8100866079330444 0.7378649115562439 0.9478517770767212
0.2607489228248596 0.6314516663551331 0.2996370792388916 0.6895728707313538
0.32988977432250977 0.6649326086044312 0.3871675729751587 0.7422420978546143
0.1600731909275055 0.5731368660926819 0.18713626265525818 0.6075136065483093
0.24067017436027527 0.616041898727417 0.2741599380970001 0.6696910858154297
0.5843154191970825 0.5949259400367737 0.6790975332260132 0.620006263256073
0.15093477070331573 0.5638578534126282 0.17860402166843414 0.5939139723777771
0.22622421383857727 0.6085800528526306 0.26218584179878235 0.6600616574287415
0.6114115118980408 0.6281173229217529 0.7171992659568787 0.6556555032730103
0.25691038370132446 0.6279153823852539 0.2918097972869873 0.6810612678527832
