0.6161157488822937 0.8103722929954529 0.7379637360572815 0.9479863047599792
0.2608911097049713 0.6314989328384399 0.2997417151927948 0.6896085739135742
0.3298976421356201 0.6648706793785095 0.3871089220046997 0.7425020337104797
0.2404465228319168 0.6161390542984009 0.2740403115749359 0.6695319414138794
0.15999868512153625 0.5709826350212097 0.1870112121105194 0.6075295805931091
0.6761527061462402 0.6340087652206421 0.7802767753601074 0.6611770391464233
0.22664634883403778 0.608726978302002 0.26232337951660156 0.6599472761154175
0.5407743453979492 0.5887467861175537 0.6267006397247314 0.6105138063430786
0.15300112962722778 0.5647995471954346 0.1819077730178833 0.5980571508407593
0.15026673674583435 0.5630255937576294 0.1759791076183319 0.592078447341919
0.22573867440223694 0.6152727007865906 0.25193727016448975 0.6605605483055115
0.25708967447280884 0.6279560327529907 0.29165440797805786 0.6810281276702881
