0.6160867810249329 0.8103848099708557 0.7380456328392029 0.9481341242790222
0.26089298725128174 0.6314918994903564 0.2997152805328369 0.689651608467102
0.3298615515232086 0.6649062037467957 0.3870221674442291 0.7424425482749939
0.23978394269943237 0.6161026358604431 0.2740601897239685 0.6699292063713074
0.1601940095424652 0.5715470314025879 0.18662714958190918 0.6077370643615723
0.7672826647758484 0.6436578035354614 0.8907789587974548 0.6734507083892822
0.2262512594461441 0.6087861061096191 0.2627091407775879 0.6601455211639404
0.15267780423164368 0.5648806095123291 0.17868393659591675 0.5959405899047852
0.5043253898620605 0.5835989713668823 0.5846099853515625 0.6031494140625
0.2256021946668625 0.6157048344612122 0.251980721950531 0.660470187664032
0.2569710910320282 0.6278766393661499 0.29142412543296814 0.6807955503463745
