0.6159182190895081 0.810265839099884 0.7380596995353699 0.948093831539154
0.2609623074531555 0.6315579414367676 0.29968100786209106 0.6895720958709717
0.32997220754623413 0.6649650931358337 0.386976957321167 0.7426555752754211
0.23986278474330902 0.6162416934967041 0.2739962041378021 0.6698833703994751
0.160213902592659 0.5716594457626343 0.1867237538099289 0.6078341007232666
0.8168585300445557 0.6502246856689453 0.9479304552078247 0.684841513633728
0.22628699243068695 0.6089235544204712 0.2630961239337921 0.660161018371582
0.15280300378799438 0.5650296807289124 0.17903921008110046 0.5960536599159241
0.7717119455337524 0.00047764740884304047 0.9041017293930054 0.04193311929702759
0.225663423538208 0.61611407995224 0.25191572308540344 0.660485565662384
0.2569722831249237 0.6279613971710205 0.291220098733902 0.6806926727294922
0.4897617995738983 0.5823332667350769 0.5622465014457703 0.601363480091095
