0.6158046126365662 0.8103150725364685 0.7380804419517517 0.9480813145637512
0.2607246935367584 0.6316725015640259 0.29942718148231506 0.6896685361862183
0.33001798391342163 0.6649485230445862 0.38690799474716187 0.7427858710289001
0.8865681886672974 0.6614142060279846 1.0 0.6972165703773499
0.23849523067474365 0.6146133542060852 0.2735646963119507 0.6670939326286316
0.22523555159568787 0.6072428226470947 0.264556348323822 0.6609618663787842
0.16058459877967834 0.5715767741203308 0.1860417127609253 0.6074241995811462
0.15167289972305298 0.5642663240432739 0.17855748534202576 0.5969281196594238
0.7636178731918335 9.987503290176392e-05 0.9151290655136108 0.056308452039957047
0.4647340774536133 0.5762708187103271 0.5456665754318237 0.59752357006073
0.7669553756713867 0.0001777075231075287 0.9142557382583618 0.05648486688733101
