0.6155690550804138 0.8102972507476807 0.7380974888801575 0.9477602243423462
0.26080283522605896 0.6316733360290527 0.29935458302497864 0.6895538568496704
0.33012858033180237 0.6646785736083984 0.38700011372566223 0.7428112030029297
0.23842018842697144 0.614674985408783 0.2735493779182434 0.6671349406242371
0.8357912302017212 0.6508986353874207 0.9650478363037109 0.6870219111442566
0.1604815274477005 0.5713416934013367 0.1857483834028244 0.6062257885932922
0.225372776389122 0.6075683832168579 0.2645840346813202 0.6609951257705688
0.15192672610282898 0.5645893812179565 0.17896604537963867 0.5970304012298584
0.7720154523849487 0.00034831278026103973 0.9059317111968994 0.04599323868751526
0.4811154007911682 0.5811107754707336 0.5562390685081482 0.5999835133552551
