0.1726267784833908 0.3228161931037903 0.23878593742847443 0.35774457454681396
0.39893579483032227 0.27063584327697754 0.5314674973487854 0.34428662061691284
0.7193816900253296 0.0013079643249511719 0.9972774982452393 0.13678309321403503
0.13012835383415222 0.2119811624288559 0.18890222907066345 0.2591645121574402
0.3195180892944336 0.2191203534603119 0.42824476957321167 0.28067848086357117
0.176259383559227 0.40948182344436646 0.23089738190174103 0.4430810213088989
0.8782593607902527 0.1069340705871582 0.9998167157173157 0.24507832527160645
0.3320158123970032 0.4672244191169739 0.42800015211105347 0.5181680917739868
0.05792980641126633 0.3186109960079193 0.09593390673398972 0.34066495299339294
0.7095929384231567 0.4662798345088959 0.9969538450241089 0.5582418441772461
0.33190682530403137 0.467385858297348 0.4272463023662567 0.5179339647293091
0.17431201040744781 0.40662580728530884 0.21797670423984528 0.43773651123046875
0.01774601638317108 0.28226304054260254 0.048273734748363495 0.3009950518608093
0.0 0.037567853927612305 0.9862216711044312 0.9261659979820251
0.7193816900253296 0.0013079643249511719 0.9972774982452393 0.13678309321403503
0.8782593607902527 0.1069340705871582 0.9998167157173157 0.24507832527160645
