0.6156970858573914 0.8094687461853027 0.7383614182472229 0.9473800659179688
0.2608022093772888 0.6312857866287231 0.2995253801345825 0.6893842220306396
0.3300760090351105 0.6642614603042603 0.38604506850242615 0.7398782968521118
0.7780326008796692 0.0 0.9623635411262512 0.1400095522403717
0.630766749382019 0.6759874820709229 0.7337208986282349 0.7051138877868652
0.2396632432937622 0.6148779392242432 0.27376943826675415 0.6686186790466309
0.15960554778575897 0.5714284181594849 0.1853887289762497 0.6053955554962158
0.1522509604692459 0.5650268197059631 0.18001173436641693 0.5973469614982605
0.22512543201446533 0.6074795722961426 0.26222896575927734 0.6600215435028076
0.8807575106620789 0.10070288926362991 0.9969794154167175 0.3403102159500122
