0.6158762574195862 0.8099877834320068 0.7385788559913635 0.9472975730895996
0.2607869505882263 0.6312961578369141 0.2994720935821533 0.6893864870071411
0.7892685532569885 0.0 0.9620127081871033 0.13955935835838318
0.330422580242157 0.6641457080841064 0.3843161463737488 0.7421035766601562
0.6795012354850769 0.6592686772346497 0.7954980731010437 0.6898371577262878
0.240761861205101 0.6157683730125427 0.2743293046951294 0.6700156331062317
0.15961197018623352 0.5712840557098389 0.18554836511611938 0.6061223745346069
0.2252768874168396 0.6076448559761047 0.2620885968208313 0.6598789095878601
0.15217158198356628 0.5647032260894775 0.1797700822353363 0.5972001552581787
0.23245568573474884 0.6095803380012512 0.27115190029144287 0.6627406477928162
0.8765490055084229 0.09277009218931198 0.9968433380126953 0.3388620615005493
