0.6158883571624756 0.8099256157875061 0.7385777235031128 0.947273313999176
0.26078927516937256 0.6312997341156006 0.2994796633720398 0.6892985105514526
0.7872000932693481 0.0 0.9673407077789307 0.14047767221927643
0.33032485842704773 0.6640983819961548 0.38488855957984924 0.7419912815093994
0.688379168510437 0.6534215807914734 0.8023231029510498 0.6876865029335022
0.24070203304290771 0.6158344149589539 0.2743431329727173 0.6700348258018494
0.15977808833122253 0.5713024139404297 0.18565338850021362 0.606157660484314
0.22526851296424866 0.6076982021331787 0.26204392313957214 0.6599119901657104
0.15213678777217865 0.5645727515220642 0.17964284121990204 0.5969845652580261
0.23251575231552124 0.6096815466880798 0.2712607979774475 0.6627649664878845
0.8767178654670715 0.09676528722047806 0.9967923760414124 0.33940982818603516
0.22486944496631622 0.6170780658721924 0.2511843740940094 0.660395622253418
