0.6163352727890015 0.8098032474517822 0.7386800050735474 0.9473623037338257
0.2608383297920227 0.6314309239387512 0.2995237708091736 0.6894599795341492
0.7864908576011658 0.0 0.9658923745155334 0.13917522132396698
0.3301141560077667 0.6649928092956543 0.38727280497550964 0.7431557178497314
0.582854151725769 0.7393536567687988 0.6738831996917725 0.7696765661239624
0.23939140141010284 0.6149402260780334 0.2739713191986084 0.668639600276947
0.22580087184906006 0.6078230142593384 0.2623286843299866 0.6598557233810425
0.7374612092971802 0.07409976422786713 0.8224098682403564 0.10657483339309692
0.15976664423942566 0.571822464466095 0.18793565034866333 0.6068447232246399
0.15188093483448029 0.5648093819618225 0.17961622774600983 0.5955676436424255
0.2248159497976303 0.6148962378501892 0.251872718334198 0.6606387495994568
0.8783367276191711 0.09582929313182831 0.9978939890861511 0.34040552377700806
