0.6148048043251038 0.8103430271148682 0.7384002804756165 0.946975827217102
0.26090899109840393 0.6315882205963135 0.29965952038764954 0.6899718046188354
0.3301103115081787 0.66551673412323 0.38724368810653687 0.7420316934585571
0.7889085412025452 0.0 0.9612331986427307 0.13848325610160828
0.24022242426872253 0.616007924079895 0.2741607129573822 0.6696298122406006
0.1599731594324112 0.5712786912918091 0.1855628937482834 0.6061897277832031
0.2259150743484497 0.6078319549560547 0.2627004384994507 0.6598962545394897
0.15169501304626465 0.5641347169876099 0.17961031198501587 0.596936821937561
0.347267210483551 0.8393836617469788 0.3928963541984558 0.852127730846405
0.22588710486888885 0.6154383420944214 0.2518305778503418 0.660307765007019
0.879018247127533 0.10046591609716415 0.997752845287323 0.33878010511398315
