0.6147742867469788 0.8102948665618896 0.7384325861930847 0.9472769498825073
0.2608962953090668 0.6315931677818298 0.29966697096824646 0.6899455189704895
0.3301076292991638 0.6654861569404602 0.3872404098510742 0.7420663237571716
0.7887962460517883 0.0 0.9616510272026062 0.13850603997707367
0.23934002220630646 0.6152370572090149 0.2738441526889801 0.6683462262153625
0.16008377075195312 0.5712697505950928 0.1855964958667755 0.6061737537384033
0.22595030069351196 0.6077980995178223 0.2626968026161194 0.6598762273788452
0.151866614818573 0.5643463730812073 0.17962881922721863 0.5970075726509094
0.22593672573566437 0.6154161095619202 0.25183233618736267 0.6603099703788757
0.8785521984100342 0.10119638592004776 0.9977006912231445 0.33877843618392944
0.34481072425842285 0.8374925255775452 0.39130914211273193 0.8507055640220642
