0.1296827346086502 0.20638978481292725 0.18944816291332245 0.2566165030002594
0.15491682291030884 0.40196871757507324 0.2136044204235077 0.43633484840393066
0.11612661927938461 0.32347533106803894 0.16872212290763855 0.35125961899757385
0.049270108342170715 0.3185029625892639 0.08221268653869629 0.3402971029281616
0.0906924307346344 0.2759230434894562 0.13527561724185944 0.3017687499523163
0.1722157895565033 0.32975897192955017 0.24351602792739868 0.3625924289226532
0.04510815814137459 0.35197752714157104 0.07748454809188843 0.3720863461494446
0.019665123894810677 0.3089835047721863 0.045904144644737244 0.3291752338409424
0.011949209496378899 0.2801523208618164 0.038620732724666595 0.3012876510620117
0.16992400586605072 0.32989463210105896 0.24322320520877838 0.3623591959476471
0.0 0.0 1.0 0.9786589741706848
