0.1299896091222763 0.20725733041763306 0.1886722892522812 0.25699687004089355
0.42229726910591125 0.26483243703842163 0.6005477905273438 0.3397436738014221
0.0828254371881485 0.3086746037006378 0.12120547890663147 0.33298298716545105
0.2178553193807602 0.25216662883758545 0.30048301815986633 0.2963738441467285
0.2592838704586029 0.3110574781894684 0.3421229422092438 0.35837289690971375
0.13328778743743896 0.3275689482688904 0.1830175220966339 0.35472196340560913
0.3269925117492676 0.4497889280319214 0.4407549500465393 0.499731183052063
0.10762467980384827 0.3756341338157654 0.15139111876487732 0.4023393988609314
0.005524077452719212 0.3340282738208771 0.030182678252458572 0.3504972755908966
0.10762467980384827 0.3756341338157654 0.15139111876487732 0.4023393988609314
0.02461792156100273 0.2753933072090149 0.07706475257873535 0.3026030659675598
0.3263854682445526 0.4502442479133606 0.4403283894062042 0.49987471103668213
0.02446831203997135 0.27449625730514526 0.07781078666448593 0.30243104696273804
0.426754891872406 0.26376545429229736 0.6069958806037903 0.3398897647857666
0.013896673917770386 0.007941097021102905 0.850399374961853 0.9343830347061157
