0.1300172656774521 0.20661155879497528 0.1903754323720932 0.25604987144470215
0.1481381207704544 0.3230963349342346 0.20847131311893463 0.3558027148246765
0.12209874391555786 0.27452489733695984 0.1724110245704651 0.3028466999530792
0.19982503354549408 0.41676753759384155 0.269112765789032 0.45748400688171387
0.07013861835002899 0.3231852352619171 0.10675039887428284 0.34344056248664856
0.03531551733613014 0.30891549587249756 0.06349624693393707 0.3282027840614319
0.0626298114657402 0.3578377962112427 0.09789513796567917 0.3798166513442993
0.22042036056518555 0.32688605785369873 0.31046032905578613 0.3637336492538452
0.020772119984030724 0.27902740240097046 0.04870031774044037 0.30146121978759766
0.21719297766685486 0.3263510465621948 0.3106648623943329 0.36322349309921265
0.0 0.0 0.9981961250305176 0.940960168838501
