0.2200564295053482 0.16160646080970764 0.5060628652572632 0.2937999963760376
0.1305416077375412 0.20848596096038818 0.18859072029590607 0.25838252902030945
0.18519067764282227 0.4143364429473877 0.25361791253089905 0.4543132185935974
0.1343824863433838 0.323772668838501 0.18290337920188904 0.35397469997406006
0.09928575158119202 0.27905675768852234 0.1389351636171341 0.3027212917804718
0.10367566347122192 0.3161219656467438 0.14389662444591522 0.34091827273368835
0.08492197841405869 0.3697783648967743 0.12742042541503906 0.3968052566051483
0.576429009437561 0.4610000550746918 0.7937562465667725 0.5393340587615967
0.06537935137748718 0.3180825710296631 0.09584107995033264 0.3389228582382202
0.18329058587551117 0.22612649202346802 0.3403775095939636 0.3018428683280945
0.033738188445568085 0.34724852442741394 0.06351010501384735 0.3675830066204071
0.06402292102575302 0.2809683680534363 0.09484971314668655 0.30081450939178467
0.011570237576961517 0.3359996974468231 0.03519195690751076 0.3536510169506073
0.04053167998790741 0.31416475772857666 0.06087929755449295 0.33025258779525757
0.08506737649440765 0.3699485957622528 0.1273496299982071 0.39701566100120544
0.01738731935620308 0.31232523918151855 0.03336227312684059 0.3268929719924927
0.1343824863433838 0.323772668838501 0.18290337920188904 0.35397469997406006
