0.5470207333564758 0.0947205200791359 0.7537816166877747 0.21368193626403809
0.2079908698797226 0.3321687877178192 0.27563467621803284 0.36647358536720276
0.42129623889923096 0.45639193058013916 0.5784757733345032 0.5209691524505615
0.18518108129501343 0.40721577405929565 0.24618011713027954 0.44512200355529785
0.13024573028087616 0.20779600739479065 0.19001935422420502 0.25673308968544006
0.29349273443222046 0.23788772523403168 0.38455384969711304 0.28868919610977173
0.29988038539886475 0.4471006989479065 0.3976742625236511 0.49876201152801514
0.8155117034912109 0.12873059511184692 0.9993208646774292 0.27851027250289917
0.422401487827301 0.2789943516254425 0.576479971408844 0.3505866825580597
0.12556445598602295 0.38862404227256775 0.1716880202293396 0.4161545932292938
0.06790905445814133 0.3631232678890228 0.10483086854219437 0.38678374886512756
0.24169066548347473 0.4254256784915924 0.3185293972492218 0.47067776322364807
0.04437442496418953 0.31524866819381714 0.08993533253669739 0.3488643169403076
0.018492907285690308 0.09127873182296753 0.7933310270309448 0.8027342557907104
0.012399233877658844 0.34181976318359375 0.046951908618211746 0.3638914227485657
0.0453391969203949 0.3158726096153259 0.10396377742290497 0.34971851110458374
0.24169066548347473 0.4254256784915924 0.3185293972492218 0.47067776322364807
0.07215145230293274 0.3178931772708893 0.13633283972740173 0.35256776213645935
0.42181169986724854 0.4558958411216736 0.5788631439208984 0.5204238891601562
0.4241713881492615 0.2795737683773041 0.5770543217658997 0.3477543294429779
0.5467537045478821 0.0946764126420021 0.7542818188667297 0.21434623003005981
0.06813220679759979 0.31738516688346863 0.1359827220439911 0.3532598912715912
