0.13021323084831238 0.20677904784679413 0.18971586227416992 0.2566105127334595
0.30007725954055786 0.44704923033714294 0.39966678619384766 0.49939098954200745
0.22748525440692902 0.3320399224758148 0.29877206683158875 0.3671204745769501
0.4268251657485962 0.45725947618484497 0.5884397029876709 0.5210915207862854
0.608639121055603 0.047334395349025726 0.8596467971801758 0.18925747275352478
0.3174282908439636 0.22388523817062378 0.4222261309623718 0.28296494483947754
0.18803197145462036 0.40891584753990173 0.2490968108177185 0.44662949442863464
0.47064730525016785 0.26340967416763306 0.6444505453109741 0.34020620584487915
0.12946149706840515 0.3903889060020447 0.17700818181037903 0.4189360737800598
0.07235820591449738 0.36339905858039856 0.1108255535364151 0.3893229067325592
0.24173390865325928 0.42575663328170776 0.32024264335632324 0.47105151414871216
0.01728002540767193 0.34736618399620056 0.050439901649951935 0.365651398897171
0.01286923885345459 0.060242533683776855 0.8408624529838562 0.8349016904830933
0.608639121055603 0.047334395349025726 0.8596467971801758 0.18925747275352478
0.4268251657485962 0.45725947618484497 0.5884397029876709 0.5210915207862854
0.03514955937862396 0.3063068091869354 0.0681442841887474 0.33156678080558777
0.04992885887622833 0.3154473602771759 0.09798309206962585 0.3509068787097931
0.05156099423766136 0.3157661557197571 0.11618545651435852 0.35147321224212646
0.060536134988069534 0.31363242864608765 0.14700524508953094 0.3549664616584778
0.060536134988069534 0.31363242864608765 0.14700524508953094 0.3549664616584778
0.24173390865325928 0.42575663328170776 0.32024264335632324 0.47105151414871216
0.47064730525016785 0.26340967416763306 0.6444505453109741 0.34020620584487915
