0.7698304057121277 0.0 0.9996002316474915 0.12780384719371796
0.19306667149066925 0.41002288460731506 0.2538211941719055 0.4491908848285675
0.2650866210460663 0.3279849588871002 0.3472481667995453 0.3671477138996124
0.3777942359447479 0.19221363961696625 0.5048598051071167 0.2652610242366791
0.4369335472583771 0.4573113024234772 0.6026320457458496 0.5234493017196655
0.5784539580345154 0.21796129643917084 0.8150008320808411 0.3242841362953186
0.30493873357772827 0.4486585855484009 0.4025212526321411 0.4995182752609253
0.12896160781383514 0.21799181401729584 0.18843595683574677 0.25561392307281494
0.07969872653484344 0.36724382638931274 0.11978021264076233 0.39271044731140137
0.1393095999956131 0.3938288390636444 0.18797515332698822 0.4226129353046417
0.011683225631713867 0.038244783878326416 0.8350293040275574 0.7893937230110168
0.24270755052566528 0.427251935005188 0.32331520318984985 0.47196120023727417
0.02576398104429245 0.3489398658275604 0.056593067944049835 0.3674669563770294
0.06013942137360573 0.3164590001106262 0.111911341547966 0.35425400733947754
0.4369335472583771 0.4573113024234772 0.6026320457458496 0.5234493017196655
0.24270755052566528 0.427251935005188 0.32331520318984985 0.47196120023727417
0.056918296962976456 0.3160497844219208 0.11037832498550415 0.35387465357780457
0.044312816113233566 0.3112275302410126 0.07259565591812134 0.3359059989452362
0.0009009279310703278 0.3303089439868927 0.024603422731161118 0.3499646484851837
0.09719806909561157 0.31657376885414124 0.16947180032730103 0.3570096790790558
0.08064211905002594 0.31461572647094727 0.166780486702919 0.35699641704559326
0.06098584458231926 0.3130917251110077 0.14747267961502075 0.35549041628837585
