0.21955183148384094 0.3256833851337433 0.29406729340553284 0.36424168944358826
0.29075247049331665 0.4418553411960602 0.3802115321159363 0.48865196108818054
0.5372433662414551 0.7669317722320557 0.7826989889144897 0.8910325765609741
0.39349091053009033 0.45959174633026123 0.5227198600769043 0.5186243057250977
0.128305584192276 0.21945703029632568 0.18683958053588867 0.25569862127304077
0.21849802136421204 0.42168888449668884 0.29078051447868347 0.46582916378974915
0.06025300920009613 0.35942021012306213 0.0972239077091217 0.38159385323524475
0.07645300775766373 0.372646689414978 0.12265919893980026 0.3978846073150635
0.13765551149845123 0.38879597187042236 0.19233258068561554 0.42053550481796265
0.035490866750478745 0.34666869044303894 0.07057930529117584 0.3654995858669281
0.4827781319618225 0.1674039661884308 0.8407377600669861 0.3176332414150238
0.0100993812084198 0.06582462787628174 0.8910439014434814 0.854661226272583
0.010546288453042507 0.3110191226005554 0.03976883739233017 0.3279314637184143
0.03497400879859924 0.31686773896217346 0.06329436600208282 0.3350258767604828
0.5613556504249573 0.4563881456851959 0.7921306490898132 0.5397129058837891
0.17837002873420715 0.4090195298194885 0.23775595426559448 0.44477444887161255
0.4783010482788086 0.1667749434709549 0.8440605401992798 0.32171809673309326
0.13034576177597046 0.20383569598197937 0.19823765754699707 0.25696834921836853
0.5373192429542542 0.76838219165802 0.7819401621818542 0.8909850120544434
0.21904700994491577 0.42185652256011963 0.2900450825691223 0.4662436842918396
0.3937792181968689 0.4597737789154053 0.5220180153846741 0.5181269645690918
