0.1770319938659668 0.32431933283805847 0.23981916904449463 0.3589697778224945
0.3795929551124573 0.45781004428863525 0.5021055936813354 0.5153800845146179
0.12980610132217407 0.2094777524471283 0.18767675757408142 0.256051629781723
0.42167896032333374 0.8509314060211182 0.6001065373420715 0.9572890996932983
0.06848689168691635 0.36942431330680847 0.11378961056470871 0.3949260413646698
0.2743420898914337 0.43709737062454224 0.36265167593955994 0.4850590229034424
0.05519767105579376 0.3575552999973297 0.08761224150657654 0.38007500767707825
0.3073465824127197 0.2503322660923004 0.5909246206283569 0.35771313309669495
0.13216525316238403 0.38706856966018677 0.18589165806770325 0.41779035329818726
0.5429111123085022 0.4564347565174103 0.7589556574821472 0.5379357933998108
0.03294476494193077 0.3429548144340515 0.06454107165336609 0.36261194944381714
0.2126222550868988 0.41863077878952026 0.2825470566749573 0.46182024478912354
0.3073465824127197 0.2503322660923004 0.5909246206283569 0.35771313309669495
0.02365831844508648 0.3154842257499695 0.04869302362203598 0.3327674865722656
0.011675775051116943 0.03548428416252136 0.8874576687812805 0.8391793966293335
0.42167896032333374 0.8509314060211182 0.6001065373420715 0.9572890996932983
0.1761392503976822 0.4059867560863495 0.2320617288351059 0.4437563717365265
0.2126222550868988 0.41863077878952026 0.2825470566749573 0.46182024478912354
0.0032320525497198105 0.30785414576530457 0.03029579110443592 0.3269871771335602
0.17705760896205902 0.4065731167793274 0.23390890657901764 0.4433211088180542
0.2744610011577606 0.43738073110580444 0.36289504170417786 0.48529040813446045
