0.6079187989234924 0.20989322662353516 0.8375340104103088 0.3203527331352234
0.34632283449172974 0.44980135560035706 0.45688116550445557 0.5058864951133728
0.12914639711380005 0.2074754685163498 0.18992525339126587 0.25653308629989624
0.4728197455406189 0.46248170733451843 0.6430630087852478 0.5324662923812866
0.1082000732421875 0.32463064789772034 0.1496453583240509 0.35032060742378235
0.15049588680267334 0.3941912055015564 0.20471569895744324 0.42817503213882446
0.19776420295238495 0.41471853852272034 0.25849416851997375 0.45046159625053406
0.10443161427974701 0.3828590214252472 0.15328852832317352 0.4119270145893097
0.08918239176273346 0.3712199330329895 0.12179511785507202 0.3965025544166565
0.2513909637928009 0.43383440375328064 0.33329299092292786 0.48154231905937195
0.0553850382566452 0.31624549627304077 0.0997961163520813 0.3386721611022949
0.04962708055973053 0.27957883477211 0.08177129924297333 0.3002791106700897
0.014906185679137707 0.33698755502700806 0.043752819299697876 0.35730862617492676
0.01517190970480442 0.2861003279685974 0.043429628014564514 0.3026750683784485
0.05804235488176346 0.35595187544822693 0.09519518166780472 0.37610581517219543
0.006915450096130371 0.03895610570907593 0.8802322745323181 0.8873400092124939
0.005144412629306316 0.30718427896499634 0.0235714353621006 0.32065409421920776
0.09362363070249557 0.37507200241088867 0.12240488082170486 0.4046645164489746
0.0976804792881012 0.37939324975013733 0.13290679454803467 0.40785548090934753
