0.3828999698162079 0.45479118824005127 0.5044293999671936 0.5137797594070435
0.27139806747436523 0.43937617540359497 0.3598631024360657 0.4873383641242981
0.17202551662921906 0.32609206438064575 0.23010335862636566 0.3573334217071533
0.1284889429807663 0.20770016312599182 0.19068719446659088 0.256229430437088
0.1577843725681305 0.39640823006629944 0.21522828936576843 0.43156006932258606
0.09437043219804764 0.3193577229976654 0.1500578224658966 0.3456553518772125
0.08166883885860443 0.2763260006904602 0.12296031415462494 0.3014163374900818
0.0901917964220047 0.37173137068748474 0.13114400207996368 0.39499160647392273
0.02376975305378437 0.34082773327827454 0.0579223707318306 0.3628484308719635
0.06604412943124771 0.3581581711769104 0.10306749492883682 0.38121968507766724
0.0367930568754673 0.2822072207927704 0.06978331506252289 0.3042004406452179
0.10601167380809784 0.38496384024620056 0.15891025960445404 0.4139680564403534
0.006330311298370361 0.027369976043701172 0.9144843816757202 0.8111306428909302
0.2064342200756073 0.4177807867527008 0.2732448875904083 0.4576118290424347
0.6097699403762817 0.4676714241504669 0.9071266651153564 0.5575248003005981
0.2064342200756073 0.4177807867527008 0.2732448875904083 0.4576118290424347
0.09701494127511978 0.37409427762031555 0.13252516090869904 0.4021032750606537
0.6093491911888123 0.4668946862220764 0.9096574187278748 0.5576227307319641
0.10099140554666519 0.381276398897171 0.14568503201007843 0.4101972281932831
