0.23974011838436127 0.3162551820278168 0.3143344223499298 0.3579077422618866
0.42286667227745056 0.45696717500686646 0.5623207092285156 0.5192253589630127
0.2879794239997864 0.4448958933353424 0.3780912756919861 0.49179497361183167
0.12886005640029907 0.22156381607055664 0.18680551648139954 0.2557179629802704
0.1665981113910675 0.3994196951389313 0.22690391540527344 0.43456825613975525
0.11664712429046631 0.2775173783302307 0.1622750163078308 0.30298125743865967
0.02867608331143856 0.3422253131866455 0.06641815602779388 0.36566269397735596
0.130119189620018 0.32111096382141113 0.19743166863918304 0.35154008865356445
0.2186228334903717 0.42208200693130493 0.28778669238090515 0.46200835704803467
0.10532476007938385 0.38617396354675293 0.16121308505535126 0.4141632914543152
0.07001000642776489 0.3599550127983093 0.1087048351764679 0.3824805021286011
0.09521203488111496 0.3736422657966614 0.1351042240858078 0.39463990926742554
0.0524129644036293 0.28395095467567444 0.09185398370027542 0.30530235171318054
0.02975047379732132 0.30890709161758423 0.0607893168926239 0.3265640139579773
0.01022803783416748 0.02040162682533264 0.9337810277938843 0.8710240125656128
0.10089544206857681 0.37903398275375366 0.14806436002254486 0.411881685256958
0.21707357466220856 0.42190173268318176 0.28745949268341064 0.4616587460041046
0.00967722199857235 0.3041510581970215 0.02930288203060627 0.32313233613967896
0.8500736951828003 0.46887651085853577 0.9995436668395996 0.5704673528671265
0.07625291496515274 0.3624601662158966 0.11110299080610275 0.38801345229148865
