0.3622114956378937 0.45684078335762024 0.48080137372016907 0.5118024349212646
0.1447668969631195 0.27684882283210754 0.21101874113082886 0.30943217873573303
0.31087541580200195 0.22341535985469818 0.4216535687446594 0.2841399908065796
0.19025863707065582 0.408286988735199 0.25909438729286194 0.45009779930114746
0.12843304872512817 0.22282648086547852 0.18669241666793823 0.2555266320705414
0.10259543359279633 0.31393900513648987 0.14480821788311005 0.3397287428379059
0.35824325680732727 0.0589284673333168 0.43258580565452576 0.08167824894189835
0.1155056357383728 0.3907468914985657 0.17681089043617249 0.4215599298477173
0.3750353455543518 0.27754929661750793 0.5337094068527222 0.3463328778743744
0.07270485907793045 0.276890367269516 0.10617738217115402 0.2994926869869232
0.2663772702217102 0.4372681975364685 0.34739989042282104 0.4812013506889343
0.04916098713874817 0.3159472644329071 0.0804423838853836 0.3333186209201813
0.10457165539264679 0.37754708528518677 0.14089466631412506 0.3998931050300598
0.044118739664554596 0.3483530580997467 0.08485942333936691 0.37195566296577454
0.08386385440826416 0.3638507127761841 0.11774739623069763 0.3914596438407898
0.01641766168177128 0.3432774841785431 0.03754059225320816 0.3588102161884308
0.26673421263694763 0.4386228621006012 0.34586867690086365 0.48128971457481384
0.3741534948348999 0.2778019309043884 0.5329784750938416 0.346477210521698
0.0186981949955225 0.3133205771446228 0.05348554998636246 0.3320573568344116
0.010489225387573242 0.015550792217254639 0.8753196001052856 0.8634040951728821
0.04633176699280739 0.27755579352378845 0.07414194941520691 0.2959248125553131
0.029117880389094353 0.3139432966709137 0.07236889749765396 0.333505779504776
0.004046805202960968 0.2552492022514343 0.1716262698173523 0.41624289751052856
