0.40050774812698364 0.4586678743362427 0.531840443611145 0.515419065952301
0.4884338080883026 0.12133032083511353 0.6739491820335388 0.22797128558158875
0.20249532163143158 0.4137088358402252 0.27480727434158325 0.45569536089897156
0.6010389924049377 0.1747184544801712 0.8970932364463806 0.29891645908355713
0.12888889014720917 0.22157028317451477 0.18662621080875397 0.255699098110199
0.2936842441558838 0.4474828839302063 0.3788380026817322 0.4878643751144409
0.1437181830406189 0.3174372911453247 0.19261807203292847 0.347362756729126
0.19928793609142303 0.2653006911277771 0.28345534205436707 0.30481481552124023
0.09768086671829224 0.27697229385375977 0.13678382337093353 0.30125248432159424
0.12449699640274048 0.3934750556945801 0.18692827224731445 0.4274708032608032
0.377066045999527 0.04487909749150276 0.4583469331264496 0.0655910074710846
0.10757172852754593 0.3796188533306122 0.14477621018886566 0.4030945599079132
0.08448195457458496 0.3655250668525696 0.119733527302742 0.3910740613937378
0.06266342848539352 0.2745714485645294 0.0963628813624382 0.29761967062950134
0.04910796135663986 0.3500830829143524 0.0899932011961937 0.3745570480823517
0.07416418194770813 0.31948238611221313 0.10480935871601105 0.339963436126709
0.00832831859588623 0.03295469284057617 0.8362324237823486 0.8698119521141052
0.4884338080883026 0.12133032083511353 0.6739491820335388 0.22797128558158875
0.022242210805416107 0.34508436918258667 0.04536069184541702 0.36233270168304443
0.03549490123987198 0.31703948974609375 0.07317014783620834 0.3357998728752136
0.6010389924049377 0.1747184544801712 0.8970932364463806 0.29891645908355713
0.0018178895115852356 0.2415567934513092 0.1958763301372528 0.42023107409477234
0.01808386668562889 0.310530424118042 0.037889331579208374 0.3280799388885498
0.09138709306716919 0.30500975251197815 0.12517347931861877 0.31628891825675964
