0.29316866397857666 0.43943119049072266 0.3894801139831543 0.4872841238975525
0.34796181321144104 0.20301514863967896 0.4512201249599457 0.2627163827419281
0.20966380834579468 0.25499895215034485 0.27836671471595764 0.2967511713504791
0.1280260682106018 0.22049207985401154 0.18596166372299194 0.25530242919921875
0.8098849654197693 0.08703587204217911 1.0 0.2324492633342743
0.5626491904258728 0.4597874581813812 0.7677847743034363 0.5371297597885132
0.6871401071548462 0.09806270152330399 0.8179143667221069 0.15310153365135193
0.39597803354263306 0.4603530764579773 0.5154498815536499 0.5131619572639465
0.10572631657123566 0.3242643177509308 0.15037132799625397 0.3504730761051178
0.2780509889125824 0.32171592116355896 0.34355154633522034 0.3622170388698578
0.1422274261713028 0.3910577893257141 0.18103639781475067 0.419882595539093
0.07640303671360016 0.31664061546325684 0.11146368086338043 0.3408133387565613
0.7078074216842651 0.09940457344055176 0.8171842098236084 0.13814760744571686
0.016864269971847534 0.03817126154899597 0.8783582448959351 0.8088010549545288
0.03305630013346672 0.3136123716831207 0.05834796652197838 0.3304014503955841
0.17902599275112152 0.42054933309555054 0.25903844833374023 0.4609227776527405
0.1590193510055542 0.3317667245864868 0.23281356692314148 0.3672407269477844
0.011876964941620827 0.2818079888820648 0.05153082311153412 0.30113205313682556
0.07212534546852112 0.3587932586669922 0.11279836297035217 0.3855752944946289
0.11522729694843292 0.37741371989250183 0.14721976220607758 0.40382012724876404
0.25503966212272644 0.32360219955444336 0.3206622898578644 0.36006808280944824
0.1554628312587738 0.33163708448410034 0.231244295835495 0.3672502636909485
0.17879176139831543 0.4204152226448059 0.25849321484565735 0.4610140323638916
0.39597803354263306 0.4603530764579773 0.5154498815536499 0.5131619572639465
0.02242787927389145 0.34640246629714966 0.05094021558761597 0.3649222254753113
0.049080073833465576 0.357574999332428 0.07129429280757904 0.37594717741012573
0.6502774357795715 0.1082436591386795 0.7098312973976135 0.15197308361530304
0.1314796507358551 0.38723376393318176 0.1657620370388031 0.41569021344184875
0.0997246652841568 0.37525710463523865 0.14455735683441162 0.4032246768474579
0.5626491904258728 0.4597874581813812 0.7677847743034363 0.5371297597885132
0.07212534546852112 0.3587932586669922 0.11279836297035217 0.3855752944946289
0.25436797738075256 0.3268875777721405 0.29209253191947937 0.35768094658851624
0.004349648952484131 0.042103737592697144 0.9154844880104065 0.8604247570037842
0.6793899536132812 0.10100870579481125 0.7657541036605835 0.15323087573051453
