0.13589832186698914 0.27912211418151855 0.19759267568588257 0.316777765750885
0.12912283837795258 0.21805492043495178 0.18769992887973785 0.25648248195648193
0.08501428365707397 0.32012939453125 0.1252928376197815 0.34357303380966187
0.055697791278362274 0.35841599106788635 0.08802910894155502 0.3808191120624542
0.029125217348337173 0.2825518548488617 0.05879805609583855 0.30199626088142395
0.020098885521292686 0.3437894880771637 0.04095545411109924 0.3590746819972992
0.31783968210220337 0.2078406661748886 0.45845842361450195 0.27489882707595825
0.0 0.0 1.0 0.9648839235305786
0.31783968210220337 0.2078406661748886 0.45845842361450195 0.27489882707595825
0.10029274225234985 0.275661826133728 0.19416692852973938 0.31653958559036255
0.003251470625400543 0.320213258266449 0.02428981475532055 0.3340274691581726
