0.12948255240917206 0.2134476602077484 0.18826346099376678 0.2599068582057953
0.18459080159664154 0.26031801104545593 0.2749532163143158 0.3018987476825714
0.03677518665790558 0.3058641254901886 0.07017779350280762 0.3256501853466034
0.05780159309506416 0.2811720669269562 0.13179636001586914 0.31358572840690613
0.02365861088037491 0.3450808525085449 0.05405738204717636 0.3650451898574829
0.05251095071434975 0.28011271357536316 0.13058021664619446 0.31339094042778015
0.00041431188583374023 0.0 1.0 0.976129412651062
0.0826028361916542 0.2843502461910248 0.1315327286720276 0.3132787048816681
0.005921090953052044 0.33476486802101135 0.020718231797218323 0.3493969142436981
0.011796022765338421 0.2826726734638214 0.029824059456586838 0.29968664050102234
