0.14611506462097168 0.27754467725753784 0.2131393551826477 0.31682103872299194
0.12959901988506317 0.21903030574321747 0.18833182752132416 0.2563489079475403
0.03531303256750107 0.28387749195098877 0.06662881374359131 0.3027772307395935
0.060518573969602585 0.36138662695884705 0.09475921094417572 0.3831898868083954
0.09611120820045471 0.3236587345600128 0.13877087831497192 0.34880104660987854
0.02378811500966549 0.3444835841655731 0.04553477466106415 0.3607187569141388
0.3577011823654175 0.1846628338098526 0.5148251056671143 0.26295939087867737
0.3577011823654175 0.1846628338098526 0.5148251056671143 0.26295939087867737
0.10700206458568573 0.2732996940612793 0.20286108553409576 0.316490113735199
0.35670608282089233 0.1851135790348053 0.516144335269928 0.26171231269836426
0.0 0.00907886028289795 1.0 0.9709597229957581
