0.12829847633838654 0.22137488424777985 0.18537141382694244 0.2553112804889679
0.31786999106407166 0.29877781867980957 0.43200376629829407 0.354305624961853
0.33475664258003235 0.4485391676425934 0.4460742175579071 0.49905499815940857
0.18753117322921753 0.32705527544021606 0.25213441252708435 0.36198997497558594
0.11586543917655945 0.26972222328186035 0.18917343020439148 0.3043978214263916
0.5688291192054749 0.2069549858570099 0.8618904948234558 0.3244863450527191
0.1768101453781128 0.40388253331184387 0.2159595787525177 0.43452689051628113
0.09908826649188995 0.32138529419898987 0.13677635788917542 0.3439110219478607
0.04340947046875954 0.3553018569946289 0.07387854158878326 0.37637436389923096
0.45622485876083374 0.46337267756462097 0.5967957377433777 0.5209851861000061
0.058300115168094635 0.3189660906791687 0.08943331986665726 0.33897262811660767
0.22093717753887177 0.435452938079834 0.31530141830444336 0.48307108879089355
0.038473740220069885 0.28067252039909363 0.06902176886796951 0.300465852022171
0.16380423307418823 0.4001584053039551 0.21065106987953186 0.4338948726654053
0.7286237478256226 0.45996060967445374 1.0 0.5588304400444031
0.5757205486297607 0.20616169273853302 0.8637030124664307 0.32463663816452026
0.45622485876083374 0.46337267756462097 0.5967957377433777 0.5209851861000061
0.13498027622699738 0.3882341980934143 0.17573170363903046 0.4182876944541931
0.08300989866256714 0.3670836389064789 0.13780303299427032 0.39591166377067566
0.22093717753887177 0.435452938079834 0.31530141830444336 0.48307108879089355
0.030490810051560402 0.31197288632392883 0.058140307664871216 0.33191540837287903
0.01600048877298832 0.34279924631118774 0.03913483768701553 0.3586016893386841
0.030936546623706818 0.3484431207180023 0.055561795830726624 0.3665584623813629
0.9344024062156677 0.0001429188996553421 0.999403178691864 0.042367905378341675
0.16141588985919952 0.39929088950157166 0.1946054846048355 0.43044158816337585
0.011217117309570312 0.006777286529541016 0.9983502626419067 0.904388964176178
0.7292630076408386 0.4608892500400543 0.9985895752906799 0.5593787431716919
0.12263048440217972 0.3868545889854431 0.16757529973983765 0.41533106565475464
0.08162954449653625 0.3672163486480713 0.1373443305492401 0.3960704207420349
0.22129765152931213 0.43545764684677124 0.31456711888313293 0.4829326868057251
0.000517580658197403 0.305405855178833 0.022384462878108025 0.325447142124176
0.11586543917655945 0.26972222328186035 0.18917343020439148 0.3043978214263916
0.007338888943195343 0.23605328798294067 0.21443843841552734 0.42224377393722534
