0.12796297669410706 0.22119897603988647 0.1855829954147339 0.2554101347923279
0.19191238284111023 0.32885199785232544 0.2564970552921295 0.3602597117424011
0.4106845259666443 0.45476916432380676 0.551846444606781 0.5170312523841858
0.1253194659948349 0.2768172323703766 0.17275889217853546 0.3031711280345917
0.43188849091529846 0.12547476589679718 0.6351390480995178 0.2399556189775467
0.1885436773300171 0.41157498955726624 0.25092604756355286 0.4488169252872467
0.11486014723777771 0.3279266953468323 0.16557550430297852 0.3549814820289612
0.10229312628507614 0.3710947334766388 0.15316519141197205 0.4017968475818634
0.43226706981658936 0.28764766454696655 0.5829755067825317 0.3563375473022461
0.030222998932003975 0.27544650435447693 0.06246277689933777 0.2975652515888214
0.0787903368473053 0.32132336497306824 0.11709935963153839 0.3433031141757965
0.24683913588523865 0.4443656802177429 0.34808120131492615 0.49501270055770874
0.04238167405128479 0.35456526279449463 0.07540179789066315 0.3749820590019226
0.06035380810499191 0.3612019419670105 0.09225843101739883 0.3826661705970764
0.0 0.06054496765136719 0.8887300491333008 0.9482413530349731
0.766588032245636 0.44167205691337585 0.9966521859169006 0.5303870439529419
0.027033347636461258 0.34755054116249084 0.05769902840256691 0.3657553493976593
0.01923268847167492 0.3113623261451721 0.058106012642383575 0.3326238989830017
0.14063677191734314 0.39488929510116577 0.19447284936904907 0.4269897937774658
0.15843050181865692 0.39678895473480225 0.19942305982112885 0.4281296133995056
0.43226706981658936 0.28764766454696655 0.5829755067825317 0.3563375473022461
0.07878677546977997 0.370471715927124 0.10430163145065308 0.39250367879867554
0.9383935332298279 0.09100286662578583 1.0 0.22847269475460052
0.24672941863536835 0.4446084201335907 0.347848117351532 0.4950261414051056
0.4107033610343933 0.4548965096473694 0.5520744919776917 0.5171075463294983
0.03008914738893509 0.34947043657302856 0.055703528225421906 0.3622974157333374
0.008846968412399292 0.08542653918266296 0.667304277420044 0.748767614364624
0.0648832693696022 0.3638172447681427 0.09581319242715836 0.3882301151752472
