0.3136432468891144 0.3130197823047638 0.419787734746933 0.3648907244205475
0.3679330348968506 0.4512098431587219 0.4906206727027893 0.5068773031234741
0.12828370928764343 0.221498042345047 0.1858559548854828 0.25546637177467346
0.14929929375648499 0.32548776268959045 0.20340237021446228 0.3540063202381134
0.6157095432281494 0.18072926998138428 0.8902590274810791 0.3010666072368622
0.25517377257347107 0.22763720154762268 0.376200407743454 0.29105058312416077
0.0851123109459877 0.2768585979938507 0.12564833462238312 0.3016190826892853
0.18586517870426178 0.4090874493122101 0.23668153584003448 0.4433201849460602
0.08980058133602142 0.3237149119377136 0.13258697092533112 0.34837591648101807
0.010460512712597847 0.3101758062839508 0.04268432408571243 0.3299517333507538
0.0564570352435112 0.3593556880950928 0.08857252448797226 0.381089448928833
0.2381453663110733 0.4402613341808319 0.33768022060394287 0.4872078001499176
0.09612348675727844 0.36958080530166626 0.1465884894132614 0.3996254801750183
0.020694781094789505 0.34391456842422485 0.04947406426072121 0.363564670085907
0.0063325464725494385 0.016917884349822998 0.8827251195907593 0.8206349015235901
0.5757852792739868 0.463111937046051 0.7733221054077148 0.5311909317970276
0.0577603280544281 0.31676703691482544 0.09297046065330505 0.3396815061569214
0.15481582283973694 0.39393293857574463 0.19120192527770996 0.4260266423225403
0.5757852792739868 0.463111937046051 0.7733221054077148 0.5311909317970276
0.013082806952297688 0.2803972363471985 0.04267389699816704 0.2987528443336487
0.2388227880001068 0.44062456488609314 0.33726438879966736 0.48749157786369324
0.5757852792739868 0.463111937046051 0.7733221054077148 0.5311909317970276
0.1343085914850235 0.39197638630867004 0.18753497302532196 0.4242275059223175
0.07855911552906036 0.3697566092014313 0.10279256105422974 0.3906295597553253
0.03887377679347992 0.35133835673332214 0.06685713678598404 0.3719944655895233
0.2384978085756302 0.44118532538414 0.3377039432525635 0.48761287331581116
0.002499610185623169 0.18989284336566925 0.3798743784427643 0.4935150146484375
0.17959576845169067 0.40554624795913696 0.21621805429458618 0.4366687536239624
0.6165400743484497 0.18052558600902557 0.8911641836166382 0.301436185836792
0.2555851638317108 0.2274089902639389 0.37554797530174255 0.29149848222732544
0.09529993683099747 0.3694104254245758 0.1477748602628708 0.39987120032310486
