0.35518813133239746 0.44848355650901794 0.4718397259712219 0.5044844746589661
0.12833502888679504 0.22208264470100403 0.18579161167144775 0.2554280161857605
0.26890963315963745 0.32020270824432373 0.35932523012161255 0.3649352192878723
0.5124185681343079 0.2269642949104309 0.718578040599823 0.32403117418289185
0.5270415544509888 0.4626028835773468 0.6945557594299316 0.5295785665512085
0.13249357044696808 0.32387322187423706 0.18103207647800446 0.35086876153945923
0.0695817694067955 0.2788237929344177 0.10563846677541733 0.30115360021591187
0.17440712451934814 0.4042413532733917 0.23030534386634827 0.4405515491962433
0.08247146755456924 0.32301080226898193 0.11776823550462723 0.34526944160461426
0.05272812768816948 0.35819554328918457 0.08366179466247559 0.37991803884506226
0.004974149167537689 0.30805709958076477 0.036258451640605927 0.3275831639766693
0.009434819221496582 0.025154560804367065 0.8839471936225891 0.8402528762817383
0.23341023921966553 0.4406833052635193 0.33134031295776367 0.48642498254776
0.5209193825721741 0.46237385272979736 0.6943923830986023 0.5289463996887207
0.23341023921966553 0.4406833052635193 0.33134031295776367 0.48642498254776
0.09158138930797577 0.3693387806415558 0.14414824545383453 0.40097513794898987
0.05145313963294029 0.31616419553756714 0.08263616263866425 0.33604830503463745
0.2021152675151825 0.2485893815755844 0.30321332812309265 0.29901280999183655
0.12659332156181335 0.39092108607292175 0.1871528923511505 0.4222036302089691
0.5116309523582458 0.22647982835769653 0.717694103717804 0.3251851797103882
0.19265806674957275 0.4084177315235138 0.23028090596199036 0.43986085057258606
0.022001095116138458 0.34575599431991577 0.04720936715602875 0.36134493350982666
0.002524465322494507 0.14920683205127716 0.3671620786190033 0.495353639125824
0.20160581171512604 0.2489004135131836 0.30393630266189575 0.29912447929382324
0.20255011320114136 0.2484433650970459 0.3045138716697693 0.2991047501564026
0.03842807561159134 0.3521767258644104 0.0648530125617981 0.3692854642868042
0.07512584328651428 0.3675655424594879 0.10404881834983826 0.3895384967327118
