0.2126183956861496 0.3252474367618561 0.2852065861225128 0.36429986357688904
0.3444352149963379 0.4475032687187195 0.4548039436340332 0.5004661083221436
0.12845543026924133 0.22226619720458984 0.18590009212493896 0.25499504804611206
0.3765875995159149 0.28333526849746704 0.5158836245536804 0.3476678729057312
0.47139301896095276 0.4624122381210327 0.6235581636428833 0.5241775512695312
0.050091348588466644 0.28109732270240784 0.08205050975084305 0.3009657561779022
0.10896304249763489 0.3217584192752838 0.15185284614562988 0.3464243710041046
0.13997617363929749 0.26453542709350586 0.22527539730072021 0.30481868982315063
0.06667757034301758 0.31913483142852783 0.09884414076805115 0.3410252332687378
0.17235581576824188 0.4039534032344818 0.22075994312763214 0.43688711524009705
0.04706752300262451 0.35667455196380615 0.07835252583026886 0.37861335277557373
0.22497600317001343 0.4370633363723755 0.32220888137817383 0.4840207099914551
0.7968064546585083 0.45260223746299744 0.9994716644287109 0.557578444480896
0.010376214981079102 0.029675692319869995 0.8752104043960571 0.7973272800445557
0.036847494542598724 0.3124110996723175 0.06645096093416214 0.33255472779273987
0.7155404686927795 0.14496521651744843 0.9981216788291931 0.2940872311592102
0.47139301896095276 0.4624122381210327 0.6235581636428833 0.5241775512695312
0.22497600317001343 0.4370633363723755 0.32220888137817383 0.4840207099914551
0.12811148166656494 0.38866958022117615 0.1815718412399292 0.4213753044605255
0.08632780611515045 0.36751672625541687 0.13999684154987335 0.39790019392967224
0.003757377155125141 0.30874282121658325 0.025833778083324432 0.3257424235343933
0.7155404686927795 0.14496521651744843 0.9981216788291931 0.2940872311592102
0.16657407581806183 0.40119054913520813 0.20603789389133453 0.4336438477039337
0.019700974225997925 0.34417638182640076 0.04004766419529915 0.3590225875377655
0.033004507422447205 0.34984102845191956 0.05864948034286499 0.36763694882392883
0.7146168947219849 0.1440267264842987 1.0 0.29805153608322144
0.716488778591156 0.14284369349479675 0.9985640645027161 0.29563698172569275
0.08744383603334427 0.3671322762966156 0.14019855856895447 0.39744797348976135
