0.37642115354537964 0.30615323781967163 0.4968896508216858 0.35984480381011963
0.33053165674209595 0.21941368281841278 0.43134891986846924 0.2782331109046936
0.12824827432632446 0.22192999720573425 0.18598145246505737 0.25554269552230835
0.09753021597862244 0.27317824959754944 0.14051513373851776 0.3016833961009979
0.23051831126213074 0.32950568199157715 0.3105255663394928 0.36794304847717285
0.3080577254295349 0.45878371596336365 0.4262738823890686 0.5114409923553467
0.15765109658241272 0.32925522327423096 0.21138432621955872 0.3595190644264221
0.06304410845041275 0.3161715865135193 0.11564942449331284 0.34314125776290894
0.2255348116159439 0.4243696331977844 0.3001420497894287 0.4697839021682739
0.06971896439790726 0.36483776569366455 0.10169989615678787 0.38813143968582153
0.1649170219898224 0.40428876876831055 0.2311791181564331 0.4414234161376953
0.6515910625457764 0.4626677930355072 0.9411476850509644 0.554447591304779
0.014067530632019043 0.012898862361907959 0.8748854994773865 0.6346068978309631
0.08947309851646423 0.37462249398231506 0.12083210051059723 0.39731231331825256
0.014623054303228855 0.31242695450782776 0.03827369958162308 0.3280429542064667
0.1143597662448883 0.37910863757133484 0.17085373401641846 0.41639527678489685
0.013688243925571442 0.28372204303741455 0.040852442383766174 0.30146026611328125
0.06171925738453865 0.2816767692565918 0.09170034527778625 0.30141961574554443
0.0534014068543911 0.35700345039367676 0.08297313749790192 0.3798009157180786
0.036164626479148865 0.35101357102394104 0.06723826378583908 0.3693481385707855
0.003374248743057251 0.024363070726394653 0.9624100923538208 0.9401000738143921
0.11418035626411438 0.37951895594596863 0.1718347668647766 0.41588839888572693
0.009856507182121277 0.22441303730010986 0.20909148454666138 0.4235979914665222
0.3078586459159851 0.45820707082748413 0.4256795048713684 0.5114268064498901
0.22100326418876648 0.4243296682834625 0.30046990513801575 0.47015151381492615
