0.5496292114257812 0.24927237629890442 0.7533905506134033 0.341744989156723
0.31588515639305115 0.21896272897720337 0.4223603904247284 0.2786868214607239
0.3370729684829712 0.4564933776855469 0.4392881393432617 0.5093213319778442
0.18981122970581055 0.270010769367218 0.25153952836990356 0.3043403625488281
0.12693439424037933 0.22047854959964752 0.1861933320760727 0.2555108070373535
0.3547462224960327 0.30861252546310425 0.4691115617752075 0.3629024624824524
0.4459548592567444 0.4743455946445465 0.6355108618736267 0.540287971496582
0.08588001132011414 0.3221888840198517 0.12406408786773682 0.343050092458725
0.07551383227109909 0.27799898386001587 0.11719762533903122 0.300296425819397
0.10703948885202408 0.3819006681442261 0.14457552134990692 0.40757250785827637
0.07594923675060272 0.36948448419570923 0.11323945224285126 0.3935377597808838
0.05906856432557106 0.3588620126247406 0.08951390534639359 0.3810906708240509
0.16097618639469147 0.32237154245376587 0.24040217697620392 0.3594556450843811
0.148253932595253 0.39314600825309753 0.2154233306646347 0.43527278304100037
0.15044675767421722 0.3934623599052429 0.21609951555728912 0.43327397108078003
0.014352500438690186 0.02629116177558899 0.8365064859390259 0.8064213991165161
0.4459548592567444 0.4743455946445465 0.6355108618736267 0.540287971496582
0.2312476634979248 0.4298441708087921 0.31491392850875854 0.47301772236824036
0.04275117069482803 0.35189351439476013 0.0732874646782875 0.37292882800102234
0.1597321480512619 0.32270556688308716 0.2402428537607193 0.3616454601287842
0.15044675767421722 0.3934623599052429 0.21609951555728912 0.43327397108078003
0.3547462224960327 0.30861252546310425 0.4691115617752075 0.3629024624824524
0.2312476634979248 0.4298441708087921 0.31491392850875854 0.47301772236824036
0.23079141974449158 0.4290744662284851 0.3146604597568512 0.47272950410842896
0.1591673046350479 0.3228243589401245 0.2394433468580246 0.3616797924041748
0.5491385459899902 0.25017279386520386 0.752516508102417 0.3420577645301819
0.4488213062286377 0.47117897868156433 0.6316463947296143 0.543030321598053
0.008046016097068787 0.2389850914478302 0.21762868762016296 0.4180009067058563
0.006035941652953625 0.2808455526828766 0.03041825070977211 0.3016100227832794
