0.19791510701179504 0.2600693106651306 0.27070942521095276 0.29806655645370483
0.12834468483924866 0.22063131630420685 0.18805932998657227 0.2551403045654297
0.1932271420955658 0.32756128907203674 0.2557004392147064 0.3599641025066376
0.4150483310222626 0.4682064354419708 0.5475926995277405 0.5292510390281677
0.5963253974914551 0.22546681761741638 0.8236181735992432 0.3300149142742157
0.04963460564613342 0.35542163252830505 0.08170315623283386 0.3772043287754059
0.2994057834148407 0.4483300447463989 0.4072236120700836 0.49811965227127075
0.08957263827323914 0.37392303347587585 0.1260276436805725 0.39994803071022034
0.5975828170776367 0.22484205663204193 0.8246169090270996 0.3307955265045166
0.07012148201465607 0.36297890543937683 0.09808330237865448 0.3876136243343353
0.6168738603591919 0.47606173157691956 0.9019299745559692 0.5583853721618652
0.13135722279548645 0.3927302658557892 0.17809072136878967 0.4214889705181122
0.19329902529716492 0.40992698073387146 0.27544134855270386 0.4556295573711395
0.2838517725467682 0.30821579694747925 0.40583595633506775 0.3645758628845215
0.012722104787826538 0.04573062062263489 0.8192620277404785 0.8258328437805176
0.6168738603591919 0.47606173157691956 0.9019299745559692 0.5583853721618652
0.0218824353069067 0.2782128155231476 0.06897661834955215 0.3002415597438812
0.19329902529716492 0.40992698073387146 0.27544134855270386 0.4556295573711395
0.041686564683914185 0.3125538229942322 0.07045318931341171 0.3326112627983093
0.5800402164459229 0.06701827794313431 0.7998530864715576 0.19270503520965576
0.2838517725467682 0.30821579694747925 0.40583595633506775 0.3645758628845215
0.009359157644212246 0.3102704882621765 0.03280869871377945 0.32658010721206665
0.5810182094573975 0.06672187894582748 0.8009929656982422 0.19390958547592163
0.5816708207130432 0.06778967380523682 0.7995864748954773 0.19323605298995972
0.4150483310222626 0.4682064354419708 0.5475926995277405 0.5292510390281677
0.056695982813835144 0.35880744457244873 0.08787824213504791 0.382233202457428
0.1307358741760254 0.20416192710399628 0.19466453790664673 0.2555634677410126
0.0218824353069067 0.2782128155231476 0.06897661834955215 0.3002415597438812
0.2981709837913513 0.4486933648586273 0.4074077606201172 0.49813154339790344
