0.4231875538825989 0.470408171415329 0.5598669052124023 0.5319840908050537
0.2140834629535675 0.2550618052482605 0.29425331950187683 0.2963526248931885
0.1279909312725067 0.2206188291311264 0.18647849559783936 0.2553209662437439
0.05002165213227272 0.3554702401161194 0.08213590085506439 0.37732958793640137
0.20307862758636475 0.3278017044067383 0.2685849368572235 0.3612055778503418
0.6309288144111633 0.2104988843202591 0.8774833083152771 0.325752317905426
0.2937360107898712 0.3057715594768524 0.42359545826911926 0.3633247911930084
0.04479651898145676 0.31419041752815247 0.07692519575357437 0.33286628127098083
0.13463738560676575 0.3942616879940033 0.1812872290611267 0.42264947295188904
0.6309288144111633 0.2104988843202591 0.8774833083152771 0.325752317905426
0.30187731981277466 0.44980382919311523 0.41060930490493774 0.49840909242630005
0.09117783606052399 0.37551558017730713 0.12902264297008514 0.4008972644805908
0.6575635075569153 0.007702253758907318 0.9289150834083557 0.16318973898887634
0.19609099626541138 0.4120679795742035 0.28136974573135376 0.45926007628440857
0.07002684473991394 0.36373183131217957 0.09933042526245117 0.3878072202205658
0.02550889179110527 0.2776873707771301 0.07391498982906342 0.3006736636161804
0.6567865610122681 0.4728640615940094 0.9688904285430908 0.5593656897544861
0.015134245157241821 0.03330591320991516 0.8893237113952637 0.8407008647918701
0.19605953991413116 0.4119226336479187 0.28139668703079224 0.45907115936279297
0.016167839989066124 0.3120521605014801 0.03757503628730774 0.3274588882923126
0.6567865610122681 0.4728640615940094 0.9688904285430908 0.5593656897544861
0.6587154865264893 0.008753776550292969 0.929233193397522 0.16170990467071533
0.6582954525947571 0.015881918370723724 0.9343469738960266 0.1630873680114746
0.30203232169151306 0.4499753713607788 0.4106427729129791 0.4984404444694519
0.30203232169151306 0.4499753713607788 0.4106427729129791 0.4984404444694519
0.12978258728981018 0.2037869691848755 0.19538024067878723 0.25582224130630493
0.295367956161499 0.30563417077064514 0.42261141538619995 0.36293378472328186
0.4233994483947754 0.4703262150287628 0.5591897368431091 0.5319994688034058
0.13463738560676575 0.3942616879940033 0.1812872290611267 0.42264947295188904
