0.12848132848739624 0.2203368991613388 0.18784880638122559 0.2553260028362274
0.5261398553848267 0.21575264632701874 0.7565006017684937 0.322539746761322
0.15961693227291107 0.3277026414871216 0.21610556542873383 0.3588249087333679
0.09452202171087265 0.3203766345977783 0.13616830110549927 0.34344202280044556
0.09487214684486389 0.3745177686214447 0.12914924323558807 0.40069296956062317
0.11600375920534134 0.2721417248249054 0.19553890824317932 0.3087042272090912
0.13133612275123596 0.39070314168930054 0.17640534043312073 0.42188411951065063
0.06439606845378876 0.3613715171813965 0.09937191009521484 0.3858109712600708
0.07147578150033951 0.27713045477867126 0.10573770850896835 0.30050399899482727
0.4954321086406708 0.4668770134449005 0.6861359477043152 0.536596417427063
0.02477395161986351 0.3150421977043152 0.05736306682229042 0.33377784490585327
0.37860777974128723 0.30882370471954346 0.4961409866809845 0.36365216970443726
0.26716354489326477 0.43731170892715454 0.37634024024009705 0.49124234914779663
0.3783067762851715 0.30818918347358704 0.4966096580028534 0.3633449375629425
0.2677023708820343 0.43756651878356934 0.37695053219795227 0.4914606213569641
0.1809309422969818 0.41146010160446167 0.24056458473205566 0.44508057832717896
0.009751533158123493 0.3346039056777954 0.03467549383640289 0.35243725776672363
0.18088561296463013 0.4111287295818329 0.24041953682899475 0.4449745714664459
0.2680042088031769 0.43778151273727417 0.3761958181858063 0.4911819100379944
0.0523768812417984 0.31962665915489197 0.08705121278762817 0.3392352759838104
0.004820704460144043 0.016388505697250366 0.8962571024894714 0.8772953748703003
0.3783095180988312 0.3086983263492584 0.4958277642726898 0.3633718192577362
0.013880318962037563 0.2852257192134857 0.03731783479452133 0.302749902009964
0.5245505571365356 0.21635961532592773 0.7576160430908203 0.32217299938201904
0.5007468461990356 0.2739115357398987 0.6146489381790161 0.33331555128097534
