0.1269725263118744 0.22207994759082794 0.18532687425613403 0.25525152683258057
0.13084983825683594 0.2741048336029053 0.17792531847953796 0.3017059564590454
0.23477542400360107 0.33286046981811523 0.31037676334381104 0.3712761402130127
0.1534455269575119 0.32688772678375244 0.20646975934505463 0.3566908836364746
0.16049042344093323 0.40068548917770386 0.2119438350200653 0.4357226490974426
0.22229674458503723 0.42470571398735046 0.29280516505241394 0.46493807435035706
0.6257995963096619 0.17711429297924042 0.8999589085578918 0.3009547293186188
0.12157878279685974 0.38536614179611206 0.15625104308128357 0.4125638008117676
0.22109685838222504 0.23857715725898743 0.34920722246170044 0.2964226305484772
0.441831111907959 0.2907266914844513 0.5777580738067627 0.35652175545692444
0.346012681722641 0.02145577035844326 0.4143519103527069 0.04526328295469284
0.35083696246147156 0.45003369450569153 0.5002412796020508 0.5149180889129639
0.08218902349472046 0.36904603242874146 0.12061041593551636 0.39453762769699097
0.045358456671237946 0.28298988938331604 0.07434924691915512 0.30331262946128845
0.01601829007267952 0.31323981285095215 0.03745865449309349 0.3288356065750122
0.44103312492370605 0.28973132371902466 0.5780212879180908 0.35638219118118286
0.11475151777267456 0.3320508301258087 0.14870968461036682 0.35636189579963684
0.07093290239572525 0.3217165470123291 0.11149414628744125 0.34858381748199463
0.027114294469356537 0.3431924283504486 0.058275774121284485 0.3619195520877838
0.007699310779571533 0.019099116325378418 0.9062721133232117 0.8722192645072937
0.3496076166629791 0.4500665068626404 0.5008335113525391 0.5154241919517517
0.34684956073760986 0.45090314745903015 0.49982255697250366 0.5149347186088562
0.2215729057788849 0.42533865571022034 0.29316988587379456 0.46413740515708923
0.004857798106968403 0.3383540213108063 0.03306202590465546 0.35743388533592224
0.303643137216568 0.44716307520866394 0.35878708958625793 0.4745156466960907
0.09545821696519852 0.33076760172843933 0.13503512740135193 0.35275545716285706
0.4373002350330353 0.2909620702266693 0.5763013362884521 0.3556418716907501
0.08936451375484467 0.32932084798812866 0.12406216561794281 0.350841760635376
0.007219471037387848 0.2454001009464264 0.21541434526443481 0.42473170161247253
0.22133703529834747 0.2375764697790146 0.3487570881843567 0.2959984838962555
0.010218918323516846 0.28247320652008057 0.02934233844280243 0.29917198419570923
