0.28182467818260193 0.4395561218261719 0.36509713530540466 0.488456666469574
0.5328783988952637 0.25482726097106934 0.7057998180389404 0.34139102697372437
0.522027313709259 0.10190896689891815 0.7012774348258972 0.20721550285816193
0.20308560132980347 0.2656935751438141 0.27426692843437195 0.3027603328227997
0.12763866782188416 0.22148603200912476 0.18617501854896545 0.2557597756385803
0.36993974447250366 0.3193203806877136 0.48468244075775146 0.37332701683044434
0.5001177787780762 0.8116242289543152 0.6961261034011841 0.9327661395072937
0.18606315553188324 0.4120607376098633 0.24357794225215912 0.44898146390914917
0.27140700817108154 0.325020432472229 0.3550075888633728 0.3653141260147095
0.09859888255596161 0.2759142518043518 0.13969239592552185 0.3011121153831482
0.14468403160572052 0.3948616683483124 0.1959720402956009 0.4289499819278717
0.4697849750518799 0.46575868129730225 0.6236656904220581 0.5268384218215942
0.09744217991828918 0.32336872816085815 0.13356095552444458 0.3478647470474243
0.2143932580947876 0.32533156871795654 0.27097445726394653 0.3602840304374695
0.046980828046798706 0.3552476167678833 0.08005101978778839 0.37820518016815186
0.46852773427963257 0.46609848737716675 0.6228143572807312 0.5271403789520264
0.09116986393928528 0.3658088445663452 0.1303636133670807 0.39016300439834595
0.8271164894104004 0.09644073992967606 0.995572566986084 0.2601737678050995
0.012132018804550171 0.041937798261642456 0.8944127559661865 0.8528974056243896
0.062173277139663696 0.31816962361335754 0.09592023491859436 0.3406212627887726
0.058554138988256454 0.28047898411750793 0.08783775568008423 0.3005821406841278
0.029133018106222153 0.31612497568130493 0.06306886672973633 0.3338863253593445
0.017497174441814423 0.3443215489387512 0.05123671144247055 0.3659862279891968
0.15678770840168 0.32803434133529663 0.21638144552707672 0.35790014266967773
0.15770913660526276 0.3298914432525635 0.19650934636592865 0.3557547926902771
0.5001177787780762 0.8116242289543152 0.6961261034011841 0.9327661395072937
0.7514296174049377 0.10645705461502075 0.9850404858589172 0.27785128355026245
0.36993974447250366 0.3193203806877136 0.48468244075775146 0.37332701683044434
0.01783934235572815 0.09926289319992065 0.5991970300674438 0.5421273112297058
