0.32642507553100586 0.14836817979812622 0.5897419452667236 0.2637690007686615
0.14667928218841553 0.27708640694618225 0.20325639843940735 0.3059123456478119
0.3934310972690582 0.2870628237724304 0.524612545967102 0.3512095808982849
0.08717916905879974 0.3703116476535797 0.12240009009838104 0.39478257298469543
0.1293870210647583 0.22013868391513824 0.18828541040420532 0.25634148716926575
0.15829779207706451 0.4034297466278076 0.2214248925447464 0.43931329250335693
0.07005748152732849 0.32418954372406006 0.11326071619987488 0.34579139947891235
0.008405029773712158 0.2842480540275574 0.04300607368350029 0.3074277639389038
0.15844908356666565 0.4034138321876526 0.22147369384765625 0.438981294631958
0.0031396280974149704 0.31022095680236816 0.031060928478837013 0.33020585775375366
0.0 0.10132274031639099 0.9952747821807861 0.9735790491104126
