0.10343273729085922 0.2809809148311615 0.149354487657547 0.30466124415397644
0.2578127980232239 0.3210296332836151 0.3384413719177246 0.36445173621177673
0.12920281291007996 0.22038985788822174 0.1876475214958191 0.2562792897224426
0.06467901170253754 0.3612373173236847 0.09663140773773193 0.3824354112148285
0.2340080887079239 0.2134367674589157 0.42177754640579224 0.2877137064933777
0.12277794629335403 0.39058810472488403 0.17762595415115356 0.42132747173309326
0.04297085851430893 0.3212183713912964 0.08069996535778046 0.3425043225288391
0.005895499140024185 0.28461021184921265 0.03144638612866402 0.3065592646598816
0.12932755053043365 0.20745299756526947 0.19729112088680267 0.25882571935653687
0.23448045551776886 0.2132977843284607 0.4221329689025879 0.2875811457633972
0.12303315103054047 0.3908877372741699 0.1777169555425644 0.4215087294578552
0.0 0.0 1.0 0.9932152032852173
