0.2605040967464447 0.6317855715751648 0.29915156960487366 0.6891600489616394
0.3297770023345947 0.6650267243385315 0.38739848136901855 0.7421676516532898
0.932637095451355 0.626803457736969 1.0 0.6649351716041565
0.2390235960483551 0.6148158311843872 0.2736835181713104 0.667081356048584
0.1596783697605133 0.5719888210296631 0.18593212962150574 0.6063095331192017
0.15178169310092926 0.5644452571868896 0.1792544275522232 0.5972886085510254
0.22757546603679657 0.6063711047172546 0.26901936531066895 0.6640841364860535
0.227029487490654 0.6205658912658691 0.25088074803352356 0.6604799032211304
0.23010674118995667 0.6952623724937439 0.289585679769516 0.7275778651237488
0.14234569668769836 0.5405117869377136 0.16188186407089233 0.5560234189033508
0.3295115828514099 0.5167824625968933 0.3778725862503052 0.548305094242096
