0.769581139087677 0.0 0.9406747221946716 0.1353839635848999
0.26087141036987305 0.6312253475189209 0.2996661067008972 0.6896054744720459
0.3296988308429718 0.6647788882255554 0.3872193396091461 0.7429706454277039
0.2398872971534729 0.6147258877754211 0.2736365795135498 0.667346179485321
0.16072705388069153 0.5717984437942505 0.18767845630645752 0.6071146726608276
0.2256089448928833 0.6072841286659241 0.2630535662174225 0.6605836749076843
0.6543523073196411 0.6050341129302979 0.7700525522232056 0.6400450468063354
0.3642071485519409 0.8401050567626953 0.41333019733428955 0.853854775428772
0.15186607837677002 0.5644050240516663 0.1785622537136078 0.5964170098304749
0.13915148377418518 0.5375628471374512 0.1567995548248291 0.557439923286438
0.2583799660205841 0.5441040992736816 0.30475446581840515 0.5574703216552734
0.2333284467458725 0.6969929933547974 0.2913632392883301 0.7274978160858154
0.2562282085418701 0.6274896264076233 0.290830135345459 0.6801208853721619
