0.3676835000514984 0.45452746748924255 0.48099324107170105 0.5049788951873779
0.17235785722732544 0.27372226119041443 0.23508545756340027 0.3098575174808502
0.6074678301811218 0.7426798939704895 0.8585780262947083 0.876239001750946
0.1301777958869934 0.22294925153255463 0.18685823678970337 0.25616341829299927
0.16040605306625366 0.32478436827659607 0.2130468189716339 0.35691139101982117
0.47557562589645386 0.46095770597457886 0.6420003771781921 0.5237743258476257
0.12464220076799393 0.2820000648498535 0.1642785668373108 0.30757683515548706
0.3228107690811157 0.29091978073120117 0.4596308469772339 0.3540235161781311
0.062416572123765945 0.35954391956329346 0.09818938374519348 0.38402336835861206
0.6641790270805359 0.4466796815395355 0.911531388759613 0.5294791460037231
0.3264116644859314 0.1800861954689026 0.5145138502120972 0.2661643922328949
0.14085906744003296 0.3908911943435669 0.19343113899230957 0.4248194694519043
0.05960054695606232 0.31750887632369995 0.09085160493850708 0.33960455656051636
0.17466752231121063 0.41101792454719543 0.25187018513679504 0.45217594504356384
0.09173443168401718 0.36854439973831177 0.13149632513523102 0.39420127868652344
0.07873164862394333 0.2797508239746094 0.11680152267217636 0.3040007948875427
0.3264116644859314 0.1800861954689026 0.5145138502120972 0.2661643922328949
0.028681494295597076 0.31576403975486755 0.05755387246608734 0.3349943459033966
0.09725654870271683 0.323657751083374 0.14221668243408203 0.3486800789833069
0.2231520265340805 0.4324551522731781 0.332862913608551 0.4834706485271454
0.6076483726501465 0.7437126636505127 0.8593473434448242 0.8775103092193604
0.1386478841304779 0.18154367804527283 0.18318313360214233 0.19224813580513
0.2228579819202423 0.43264925479888916 0.3326122462749481 0.4834910035133362
0.014142781496047974 0.06270617246627808 0.8795197010040283 0.9070675373077393
0.6635400056838989 0.44604676961898804 0.9132988452911377 0.5314134955406189
0.17513859272003174 0.4112046957015991 0.2521074116230011 0.4522668123245239
0.4783167839050293 0.4603241980075836 0.6400121450424194 0.525407612323761
0.1313033401966095 0.16357849538326263 0.17120978236198425 0.17197750508785248
0.008943349123001099 0.17980408668518066 0.43862366676330566 0.5094449520111084
0.4783167839050293 0.4603241980075836 0.6400121450424194 0.525407612323761
0.3570632338523865 0.4539937973022461 0.4348573684692383 0.49854886531829834
0.3228107690811157 0.29091978073120117 0.4596308469772339 0.3540235161781311
