0.2609064280986786 0.6311601400375366 0.2999162971973419 0.6902302503585815
0.41707539558410645 0.4997055232524872 0.5024263858795166 0.6191823482513428
0.3302304446697235 0.6644014120101929 0.38642123341560364 0.741971492767334
0.23921075463294983 0.6142154932022095 0.2738383114337921 0.6678792238235474
0.16035231947898865 0.5699743628501892 0.18740299344062805 0.6079093813896179
0.2257414311170578 0.6074117422103882 0.26264044642448425 0.6605938673019409
0.16389057040214539 0.5472549200057983 0.1898183524608612 0.5683776140213013
0.15416547656059265 0.5665698647499084 0.18257954716682434 0.5981525778770447
0.3481958508491516 0.5801005363464355 0.4029427170753479 0.5979858636856079
0.15082980692386627 0.5656284093856812 0.17625807225704193 0.5938161611557007
0.2553328573703766 0.6271106600761414 0.2903566062450409 0.6803533434867859
