0.107740119099617 0.3246137201786041 0.15241564810276031 0.35156968235969543
0.3797447383403778 0.4543650150299072 0.4973691403865814 0.5069690346717834
0.7356158494949341 0.15793046355247498 0.997616171836853 0.29079777002334595
0.1861993372440338 0.3254823684692383 0.24610504508018494 0.360831618309021
0.12831060588359833 0.22135187685489655 0.18790145218372345 0.2554398775100708
0.5832462906837463 0.073851577937603 0.7786204218864441 0.1931358277797699
0.49077221751213074 0.4608357548713684 0.6575820446014404 0.5291544795036316
0.27370840311050415 0.22565044462680817 0.39566516876220703 0.2843860387802124
0.31545570492744446 0.30320310592651367 0.4460310637950897 0.3589633107185364
0.10656517744064331 0.37689757347106934 0.15252119302749634 0.4036514163017273
0.1430768370628357 0.38694506883621216 0.19789937138557434 0.420784592628479
0.03128128498792648 0.34864342212677 0.06773626804351807 0.3666667938232422
0.18990856409072876 0.40923118591308594 0.2535872161388397 0.4483085870742798
0.009717851877212524 0.0702294409275055 0.8787630796432495 0.8580994606018066
0.22433887422084808 0.43083828687667847 0.3175329566001892 0.47507959604263306
0.0020730290561914444 0.30688774585723877 0.034812845289707184 0.3281014561653137
0.2700716257095337 0.44462308287620544 0.3791229724884033 0.5002431869506836
0.31545570492744446 0.30320310592651367 0.4460310637950897 0.3589633107185364
0.31545570492744446 0.30320310592651367 0.4460310637950897 0.3589633107185364
0.5832462906837463 0.073851577937603 0.7786204218864441 0.1931358277797699
0.2700716257095337 0.44462308287620544 0.3791229724884033 0.5002431869506836
0.8171302676200867 0.44440293312072754 1.0 0.5370213985443115
0.011106638237833977 0.3374525308609009 0.04473388195037842 0.35656237602233887
0.22385510802268982 0.4297584295272827 0.31603768467903137 0.47438788414001465
0.11586353182792664 0.19243848323822021 0.15640944242477417 0.2013954222202301
0.8162102699279785 0.4441804587841034 0.9994493722915649 0.5367580652236938
0.016933321952819824 0.19356457889080048 0.4354361593723297 0.5131226181983948
0.27413108944892883 0.22483018040657043 0.39554664492607117 0.2841242849826813
0.023981988430023193 0.07791444659233093 0.7759585976600647 0.6026270389556885
