0.37640419602394104 0.4549811780452728 0.4997033178806305 0.507736086845398
0.5472797155380249 0.45935797691345215 0.7349729537963867 0.5338808298110962
0.13922160863876343 0.3253834843635559 0.19192463159561157 0.355718195438385
0.45119526982307434 0.25814905762672424 0.6471654176712036 0.3404875099658966
0.24093885719776154 0.3215867877006531 0.3154473900794983 0.3611592650413513
0.1299249678850174 0.22165389358997345 0.1871100217103958 0.25654077529907227
0.046316828578710556 0.35273048281669617 0.08249145746231079 0.3738432228565216
0.15050862729549408 0.390412837266922 0.20602630078792572 0.4259614646434784
0.18901631236076355 0.4097883403301239 0.25361475348472595 0.44632819294929504
0.009824134409427643 0.30812835693359375 0.04386506229639053 0.3298588991165161
0.1182079017162323 0.38155290484428406 0.16839170455932617 0.4113219678401947
0.013626158237457275 0.05201122164726257 0.8315280675888062 0.8365596532821655
0.3982199728488922 0.14386266469955444 0.5910189747810364 0.2409246563911438
0.22715657949447632 0.4311906099319458 0.32211726903915405 0.4754360318183899
0.39911484718322754 0.14522260427474976 0.5899173021316528 0.2413696050643921
0.2708008289337158 0.44473832845687866 0.38075000047683716 0.5005084872245789
0.2708008289337158 0.44473832845687866 0.38075000047683716 0.5005084872245789
0.020051799714565277 0.34111133217811584 0.05202961713075638 0.3614560067653656
0.22715657949447632 0.4311906099319458 0.32211726903915405 0.4754360318183899
0.45119526982307434 0.25814905762672424 0.6471654176712036 0.3404875099658966
0.13099268078804016 0.2489258497953415 0.17470917105674744 0.2633083760738373
0.019490301609039307 0.17903201282024384 0.46627575159072876 0.5138464570045471
0.18980532884597778 0.40932565927505493 0.25356411933898926 0.44820111989974976
0.006364384666085243 0.3345169126987457 0.03159269690513611 0.35226717591285706
0.2706930637359619 0.44458821415901184 0.37929779291152954 0.5015155673027039
