0.47170326113700867 0.4607364535331726 0.6300366520881653 0.5249034762382507
0.3410598039627075 0.45272544026374817 0.45047610998153687 0.5003559589385986
0.1298919916152954 0.22309547662734985 0.18755576014518738 0.25512608885765076
0.12636898458003998 0.280945748090744 0.17550839483737946 0.31177327036857605
0.4714176058769226 0.23928715288639069 0.7221500277519226 0.3406294584274292
0.6625587344169617 0.4458044767379761 0.908855140209198 0.5309288501739502
0.12237513810396194 0.3232981860637665 0.1664375364780426 0.350778192281723
0.22695212066173553 0.3184068500995636 0.32196885347366333 0.36169835925102234
0.09397193044424057 0.2852046489715576 0.12625804543495178 0.3075772523880005
0.06012776494026184 0.3596458435058594 0.09604564309120178 0.38416582345962524
0.08912500739097595 0.36607831716537476 0.12170770764350891 0.3898981809616089
0.1944771409034729 0.4216354489326477 0.29067909717559814 0.47121894359588623
0.3754756450653076 0.24191179871559143 0.6689009666442871 0.35404172539711
0.07104101777076721 0.3209921717643738 0.11235788464546204 0.3415778875350952
0.05795217305421829 0.2813072204589844 0.08936930447816849 0.30385321378707886
0.5453432202339172 0.06581546366214752 0.8408446907997131 0.20784778892993927
0.12479335069656372 0.38523316383361816 0.17089787125587463 0.4148385524749756
0.4220898151397705 0.8936032652854919 0.5532206892967224 0.9909356236457825
0.152715265750885 0.4028159976005554 0.22346904873847961 0.43974703550338745
0.009572148323059082 0.06443274021148682 0.8241291046142578 0.8690100908279419
0.14545859396457672 0.17889173328876495 0.1895279437303543 0.18971319496631622
0.5453432202339172 0.06581546366214752 0.8408446907997131 0.20784778892993927
0.20596235990524292 0.24793106317520142 0.3175274133682251 0.2978211045265198
0.038450732827186584 0.31593507528305054 0.07013004273176193 0.33437418937683105
0.1944771409034729 0.4216354489326477 0.29067909717559814 0.47121894359588623
0.45460045337677 0.8888203501701355 0.551285982131958 0.9677905440330505
0.20596235990524292 0.24793106317520142 0.3175274133682251 0.2978211045265198
0.016789184883236885 0.3135543763637543 0.04248551279306412 0.3332100808620453
0.22879742085933685 0.24867837131023407 0.32439324259757996 0.29589736461639404
0.13847583532333374 0.1600957065820694 0.1786518096923828 0.16948382556438446
0.4220898151397705 0.8936032652854919 0.5532206892967224 0.9909356236457825
0.11185191571712494 0.18668293952941895 0.14689312875270844 0.19545063376426697
0.5453432202339172 0.06581546366214752 0.8408446907997131 0.20784778892993927
0.1527446061372757 0.4024460017681122 0.22327663004398346 0.43936899304389954
