0.12833118438720703 0.22312018275260925 0.18722710013389587 0.2550085186958313
0.49172186851501465 0.26187583804130554 0.6724156141281128 0.34447726607322693
0.39764273166656494 0.4566430449485779 0.5036526322364807 0.5103225708007812
0.6080403923988342 0.4449008107185364 0.8429905772209167 0.5281736850738525
0.2545168995857239 0.4344075322151184 0.33885955810546875 0.47701555490493774
0.22225990891456604 0.2566255033016205 0.33060547709465027 0.30479779839515686
0.07417958229780197 0.2830909192562103 0.11092766374349594 0.30721017718315125
0.0780746340751648 0.31952589750289917 0.11204497516155243 0.3410518765449524
0.0398092158138752 0.3150343894958496 0.076479971408844 0.3343789577484131
0.38236650824546814 0.4574471116065979 0.4430956542491913 0.5012767910957336
0.1262001395225525 0.3901774287223816 0.18303173780441284 0.42246413230895996
0.0602058507502079 0.3597354590892792 0.09476752579212189 0.3848892152309418
0.10366726666688919 0.3767753839492798 0.14318647980690002 0.4006316065788269
0.27053526043891907 0.3188632130622864 0.36979326605796814 0.37105321884155273
0.014685183763504028 0.019929349422454834 0.8995249271392822 0.8411719799041748
0.10494467616081238 0.27264633774757385 0.1815994381904602 0.3045004904270172
0.1857202649116516 0.3127024173736572 0.32306820154190063 0.37186259031295776
0.49172186851501465 0.26187583804130554 0.6724156141281128 0.34447726607322693
0.12950927019119263 0.32637131214141846 0.18657773733139038 0.3581278324127197
0.6080403923988342 0.4449008107185364 0.8429905772209167 0.5281736850738525
0.10246651619672775 0.2739230990409851 0.18366411328315735 0.3050069212913513
0.15868887305259705 0.40468674898147583 0.2312527596950531 0.44777345657348633
0.049198590219020844 0.28451767563819885 0.07779527455568314 0.3028270900249481
0.15868887305259705 0.40468674898147583 0.2312527596950531 0.44777345657348633
0.1539505422115326 0.1752157360315323 0.20080101490020752 0.18528784811496735
0.0872185230255127 0.3651527464389801 0.11699174344539642 0.3879220187664032
0.26295727491378784 0.31820905208587646 0.3689236044883728 0.37033337354660034
0.12950927019119263 0.32637131214141846 0.18657773733139038 0.3581278324127197
0.2227209210395813 0.2572731673717499 0.33102554082870483 0.30514290928840637
0.21178844571113586 0.31663239002227783 0.3610306680202484 0.37295472621917725
0.15180256962776184 0.15887600183486938 0.18828892707824707 0.16688087582588196
0.18699009716510773 0.3130524754524231 0.3296063542366028 0.3725058436393738
0.015843495726585388 0.3137896955013275 0.03942841663956642 0.3298180401325226
0.12283580750226974 0.18303832411766052 0.1565741002559662 0.1920965015888214
0.030058979988098145 0.28534629940986633 0.048459723591804504 0.29965904355049133
