0.46460697054862976 0.4593201279640198 0.6244668960571289 0.5242292881011963
0.45972564816474915 0.12677720189094543 0.6941177845001221 0.245161235332489
0.11582548171281815 0.28059378266334534 0.16400974988937378 0.31045159697532654
0.12978102266788483 0.22299881279468536 0.18748073279857635 0.25585681200027466
0.45266488194465637 0.26182886958122253 0.6360163688659668 0.34945228695869446
0.3308999240398407 0.45102056860923767 0.4360800087451935 0.4983353316783905
0.6612077355384827 0.44609519839286804 0.9094552397727966 0.5309388637542725
0.11720534414052963 0.32314127683639526 0.15632371604442596 0.3488665819168091
0.20890294015407562 0.31982508301734924 0.29872798919677734 0.36224034428596497
0.33141618967056274 0.26388850808143616 0.6220192313194275 0.35994985699653625
0.14799350500106812 0.4002925753593445 0.2166675329208374 0.4362338185310364
0.12003350257873535 0.38337549567222595 0.16664305329322815 0.4114937484264374
0.08558207750320435 0.28469955921173096 0.11686244606971741 0.30711132287979126
0.08659067749977112 0.36522066593170166 0.12042015790939331 0.3888202905654907
0.18802888691425323 0.4193643629550934 0.2808888852596283 0.46831318736076355
0.06025948002934456 0.3596307635307312 0.09426146745681763 0.3835349678993225
0.06279811263084412 0.3195100724697113 0.10534144937992096 0.34052661061286926
0.04973524063825607 0.28167983889579773 0.08191465586423874 0.30319783091545105
0.010737806558609009 0.08067047595977783 0.8611689805984497 0.8819605708122253
0.14687944948673248 0.17830118536949158 0.19229938089847565 0.18926796317100525
0.03686661273241043 0.31676241755485535 0.06425647437572479 0.33496055006980896
0.18802888691425323 0.4193643629550934 0.2808888852596283 0.46831318736076355
0.18319745361804962 0.25636783242225647 0.2940486967563629 0.3003941476345062
0.18319745361804962 0.25636783242225647 0.2940486967563629 0.3003941476345062
0.01960126683115959 0.31479501724243164 0.03842455893754959 0.3305601477622986
0.12745650112628937 0.20958761870861053 0.19350694119930267 0.2580934166908264
0.33036869764328003 0.4512473940849304 0.4360559582710266 0.4982830286026001
0.06593924760818481 0.3608322739601135 0.11011655628681183 0.3875582814216614
0.13860809803009033 0.15875014662742615 0.17895692586898804 0.16860803961753845
0.3074193596839905 0.4473164677619934 0.3398571014404297 0.46935296058654785
0.45972564816474915 0.12677720189094543 0.6941177845001221 0.245161235332489
0.4589325487613678 0.12596888840198517 0.694121778011322 0.2453228384256363
