0.6099944114685059 0.20373640954494476 0.8434268236160278 0.3177419900894165
0.42943257093429565 0.45670461654663086 0.5770609974861145 0.5142594575881958
0.1303454488515854 0.21267420053482056 0.18808545172214508 0.25929680466651917
0.298628568649292 0.30365025997161865 0.39345163106918335 0.35396653413772583
0.18897172808647156 0.41019123792648315 0.2545938789844513 0.44884103536605835
0.15841160714626312 0.3923986852169037 0.21539027988910675 0.429988294839859
0.07747656106948853 0.36451414227485657 0.12048016488552094 0.38738664984703064
0.2788446247577667 0.4424964189529419 0.4006190001964569 0.5059120655059814
0.12855446338653564 0.3850700855255127 0.17422199249267578 0.41256213188171387
0.2283540964126587 0.43042224645614624 0.3245047926902771 0.47997206449508667
0.27881813049316406 0.44235995411872864 0.399586021900177 0.5053574442863464
0.008473195135593414 0.3080700635910034 0.0747901201248169 0.3378683924674988
0.04359205439686775 0.3498907685279846 0.08090531826019287 0.3712945580482483
0.006436675786972046 0.30768075585365295 0.07440105080604553 0.3371017873287201
0.10378918051719666 0.19427840411663055 0.14287260174751282 0.2045305222272873
0.2283540964126587 0.43042224645614624 0.3245047926902771 0.47997206449508667
0.609042763710022 0.20363560318946838 0.8425072431564331 0.31628766655921936
0.2792879045009613 0.4419636130332947 0.4003901779651642 0.5051167011260986
0.02403245121240616 0.3425397276878357 0.05463280528783798 0.36481422185897827
0.2426297664642334 0.43369805812835693 0.3440977931022644 0.4877060055732727
0.006176501512527466 0.014241248369216919 0.9254758358001709 0.8607293367385864
