0.28998732566833496 0.2351333498954773 0.38198214769363403 0.2880491614341736
0.34139856696128845 0.31143784523010254 0.4582121670246124 0.3659001588821411
0.31332871317863464 0.4430893063545227 0.4138791859149933 0.49169260263442993
0.16570095717906952 0.2704428732395172 0.21804766356945038 0.30270346999168396
0.13289816677570343 0.22259217500686646 0.18828801810741425 0.25547975301742554
0.2269313633441925 0.41817715764045715 0.2982170283794403 0.46010908484458923
0.17647898197174072 0.332195520401001 0.24120783805847168 0.3654775619506836
0.4428560137748718 0.4626401662826538 0.7227631211280823 0.5450694561004639
0.060920462012290955 0.280185341835022 0.11107242107391357 0.30374759435653687
0.01074516773223877 0.02989935874938965 0.8460586071014404 0.8432984948158264
0.10724033415317535 0.3836979866027832 0.13771173357963562 0.4097597002983093
0.03492647409439087 0.3144015669822693 0.061239808797836304 0.3352549076080322
0.17910146713256836 0.4039456248283386 0.24115878343582153 0.44148147106170654
0.09427279233932495 0.3722829818725586 0.13326144218444824 0.39454883337020874
0.18159976601600647 0.16419236361980438 0.2354128062725067 0.17745397984981537
0.12600483000278473 0.3905133008956909 0.18925870954990387 0.4290620684623718
0.4428560137748718 0.4626401662826538 0.7227631211280823 0.5450694561004639
0.01655951887369156 0.28217437863349915 0.05088839679956436 0.29994437098503113
0.1255742311477661 0.39067524671554565 0.1889382302761078 0.4288979768753052
0.17897701263427734 0.4042570888996124 0.24120989441871643 0.44107499718666077
0.05677836015820503 0.3585503101348877 0.09196175634860992 0.3832924962043762
0.08364728093147278 0.2086631953716278 0.1152677834033966 0.2163386344909668
0.057966314256191254 0.3162072002887726 0.15640562772750854 0.3528415858745575
0.06099282577633858 0.31614628434181213 0.15154756605625153 0.35192736983299255
0.01219184696674347 0.13542181253433228 0.394431471824646 0.4804839491844177
0.4428560137748718 0.4626401662826538 0.7227631211280823 0.5450694561004639
