0.392872154712677 0.4558573067188263 0.5201147198677063 0.5101245641708374
0.19695959985256195 0.32357683777809143 0.26232442259788513 0.35929200053215027
0.13010138273239136 0.21254923939704895 0.18828552961349487 0.25802552700042725
0.7625632882118225 0.0005953088402748108 1.0 0.09733502566814423
0.3502904772758484 0.2988777458667755 0.4559335708618164 0.35641732811927795
0.8416444063186646 0.10614966601133347 0.9990880489349365 0.2554672062397003
0.06105493754148483 0.35854893922805786 0.1007051095366478 0.38085293769836426
0.27229052782058716 0.4445521831512451 0.3886899948120117 0.5016330480575562
0.18829786777496338 0.4102232754230499 0.2539369463920593 0.4483000934123993
0.15481452643871307 0.39256995916366577 0.21412183344364166 0.4293103814125061
0.12565216422080994 0.38421306014060974 0.17435136437416077 0.4130776822566986
0.01337394118309021 0.03792077302932739 0.8930299282073975 0.843621551990509
0.02818412519991398 0.3447723090648651 0.06454149633646011 0.3666726052761078
0.726180911064148 0.4487180709838867 0.9999674558639526 0.5396298766136169
0.22836244106292725 0.4311556816101074 0.32441866397857666 0.47814881801605225
0.013902727514505386 0.3099229037761688 0.0564858503639698 0.3333047926425934
0.2287651002407074 0.4308425784111023 0.32374289631843567 0.47795677185058594
0.1086750403046608 0.1934921145439148 0.14867550134658813 0.20347368717193604
0.2545926570892334 0.4392097294330597 0.3581774830818176 0.49171850085258484
0.27145278453826904 0.44434401392936707 0.3886911869049072 0.5009822845458984
0.19495084881782532 0.3257526755332947 0.22558671236038208 0.3520772457122803
0.010801004245877266 0.33537623286247253 0.04279477894306183 0.3573059141635895
0.008775446563959122 0.309858500957489 0.056161072105169296 0.3334776759147644
0.724665641784668 0.44743812084198 0.9991390705108643 0.541117250919342
0.2545926570892334 0.4392097294330597 0.3581774830818176 0.49171850085258484
