0.2609091103076935 0.6311495900154114 0.2999192774295807 0.6902462840080261
0.4200023114681244 0.5201873779296875 0.512342631816864 0.6360936164855957
0.330234169960022 0.6645044088363647 0.3864944577217102 0.7418954372406006
0.23915307223796844 0.6140828728675842 0.2738080620765686 0.6677691340446472
0.16037847101688385 0.5703945159912109 0.1876886636018753 0.6083109378814697
0.22569237649440765 0.6074273586273193 0.2627831995487213 0.6606093645095825
0.34149107336997986 0.5782231092453003 0.39676275849342346 0.5966893434524536
0.1643899381160736 0.5474089980125427 0.19024887681007385 0.5685312151908875
0.15398508310317993 0.5665530562400818 0.182199627161026 0.5977471470832825
0.1502106636762619 0.5646050572395325 0.17582489550113678 0.5911622643470764
0.3344436287879944 0.5540383458137512 0.3847934603691101 0.5670585036277771
0.2555979788303375 0.6272295117378235 0.29059192538261414 0.6804574131965637
