0.27445390820503235 0.3133956491947174 0.3601180613040924 0.3598814904689789
0.3822234570980072 0.45490968227386475 0.5034971833229065 0.5080838203430176
0.1587967872619629 0.3253780007362366 0.2159515619277954 0.3572060465812683
0.13009046018123627 0.21644249558448792 0.18690510094165802 0.25948330760002136
0.5628790259361267 0.20900556445121765 0.8197299838066101 0.31996235251426697
0.597686767578125 0.4571840763092041 0.8199279308319092 0.5362772941589355
0.050252802670001984 0.35553717613220215 0.08883094042539597 0.37561315298080444
0.15306225419044495 0.3917645215988159 0.21079987287521362 0.42831599712371826
0.024517644196748734 0.34242773056030273 0.05776911601424217 0.3637247085571289
0.00420108437538147 0.0865265429019928 0.8329911231994629 0.8408850431442261
0.12222632765769958 0.3828814625740051 0.1707630753517151 0.4126671552658081
0.1877264678478241 0.40998604893684387 0.2524701952934265 0.4473598897457123
0.22782427072525024 0.43141448497772217 0.32344579696655273 0.47683417797088623
0.012280475348234177 0.30839625000953674 0.0490613654255867 0.33112767338752747
0.27097776532173157 0.44475314021110535 0.3821415603160858 0.5006625652313232
0.4990585744380951 0.07181712239980698 0.7473830580711365 0.20295482873916626
0.26266103982925415 0.44204628467559814 0.36838972568511963 0.4944499731063843
0.5615606904029846 0.20960333943367004 0.8155351281166077 0.3198637068271637
0.10886434465646744 0.19256943464279175 0.1514969766139984 0.20300346612930298
0.499448299407959 0.0715889111161232 0.7492518424987793 0.20412752032279968
0.22782427072525024 0.43141448497772217 0.32344579696655273 0.47683417797088623
0.0066161984577775 0.3350829780101776 0.034207768738269806 0.3561963140964508
