0.24229633808135986 0.31601864099502563 0.3218904733657837 0.3588283658027649
0.40949583053588867 0.4560539424419403 0.5474658608436584 0.5121514201164246
0.45679447054862976 0.26515069603919983 0.6080678701400757 0.3415398895740509
0.12996743619441986 0.21359975636005402 0.18801306188106537 0.259088933467865
0.15805500745773315 0.3922058641910553 0.21486040949821472 0.42992761731147766
0.18892237544059753 0.410266637802124 0.25425782799720764 0.44859689474105835
0.273586243391037 0.4439224898815155 0.39383605122566223 0.5020204186439514
0.0694611445069313 0.36217576265335083 0.11187400668859482 0.3842109441757202
0.03858431056141853 0.34813162684440613 0.07386814057826996 0.3708149492740631
0.12795358896255493 0.38500064611434937 0.17298194766044617 0.4126396179199219
0.22876469790935516 0.4311200678348541 0.32364779710769653 0.4787196218967438
0.2739894688129425 0.4440736174583435 0.39276012778282166 0.5018073320388794
0.009991973638534546 0.033990174531936646 0.8740124702453613 0.8646148443222046
0.22876469790935516 0.4311200678348541 0.32364779710769653 0.4787196218967438
0.014991797506809235 0.3097778558731079 0.06581272929906845 0.3347116708755493
0.2529844045639038 0.4379512369632721 0.35614967346191406 0.49075552821159363
0.005784777924418449 0.30854418873786926 0.06612227857112885 0.33504727482795715
0.01664104498922825 0.34086379408836365 0.04763694852590561 0.36010560393333435
