0.26092687249183655 0.6311315894126892 0.29991456866264343 0.6902957558631897
0.42967087030410767 0.5491322875022888 0.5315556526184082 0.6680824160575867
0.33048856258392334 0.6643990874290466 0.38642972707748413 0.742148220539093
0.9175890684127808 0.6420996785163879 1.0 0.6894071698188782
0.23928247392177582 0.6142289638519287 0.2738562524318695 0.6678228378295898
0.1603790521621704 0.5707635879516602 0.18755975365638733 0.6080163717269897
0.22577738761901855 0.6077271103858948 0.26260632276535034 0.6605067849159241
0.33730173110961914 0.5765302181243896 0.39241939783096313 0.5928360223770142
0.16488994657993317 0.5476016402244568 0.19170121848583221 0.5686779618263245
0.3374518156051636 0.5555866360664368 0.3925812840461731 0.5690234303474426
0.15448878705501556 0.5669475197792053 0.18187905848026276 0.5980272889137268
0.1502753347158432 0.5644468069076538 0.17529039084911346 0.591179609298706
0.25566187500953674 0.6272823214530945 0.29066428542137146 0.6805979609489441
