0.23744803667068481 0.25591447949409485 0.3105388879776001 0.2984071671962738
0.459746778011322 0.2782991826534271 0.621441662311554 0.35430774092674255
0.36290454864501953 0.44873571395874023 0.47526824474334717 0.5009397268295288
0.2495521456003189 0.4244244396686554 0.32480138540267944 0.46859344840049744
0.09716497361660004 0.2783920466899872 0.1412629783153534 0.30526408553123474
0.13563595712184906 0.2226150929927826 0.1870509535074234 0.25533485412597656
0.21648618578910828 0.3314213156700134 0.29383334517478943 0.3674333691596985
0.47007837891578674 0.13838177919387817 0.6368435621261597 0.23359358310699463
0.1831022948026657 0.4060158431529999 0.2466430813074112 0.4421570599079132
0.008509963750839233 0.0727279782295227 0.880416989326477 0.8843305110931396
0.1109737753868103 0.3817925751209259 0.14481502771377563 0.410616010427475
0.10046358406543732 0.3745376467704773 0.1360003799200058 0.40106987953186035
0.46952003240585327 0.1377384066581726 0.636328399181366 0.23258042335510254
0.04087293893098831 0.3145919740200043 0.07046068459749222 0.332427054643631
0.13228216767311096 0.2068953961133957 0.19186371564865112 0.2556575536727905
0.10030564665794373 0.32187017798423767 0.18750080466270447 0.359697550535202
0.1283290684223175 0.3916518986225128 0.19283297657966614 0.43148377537727356
0.006990790367126465 0.03770175576210022 0.7699859738349915 0.6153652667999268
0.12854471802711487 0.39182719588279724 0.19332093000411987 0.43116679787635803
0.05892403796315193 0.35921984910964966 0.09169167280197144 0.3825960159301758
0.024608206003904343 0.2813250720500946 0.05444325879216194 0.3013528287410736
0.09733971953392029 0.37234383821487427 0.13542558252811432 0.39290696382522583
0.07439490407705307 0.20603398978710175 0.10945697873830795 0.21419323980808258
0.17347493767738342 0.16688822209835052 0.22525280714035034 0.18033255636692047
0.02908075414597988 0.28016504645347595 0.06597980856895447 0.300608366727829
0.03508695214986801 0.27950018644332886 0.08058542013168335 0.3000020980834961
0.00827208161354065 0.136166512966156 0.3513649106025696 0.49114781618118286
0.18284645676612854 0.40603479743003845 0.24623852968215942 0.44196459650993347
