0.5787540078163147 0.050234146416187286 0.8106463551521301 0.18453145027160645
0.22176837921142578 0.3273133933544159 0.2982470989227295 0.3658158481121063
0.12880270183086395 0.21720442175865173 0.18783067166805267 0.2552565336227417
0.1398898959159851 0.27467095851898193 0.187222421169281 0.3033333420753479
0.39347681403160095 0.2804909944534302 0.559736967086792 0.3528813123703003
0.3052915036678314 0.44661158323287964 0.48435744643211365 0.5155470371246338
0.12801657617092133 0.3307780921459198 0.17899437248706818 0.35891881585121155
0.03698635846376419 0.29248568415641785 0.07629811763763428 0.3153729736804962
0.21584007143974304 0.4156097173690796 0.28436216711997986 0.45268958806991577
0.08380483090877533 0.3692225515842438 0.1217263787984848 0.3921959698200226
0.07895664870738983 0.27740517258644104 0.11648769676685333 0.3008710443973541
0.19769339263439178 0.15695461630821228 0.2535105049610138 0.17105430364608765
0.11555807292461395 0.38594722747802734 0.17745788395404816 0.42269366979599
0.2674802839756012 0.4308900833129883 0.34640029072761536 0.47381138801574707
0.16959355771541595 0.4034527540206909 0.23327113687992096 0.436461865901947
0.16959355771541595 0.4034527540206909 0.23327113687992096 0.436461865901947
0.15862807631492615 0.1652994304895401 0.2009352445602417 0.17611508071422577
0.2674802839756012 0.4308900833129883 0.34640029072761536 0.47381138801574707
0.11528176069259644 0.3864825367927551 0.17742198705673218 0.4228866696357727
0.07016913592815399 0.3588782250881195 0.10329098999500275 0.38269367814064026
0.03850914165377617 0.3120657503604889 0.12189972400665283 0.34566590189933777
0.3868838846683502 0.2809109389781952 0.5585910081863403 0.3538431227207184
0.049246519804000854 0.3562365174293518 0.08107247948646545 0.3774403929710388
0.013667166233062744 0.06605958938598633 0.9111022353172302 0.8604882955551147
0.03863038122653961 0.3120235800743103 0.12430177628993988 0.34516340494155884
0.1015247330069542 0.38034677505493164 0.13031046092510223 0.40557432174682617
0.025028206408023834 0.2812412679195404 0.049520522356033325 0.2987147271633148
0.020345138385891914 0.3119865357875824 0.040823452174663544 0.3332349359989166
0.3099379241466522 0.44664955139160156 0.48590347170829773 0.5163067579269409
0.19342264533042908 0.13960501551628113 0.23640596866607666 0.15180733799934387
0.22248119115829468 0.32932519912719727 0.2604759931564331 0.35992854833602905
0.09653903543949127 0.37693995237350464 0.1262837052345276 0.40269768238067627
0.05561002343893051 0.3570166230201721 0.09451144188642502 0.38168543577194214
0.07576488703489304 0.36302095651626587 0.1078554019331932 0.3895188570022583
