0.529126763343811 0.22064420580863953 0.7709294557571411 0.32886263728141785
0.17849192023277283 0.26952841877937317 0.24410024285316467 0.3039965331554413
0.12886789441108704 0.21971268951892853 0.1879068911075592 0.25547417998313904
0.3379979133605957 0.44956597685813904 0.5381220579147339 0.5268231630325317
0.1427699774503708 0.3319435715675354 0.19902049005031586 0.36128848791122437
0.2631884813308716 0.32425951957702637 0.3459310531616211 0.36742711067199707
0.10668567568063736 0.27552807331085205 0.14851458370685577 0.30045098066329956
0.3369290828704834 0.45044681429862976 0.5403379797935486 0.5276610255241394
0.21847662329673767 0.41480305790901184 0.28813138604164124 0.4553374946117401
0.046199969947338104 0.2840355634689331 0.08784853667020798 0.3088033199310303
0.0865212082862854 0.3698018491268158 0.1260712742805481 0.3932798206806183
0.10401582717895508 0.38091766834259033 0.14245231449604034 0.4069410562515259
0.19313296675682068 0.16001418232917786 0.24709561467170715 0.17439571022987366
0.11996190249919891 0.3879969120025635 0.18347887694835663 0.42577672004699707
0.2765486538410187 0.43337011337280273 0.3626423180103302 0.47991102933883667
0.09513195604085922 0.37328213453292847 0.12735086679458618 0.39680397510528564
0.2765486538410187 0.43337011337280273 0.3626423180103302 0.47991102933883667
0.02483244240283966 0.3141327500343323 0.04695894569158554 0.33499085903167725
0.17383240163326263 0.4032345414161682 0.2371463030576706 0.438846230506897
0.008481234312057495 0.020955771207809448 0.9164552688598633 0.8765813112258911
0.044029951095581055 0.3152543902397156 0.1349177360534668 0.3490130305290222
0.04465675354003906 0.3148656487464905 0.13378286361694336 0.34906017780303955
0.3369290828704834 0.45044681429862976 0.5403379797935486 0.5276610255241394
0.2603149116039276 0.3243504464626312 0.3177454173564911 0.36354860663414
0.17410852015018463 0.4026380479335785 0.23729534447193146 0.4385140836238861
0.15321439504623413 0.16797712445259094 0.1952315866947174 0.17815247178077698
0.031341154128313065 0.2789919972419739 0.05856296047568321 0.3053731322288513
0.070316381752491 0.3590207099914551 0.1065531000494957 0.38330698013305664
0.05309223383665085 0.35701584815979004 0.08649272471666336 0.3810339570045471
0.529126763343811 0.22064420580863953 0.7709294557571411 0.32886263728141785
0.008274838328361511 0.12918680906295776 0.3463139533996582 0.4847007393836975
0.0205482617020607 0.28201621770858765 0.05251522362232208 0.3038672208786011
0.18524056673049927 0.14330850541591644 0.23148712515830994 0.15618519484996796
0.1203923374414444 0.3882317543029785 0.18401683866977692 0.42586660385131836
0.13164298236370087 0.20446646213531494 0.19578315317630768 0.25589442253112793
