0.6040520668029785 0.046862535178661346 0.8419995307922363 0.18419021368026733
0.5280466079711914 0.25317826867103577 0.7238030433654785 0.34259793162345886
0.3889346122741699 0.45040106773376465 0.509544849395752 0.5058873295783997
0.27784401178359985 0.2416885644197464 0.3623032569885254 0.29080742597579956
0.26366207003593445 0.4284222722053528 0.34085169434547424 0.47207844257354736
0.13170751929283142 0.22155620157718658 0.18799027800559998 0.2552366256713867
0.10954954475164413 0.27867886424064636 0.1581352949142456 0.3059537708759308
0.23919713497161865 0.3299592137336731 0.3205122947692871 0.368155300617218
0.18579521775245667 0.40837639570236206 0.25258588790893555 0.4450419545173645
0.13047102093696594 0.39253658056259155 0.19588971138000488 0.43269258737564087
0.0058435797691345215 0.06523510813713074 0.8503462076187134 0.868148922920227
0.03157723695039749 0.28052085638046265 0.06392616033554077 0.3014729619026184
0.12775462865829468 0.32421836256980896 0.20531392097473145 0.36174413561820984
0.11273369938135147 0.38572072982788086 0.14552313089370728 0.4119853973388672
0.05949479341506958 0.35947930812835693 0.09029729664325714 0.38420993089675903
0.04691212251782417 0.31502270698547363 0.07496251165866852 0.3336598873138428
0.13055071234703064 0.39277341961860657 0.19411993026733398 0.43252071738243103
0.0641091987490654 0.27971479296684265 0.09830982238054276 0.2998594343662262
0.13587357103824615 0.17592912912368774 0.17336969077587128 0.18478047847747803
0.09611596167087555 0.37304872274398804 0.13587065041065216 0.3967350721359253
0.1338750272989273 0.2045682668685913 0.19645600020885468 0.25378191471099854
0.08769908547401428 0.3661836087703705 0.1178199052810669 0.3941425383090973
0.10737377405166626 0.37911731004714966 0.13798193633556366 0.4090457558631897
0.16250458359718323 0.15204252302646637 0.208888441324234 0.16366083920001984
0.6041791439056396 0.04762807488441467 0.8414421081542969 0.18460601568222046
0.18636378645896912 0.4081728756427765 0.25162485241889954 0.44482293725013733
0.5283495783805847 0.2538195252418518 0.722682774066925 0.3424563407897949
