0.26188308000564575 0.25342416763305664 0.33829647302627563 0.29764121770858765
0.12952440977096558 0.20864753425121307 0.18831613659858704 0.2564181387424469
0.24186895787715912 0.4322391748428345 0.31863200664520264 0.4769824147224426
0.53123539686203 0.4561954438686371 0.7361828684806824 0.529121994972229
0.053988583385944366 0.35384440422058105 0.0876033678650856 0.37412524223327637
0.06958628445863724 0.285641074180603 0.10462982207536697 0.3067854642868042
0.135668084025383 0.3871607184410095 0.18395684659481049 0.4156154990196228
0.1353345364332199 0.38664954900741577 0.1837867647409439 0.4158870577812195
0.010601176880300045 0.3342650532722473 0.03350693732500076 0.35104769468307495
0.53123539686203 0.4561954438686371 0.7361828684806824 0.529121994972229
0.007912367582321167 0.002372056245803833 0.9879311323165894 0.9442732334136963
