0.30427974462509155 0.23355679214000702 0.40022391080856323 0.28821972012519836
0.2518313527107239 0.43551361560821533 0.3360713720321655 0.48305732011795044
0.12966424226760864 0.20885084569454193 0.18767502903938293 0.2561892867088318
0.07895151525735855 0.2854234576225281 0.1150050088763237 0.3073751926422119
0.05904276669025421 0.35592660307884216 0.09170852601528168 0.3766022026538849
0.14210796356201172 0.3901236057281494 0.19215348362922668 0.4190099239349365
0.01760525442659855 0.33429333567619324 0.03747967630624771 0.3508683145046234
0.1425260454416275 0.3903980553150177 0.19146724045276642 0.4196039140224457
0.5636681914329529 0.45470571517944336 0.7915095686912537 0.5311412811279297
0.0 0.001994013786315918 0.9661146998405457 0.94002765417099
0.2518313527107239 0.43551361560821533 0.3360713720321655 0.48305732011795044
