0.3122245669364929 0.44506901502609253 0.4223165512084961 0.4989679455757141
0.12983982264995575 0.20915712416172028 0.18913419544696808 0.25602197647094727
0.4688248038291931 0.4519989490509033 0.6410238146781921 0.5201505422592163
0.4511586129665375 0.8756586909294128 0.564337968826294 0.967380702495575
0.06443317234516144 0.3590450584888458 0.09934523701667786 0.3820571005344391
0.15880565345287323 0.3936541676521301 0.22104506194591522 0.42875248193740845
0.10589680820703506 0.3453207314014435 0.1555921584367752 0.3749251663684845
0.16501417756080627 0.3124130070209503 0.2667669355869293 0.36266031861305237
0.22323773801326752 0.42276230454444885 0.29895904660224915 0.4652732312679291
0.013142266310751438 0.33758145570755005 0.034106288105249405 0.3529691696166992
0.2211739867925644 0.4227164685726166 0.29777300357818604 0.46663156151771545
0.12970048189163208 0.30800431966781616 0.21146398782730103 0.35886824131011963
0.010185986757278442 0.04519566893577576 0.9591732025146484 0.9268635511398315
0.15855078399181366 0.39359572529792786 0.2210683971643448 0.42889532446861267
0.06575410813093185 0.20984727144241333 0.10120300203561783 0.2191941738128662
0.13017675280570984 0.3074296712875366 0.20651888847351074 0.3591430187225342
