0.1285000443458557 0.2102075219154358 0.18786180019378662 0.2584962844848633
0.35236069560050964 0.45008763670921326 0.46945860981941223 0.49999263882637024
0.16575703024864197 0.40124034881591797 0.22994017601013184 0.4382938742637634
0.12289955466985703 0.3811543881893158 0.1767836958169937 0.408634752035141
0.4853305220603943 0.11941906064748764 0.6495431065559387 0.19074475765228271
0.4999581277370453 0.11018989980220795 0.9936972856521606 0.309237539768219
0.2368401288986206 0.42445841431617737 0.31677818298339844 0.46979108452796936
0.07847510278224945 0.30652761459350586 0.16695185005664825 0.35500264167785645
0.05703181400895119 0.35648369789123535 0.12261007726192474 0.38353651762008667
0.23645135760307312 0.42469680309295654 0.31623008847236633 0.46973878145217896
0.05703181400895119 0.35648369789123535 0.12261007726192474 0.38353651762008667
0.07009156048297882 0.20708507299423218 0.10666564106941223 0.21553805470466614
0.23660413920879364 0.424686998128891 0.31795555353164673 0.4695967733860016
0.07748271524906158 0.3069889545440674 0.16695182025432587 0.355710506439209
0.06473539769649506 0.30794525146484375 0.11595171689987183 0.34865230321884155
0.16575703024864197 0.40124034881591797 0.22994017601013184 0.4382938742637634
