0.3501276671886444 0.4539452791213989 0.47080114483833313 0.5101436376571655
0.12940271198749542 0.20862945914268494 0.18919219076633453 0.2565247118473053
0.5153148174285889 0.012947067618370056 0.9978392124176025 0.3117556571960449
0.5366002321243286 0.46706923842430115 0.7642377614974976 0.552112340927124
0.5366002321243286 0.46706923842430115 0.7642377614974976 0.552112340927124
0.05431825667619705 0.35323500633239746 0.08442782610654831 0.3728354573249817
0.10534548759460449 0.3758821487426758 0.14782321453094482 0.40305012464523315
0.2442423701286316 0.3022724986076355 0.3438788652420044 0.35060781240463257
0.2563745081424713 0.42725545167922974 0.3497157394886017 0.47364264726638794
0.10529389977455139 0.37566953897476196 0.14786946773529053 0.4032021164894104
0.2442423701286316 0.3022724986076355 0.3438788652420044 0.35060781240463257
0.0580899715423584 0.21582308411598206 0.09052412211894989 0.22347491979599
0.25657764077186584 0.4270799160003662 0.35001859068870544 0.47286456823349
0.010145068168640137 0.059142112731933594 0.8472797274589539 0.8345882296562195
0.2563745081424713 0.42725545167922974 0.3497157394886017 0.47364264726638794
