0.3706773519515991 0.4555668532848358 0.5010011792182922 0.5144033432006836
0.11153731495141983 0.37870001792907715 0.15672841668128967 0.4079465866088867
0.12900251150131226 0.20930738747119904 0.1886434257030487 0.25649815797805786
0.2780753970146179 0.43455174565315247 0.3706388473510742 0.47919198870658875
0.5826471447944641 0.46882274746894836 0.8545476794242859 0.5580868721008301
0.2860656976699829 0.28177231550216675 0.40346235036849976 0.3426504135131836
0.5829408764839172 0.46830374002456665 0.8545907139778137 0.5586153864860535
0.06458777189254761 0.35639068484306335 0.09309133887290955 0.3764953315258026
0.2863772213459015 0.2815503180027008 0.4038805663585663 0.3422429859638214
0.11153731495141983 0.37870001792907715 0.15672841668128967 0.4079465866088867
0.6885654926300049 0.0015899091958999634 0.9979732036590576 0.2613908648490906
0.05645466968417168 0.21552632749080658 0.08701418340206146 0.22360871732234955
0.2780753970146179 0.43455174565315247 0.3706388473510742 0.47919198870658875
0.37039345502853394 0.4558269679546356 0.500091552734375 0.5141845345497131
