0.31322625279426575 0.4443972110748291 0.4222013056278229 0.49533188343048096
0.1303681582212448 0.21144717931747437 0.18611346185207367 0.26133716106414795
0.11383715271949768 0.3779427707195282 0.1663288176059723 0.4042777121067047
0.15165889263153076 0.39558738470077515 0.21074756979942322 0.42973941564559937
0.15709343552589417 0.2225131392478943 0.6835490465164185 0.3620801568031311
0.06041829288005829 0.35768362879753113 0.11509713530540466 0.3845057189464569
0.6085696220397949 0.4440045952796936 0.9090869426727295 0.5294392704963684
0.21270525455474854 0.41685745120048523 0.2898218631744385 0.4611838161945343
0.15132097899913788 0.3954431116580963 0.21079416573047638 0.4296934902667999
0.15984952449798584 0.2244739681482315 0.6783645153045654 0.36105841398239136
0.21206887066364288 0.416814386844635 0.28865718841552734 0.46255600452423096
0.05184400826692581 0.30714094638824463 0.14026856422424316 0.34711968898773193
0.21270525455474854 0.41685745120048523 0.2898218631744385 0.4611838161945343
0.31538522243499756 0.21429094672203064 0.4143944978713989 0.2603660821914673
0.6090243458747864 0.44202131032943726 0.909023106098175 0.5307730436325073
0.07218441367149353 0.20546144247055054 0.10739871859550476 0.21399930119514465
0.05184400826692581 0.30714094638824463 0.14026856422424316 0.34711968898773193
0.05259308964014053 0.3071284592151642 0.13988196849822998 0.34757742285728455
0.1143159568309784 0.37806323170661926 0.1667894721031189 0.404328316450119
