0.12013599276542664 0.2875617444515228 0.1663326919078827 0.3147716820240021
0.12997768819332123 0.20785439014434814 0.1880454570055008 0.2558791935443878
0.19186727702617645 0.41118156909942627 0.25491493940353394 0.4517550468444824
0.11056450754404068 0.376498281955719 0.15266382694244385 0.4033997654914856
0.3999361991882324 0.45290109515190125 0.5516120195388794 0.5143572092056274
0.7289470434188843 0.4598965644836426 0.9984136819839478 0.5560067892074585
0.03496826812624931 0.3453926146030426 0.06391485035419464 0.3651939332485199
0.03529613837599754 0.28476300835609436 0.061234597116708755 0.3039380609989166
0.0 0.0026937127113342285 0.9894004464149475 0.9298399686813354
0.402048796415329 0.45340779423713684 0.550918698310852 0.5147534012794495
0.053347788751125336 0.2195267677307129 0.07880646735429764 0.22618401050567627
