0.1280987411737442 0.21996262669563293 0.1862710565328598 0.2574673593044281
0.191839337348938 0.4127163887023926 0.2574654221534729 0.44895023107528687
0.11608057469129562 0.32344716787338257 0.16193433105945587 0.3566775918006897
0.2705393433570862 0.4431957006454468 0.3785075545310974 0.4916234612464905
0.043992310762405396 0.28164786100387573 0.0758310854434967 0.30079418420791626
0.3610444664955139 0.4614548683166504 0.525097131729126 0.5268768668174744
0.1546410620212555 0.39265328645706177 0.2161446213722229 0.42988306283950806
0.13011564314365387 0.3856152594089508 0.1750430315732956 0.41319558024406433
0.09614580124616623 0.37086570262908936 0.14385317265987396 0.39575016498565674
0.3610444664955139 0.4614548683166504 0.525097131729126 0.5268768668174744
0.3610444664955139 0.4614548683166504 0.525097131729126 0.5268768668174744
0.0 0.012558400630950928 0.9823514223098755 0.8607943058013916
0.2718493342399597 0.44394412636756897 0.37872064113616943 0.4915306866168976
0.005106449127197266 0.013609081506729126 1.0 0.8590610027313232
0.025766830891370773 0.31095442175865173 0.1031261533498764 0.35363730788230896
0.191839337348938 0.4127163887023926 0.2574654221534729 0.44895023107528687
0.09937132894992828 0.3211035430431366 0.1479697972536087 0.35698869824409485
