0.15465746819972992 0.27080947160720825 0.20827628672122955 0.30229151248931885
0.12877699732780457 0.22248715162277222 0.1861032247543335 0.25766685605049133
0.180243119597435 0.305524080991745 0.36135756969451904 0.3694847524166107
0.17210653424263 0.4009644091129303 0.23952323198318481 0.44394978880882263
0.38348889350891113 0.45492681860923767 0.5455065965652466 0.5135501623153687
0.13384506106376648 0.38757190108299255 0.18775522708892822 0.4173600375652313
0.1031554564833641 0.37401720881462097 0.1535085141658783 0.3999733626842499
0.2509751319885254 0.4312187135219574 0.33475416898727417 0.4729417860507965
0.029617762193083763 0.30668389797210693 0.0914950743317604 0.34172385931015015
0.05713227391242981 0.35697460174560547 0.10915029048919678 0.3819308876991272
0.38266298174858093 0.45576342940330505 0.545156717300415 0.514105498790741
0.2509751319885254 0.4312187135219574 0.33475416898727417 0.4729417860507965
0.19083362817764282 0.30578359961509705 0.36132878065109253 0.369119793176651
0.026719655841588974 0.3055057227611542 0.09311959147453308 0.3426717221736908
