0.573562502861023 0.774136483669281 0.8088818788528442 0.8940985798835754
0.5397020578384399 0.45261332392692566 0.7466994524002075 0.5261974334716797
0.12954342365264893 0.20887255668640137 0.1874350905418396 0.2563440501689911
0.3578126132488251 0.45284131169319153 0.48780617117881775 0.5137379169464111
0.1801421046257019 0.40095365047454834 0.2504695951938629 0.44162118434906006
0.12505514919757843 0.33270108699798584 0.18282242119312286 0.36267077922821045
0.07099173963069916 0.36271536350250244 0.10843279957771301 0.38551008701324463
0.17954391241073608 0.2990029752254486 0.3484497666358948 0.36280760169029236
0.2528040409088135 0.4342334568500519 0.3433312177658081 0.4796450436115265
0.02577650547027588 0.0 0.9889702796936035 0.9539549350738525
0.021324817091226578 0.3410833775997162 0.04534361883997917 0.35794803500175476
0.17741796374320984 0.29853010177612305 0.35128745436668396 0.363625168800354
0.2528040409088135 0.4342334568500519 0.3433312177658081 0.4796450436115265
