0.12986233830451965 0.20792487263679504 0.18824556469917297 0.2559715211391449
0.4098907709121704 0.45853471755981445 0.5395019054412842 0.5138935446739197
0.3564729392528534 0.27593639492988586 0.47228124737739563 0.33764591813087463
0.06317968666553497 0.28775960206985474 0.10220180451869965 0.30995601415634155
0.044658273458480835 0.33312228322029114 0.07679607719182968 0.35309138894081116
0.21513772010803223 0.4188012182712555 0.29056304693222046 0.45932164788246155
0.21471421420574188 0.41814303398132324 0.290569931268692 0.46102792024612427
0.025791574269533157 0.3137761652469635 0.05488063022494316 0.3333435356616974
0.40955063700675964 0.45825403928756714 0.5383187532424927 0.5135592222213745
0.35817641019821167 0.27991461753845215 0.43048059940338135 0.33859843015670776
