0.26098307967185974 0.6314239501953125 0.3000635802745819 0.690352201461792
0.33003517985343933 0.6639517545700073 0.3861030638217926 0.7417465448379517
0.5158993005752563 0.6442419290542603 0.6716409921646118 0.7321717739105225
0.23997321724891663 0.6143819093704224 0.2737649977207184 0.6678441762924194
0.16030597686767578 0.5716363191604614 0.18698382377624512 0.607468843460083
0.22575482726097107 0.6079496145248413 0.2617166340351105 0.6604547500610352
0.15364640951156616 0.5661892890930176 0.1799907386302948 0.5973290205001831
0.31411847472190857 0.5642852783203125 0.361853688955307 0.5791282653808594
0.15042097866535187 0.5640787482261658 0.174916073679924 0.5911750197410583
0.7751122713088989 0.6366716027259827 0.9073443412780762 0.6697651743888855
0.17102468013763428 0.5505678057670593 0.1969154179096222 0.5698849558830261
0.5158993005752563 0.6442419290542603 0.6716409921646118 0.7321717739105225
0.25486814975738525 0.6268488764762878 0.2896670699119568 0.6798728108406067
0.36076122522354126 0.5662058591842651 0.42114949226379395 0.5821058750152588
0.2254280298948288 0.6159490346908569 0.2513465881347656 0.6606760025024414
