0.31213608384132385 0.2921009063720703 0.4129602611064911 0.345889687538147
0.13011129200458527 0.20816978812217712 0.18794696033000946 0.25587335228919983
0.3923758864402771 0.45730704069137573 0.5137069225311279 0.5115128755569458
0.05263510346412659 0.28769007325172424 0.09046468138694763 0.30906185507774353
0.036880239844322205 0.3344075083732605 0.06684699654579163 0.35309380292892456
0.20488905906677246 0.4144497513771057 0.2760438919067383 0.45538491010665894
0.0235140360891819 0.3148047626018524 0.048515018075704575 0.3305008113384247
0.20381072163581848 0.4146817922592163 0.275491327047348 0.456728458404541
0.20421065390110016 0.41483351588249207 0.27584895491600037 0.45634016394615173
0.3914164900779724 0.4571855068206787 0.5133751630783081 0.5111424922943115
