0.74992835521698 0.0014126747846603394 0.9990618228912354 0.1510298103094101
0.1295711100101471 0.20834913849830627 0.18723446130752563 0.25634241104125977
0.33381471037864685 0.44408509135246277 0.4566871225833893 0.4986977279186249
0.1532737910747528 0.3967277705669403 0.20785391330718994 0.4311372935771942
0.09005086123943329 0.36775094270706177 0.12749984860420227 0.39150118827819824
0.05149583891034126 0.2920507788658142 0.08537553250789642 0.3133782148361206
0.5121960043907166 0.4635084569454193 0.7095298171043396 0.5350186824798584
0.01332845352590084 0.2856113314628601 0.03159034252166748 0.3015012741088867
0.01748092658817768 0.3385431170463562 0.04335079342126846 0.3574499487876892
0.33364588022232056 0.44332355260849 0.455510675907135 0.49858295917510986
0.051371630281209946 0.21853511035442352 0.08401726186275482 0.22667308151721954
0.5121960043907166 0.4635084569454193 0.7095298171043396 0.5350186824798584
0.1532948911190033 0.39661717414855957 0.20780593156814575 0.43063652515411377
