0.1312965452671051 0.2090746909379959 0.19126152992248535 0.2556802034378052
0.3925630748271942 0.4538787305355072 0.5291992425918579 0.5087614059448242
0.3030376434326172 0.17942102253437042 0.7423865795135498 0.34856194257736206
0.13625547289848328 0.3829540014266968 0.19145604968070984 0.4149249196052551
0.18812456727027893 0.40875473618507385 0.2540406286716461 0.44829633831977844
0.08948409557342529 0.3540123701095581 0.13610318303108215 0.3811885714530945
0.261772096157074 0.43208301067352295 0.3530523180961609 0.4808996319770813
0.09851467609405518 0.3093429207801819 0.1967049539089203 0.3583545684814453
0.261772096157074 0.43208301067352295 0.3530523180961609 0.4808996319770813
0.34557852149009705 0.13029637932777405 0.9421429634094238 0.33635398745536804
0.2617785930633545 0.4323102831840515 0.3532307744026184 0.4808313846588135
0.09987428039312363 0.3096364438533783 0.19739380478858948 0.3578609526157379
0.4497365951538086 0.09745045006275177 0.9904487133026123 0.31156212091445923
0.007416337728500366 0.061852604150772095 0.9649108648300171 0.9515235424041748
0.005538053810596466 0.3322288990020752 0.02205175720155239 0.3489466905593872
0.09851467609405518 0.3093429207801819 0.1967049539089203 0.3583545684814453
0.19379127025604248 0.40915483236312866 0.2548409402370453 0.4478369951248169
0.06049886345863342 0.3577509820461273 0.08953768014907837 0.37862125039100647
0.07048919796943665 0.20810973644256592 0.10642440617084503 0.2166505753993988
