0.26100391149520874 0.6313887238502502 0.3001517653465271 0.6902419924736023
0.3302414119243622 0.6640981435775757 0.3860180675983429 0.7422735691070557
0.5839085578918457 0.6675604581832886 0.7838962078094482 0.7572590112686157
0.24000409245491028 0.6143946051597595 0.27382203936576843 0.6678802371025085
0.16049283742904663 0.5712738633155823 0.18715345859527588 0.6068697571754456
0.22574768960475922 0.6080265045166016 0.26240283250808716 0.6603341102600098
0.15385213494300842 0.5658334493637085 0.17848113179206848 0.5971333980560303
0.1771250069141388 0.5525659918785095 0.2023727297782898 0.5717048048973083
0.15062272548675537 0.5642920136451721 0.17414602637290955 0.5916503071784973
0.30023863911628723 0.5606525540351868 0.3518364727497101 0.5744314789772034
0.25567013025283813 0.6273531913757324 0.29023534059524536 0.6801855564117432
0.22537153959274292 0.6164780855178833 0.25115153193473816 0.6604748964309692
