0.26088589429855347 0.6313209533691406 0.3002498149871826 0.6903024911880493
0.3298901617527008 0.6630067825317383 0.38631126284599304 0.7422031164169312
0.552082359790802 0.6555687785148621 0.7364073395729065 0.7486234307289124
0.23997515439987183 0.6145005822181702 0.2737581729888916 0.6676365733146667
0.16044844686985016 0.5714309215545654 0.18699528276920319 0.6074320077896118
0.22596517205238342 0.6081944704055786 0.26229774951934814 0.6601659059524536
0.15319165587425232 0.5655487775802612 0.1791684329509735 0.5962074995040894
0.7577617764472961 0.629915714263916 0.8874152302742004 0.6621385812759399
0.3079460859298706 0.560954749584198 0.3568791151046753 0.5758325457572937
0.17402656376361847 0.5516872406005859 0.19874338805675507 0.5709671974182129
0.35528364777565 0.11932940781116486 0.8513103723526001 0.5510028600692749
0.25534066557884216 0.6272144913673401 0.2901547849178314 0.6800997853279114
0.2255237102508545 0.6166993379592896 0.25113216042518616 0.6604900360107422
