0.26087966561317444 0.631281316280365 0.29995062947273254 0.6906669735908508
0.33030688762664795 0.6639607548713684 0.3857921361923218 0.7424435019493103
0.2414303869009018 0.6167100071907043 0.2743985652923584 0.6699805855751038
0.1601218730211258 0.5716789960861206 0.1861613541841507 0.6071443557739258
0.5609276294708252 0.5973147749900818 0.6527625322341919 0.6232141852378845
0.2275429368019104 0.6094442009925842 0.26083070039749146 0.6601541638374329
0.15246139466762543 0.564757227897644 0.17845509946346283 0.5959377288818359
0.20159059762954712 0.5632075667381287 0.23327264189720154 0.5843138098716736
0.23403936624526978 0.6115458011627197 0.27033883333206177 0.6624622344970703
0.4389810264110565 0.5930564403533936 0.5110568404197693 0.6074312925338745
0.22575004398822784 0.6156719326972961 0.2512667775154114 0.660707414150238
0.2554960548877716 0.6275491118431091 0.28988972306251526 0.6803213953971863
