0.2610355019569397 0.6315609812736511 0.3003086447715759 0.6904661059379578
0.32991257309913635 0.6643280386924744 0.3869000971317291 0.7425089478492737
0.7409452199935913 0.7026791572570801 0.9973366260528564 0.8259462118148804
0.24014335870742798 0.6152058243751526 0.27372896671295166 0.6673722863197327
0.16029438376426697 0.5717003345489502 0.1862928867340088 0.6077077388763428
0.18661753833293915 0.5570634007453918 0.2162518948316574 0.5771324038505554
0.22612610459327698 0.6082395911216736 0.2614270746707916 0.6601657271385193
0.6395421624183655 0.6070043444633484 0.7587384581565857 0.6407008767127991
0.15286704897880554 0.5650366544723511 0.17838364839553833 0.5958905220031738
0.7418469190597534 0.7029296159744263 1.0 0.825515866279602
0.22549204528331757 0.6163641810417175 0.25108635425567627 0.6605518460273743
0.25415903329849243 0.6266353726387024 0.2892295718193054 0.6795185208320618
