0.26099392771720886 0.6315491199493408 0.30012246966362 0.6904904842376709
0.33022624254226685 0.6640633344650269 0.38591963052749634 0.7426357269287109
0.24024999141693115 0.6155341863632202 0.2732234001159668 0.6674141883850098
0.16029386222362518 0.5718196034431458 0.1862524300813675 0.6075314879417419
0.8439270257949829 0.7296907305717468 0.9979925155639648 0.8622687458992004
0.2262541800737381 0.6088164448738098 0.2619307339191437 0.6599110960960388
0.15304316580295563 0.5649252533912659 0.17848826944828033 0.5958723425865173
0.5975654721260071 0.6051055192947388 0.7054228186607361 0.6372994184494019
0.2254994809627533 0.6162176728248596 0.25157269835472107 0.6605846285820007
0.19220776855945587 0.5593205094337463 0.2232569307088852 0.5830162167549133
0.255400687456131 0.6275474429130554 0.2894752323627472 0.679746687412262
