0.26086920499801636 0.6313676834106445 0.30019611120224 0.6903661489486694
0.3302357494831085 0.6629183888435364 0.3864763677120209 0.7424276471138
0.2402639389038086 0.616326093673706 0.2737240195274353 0.6679130792617798
0.16038581728935242 0.5719957947731018 0.1863653063774109 0.6073580384254456
0.5077094435691833 0.5770149827003479 0.5904354453086853 0.6006125807762146
0.21808071434497833 0.5687065124511719 0.25242751836776733 0.5923664569854736
0.22818198800086975 0.6097628474235535 0.26220157742500305 0.6599443554878235
0.15212297439575195 0.5642388463020325 0.1782107949256897 0.5958376526832581
0.4736003875732422 0.6012855768203735 0.5576698780059814 0.6234487295150757
0.4507836699485779 0.17617471516132355 0.5174040794372559 0.19384168088436127
0.22560708224773407 0.6154470443725586 0.2522793710231781 0.6602030992507935
0.5619056224822998 0.5845084190368652 0.6025837659835815 0.6169211864471436
0.5722435116767883 0.5914008617401123 0.6216080784797668 0.6806439161300659
0.25551852583885193 0.6272119879722595 0.2902900278568268 0.6801707148551941
