0.2608349621295929 0.630614697933197 0.2993137538433075 0.6903396248817444
0.33018600940704346 0.663867175579071 0.3861306309700012 0.7423778176307678
0.2562755346298218 0.5849785804748535 0.309284508228302 0.6172436475753784
0.16022180020809174 0.5713644027709961 0.1864861398935318 0.6071771383285522
0.2376800924539566 0.612727165222168 0.27515196800231934 0.6679244041442871
0.15323346853256226 0.5651217699050903 0.1794889271259308 0.5970944166183472
0.5865967273712158 0.6138160824775696 0.6908020973205566 0.6390596032142639
0.22579509019851685 0.6079784631729126 0.2641846835613251 0.6604511737823486
0.5016987323760986 0.08683313429355621 0.5712171792984009 0.10625892877578735
0.22503958642482758 0.6145883798599243 0.25121787190437317 0.6609359979629517
