0.2612818479537964 0.6315059661865234 0.2995944023132324 0.6900824308395386
0.3299817442893982 0.665496826171875 0.3869965076446533 0.7420626878738403
0.29535752534866333 0.6003447771072388 0.36364781856536865 0.6426011323928833
0.2395964115858078 0.6153342723846436 0.2735929489135742 0.6679023504257202
0.1602335125207901 0.5719437599182129 0.18631280958652496 0.6069095134735107
0.15170621871948242 0.5642918944358826 0.17894944548606873 0.5946196913719177
0.2263001799583435 0.6086186170578003 0.26289892196655273 0.660092830657959
0.6919906735420227 0.6267632246017456 0.8115999102592468 0.6552233695983887
0.29629623889923096 0.6015081405639648 0.3637670874595642 0.6435598134994507
0.22560136020183563 0.6162338852882385 0.2515772581100464 0.6606089472770691
0.5297889113426208 0.029094066470861435 0.659769594669342 0.1071365624666214
0.25666549801826477 0.627737820148468 0.2911812961101532 0.6810428500175476
