0.2610583007335663 0.6312373876571655 0.3001040518283844 0.6904845237731934
0.3302513659000397 0.6648288369178772 0.38696035742759705 0.7425917983055115
0.714043378829956 0.6470932960510254 0.9859453439712524 0.7872530221939087
0.24108922481536865 0.6161810159683228 0.2750051021575928 0.6697307825088501
0.1600845754146576 0.5717393755912781 0.18639561533927917 0.6065866351127625
0.15215454995632172 0.5644932389259338 0.17910222709178925 0.5945355296134949
0.226217582821846 0.6082777976989746 0.26222938299179077 0.6597646474838257
0.22561626136302948 0.6157336831092834 0.2516953647136688 0.660534679889679
0.714739203453064 0.643183708190918 0.9855095148086548 0.7843488454818726
0.2543824017047882 0.6267746686935425 0.28969576954841614 0.6794377565383911
