0.26107022166252136 0.63120037317276 0.3002411425113678 0.6905645728111267
0.33032554388046265 0.6634417772293091 0.3868561387062073 0.7426451444625854
0.7175703644752502 0.6390886902809143 0.9933436512947083 0.7846358418464661
0.2404455691576004 0.6157476305961609 0.27482888102531433 0.669962465763092
0.16006505489349365 0.5718580484390259 0.18627268075942993 0.6067181825637817
0.15241263806819916 0.5645623207092285 0.17951296269893646 0.5947915315628052
0.22599846124649048 0.6084229946136475 0.2628639340400696 0.6600660085678101
0.22553882002830505 0.6160059571266174 0.25171759724617004 0.6606631875038147
0.7175703644752502 0.6390886902809143 0.9933436512947083 0.7846358418464661
0.2546350955963135 0.6268959045410156 0.2898462414741516 0.6794724464416504
