0.2609417140483856 0.6312252879142761 0.3001333773136139 0.6906241774559021
0.6723082065582275 0.6657499670982361 0.9134553670883179 0.8032739758491516
0.3298938572406769 0.6645447611808777 0.38690081238746643 0.742557942867279
0.24080798029899597 0.6155617833137512 0.2748941481113434 0.6700341105461121
0.16031111776828766 0.5716151595115662 0.18635733425617218 0.6076088547706604
0.22598321735858917 0.6078083515167236 0.26122158765792847 0.6597775220870972
0.15244704484939575 0.5645936727523804 0.1787058711051941 0.5949128866195679
0.23323236405849457 0.6102792024612427 0.2707436680793762 0.6629775762557983
0.2251964956521988 0.616076648235321 0.2511884272098541 0.6603716015815735
0.2545473277568817 0.6267561912536621 0.2900407612323761 0.6799499988555908
