0.26092809438705444 0.6312436461448669 0.3000577688217163 0.690657913684845
0.32998859882354736 0.6645737290382385 0.38686448335647583 0.7425983548164368
0.6835700273513794 0.6597502827644348 0.9410219192504883 0.8904774785041809
0.24084892868995667 0.6156214475631714 0.2749514877796173 0.6701157093048096
0.16029630601406097 0.5715994238853455 0.18625958263874054 0.6074013113975525
0.22598788142204285 0.6079664826393127 0.2610655426979065 0.6599178910255432
0.15252141654491425 0.5647192597389221 0.1788201779127121 0.5952072739601135
0.23342406749725342 0.610409140586853 0.27101874351501465 0.6632100343704224
0.22510764002799988 0.6162534952163696 0.25116661190986633 0.660413384437561
0.25461748242378235 0.6267586350440979 0.2900632321834564 0.6800171732902527
