0.2610585391521454 0.6312495470046997 0.2999062240123749 0.6902801990509033
0.3299260437488556 0.6633286476135254 0.3870607316493988 0.7421886920928955
0.24103300273418427 0.6158229112625122 0.27459320425987244 0.6700700521469116
0.160382479429245 0.5714365243911743 0.18626737594604492 0.6076048612594604
0.6564767360687256 0.6750889420509338 0.8828155994415283 0.8928934931755066
0.2257796823978424 0.6081393361091614 0.26174813508987427 0.6601726412773132
0.15290389955043793 0.5650762915611267 0.17874260246753693 0.5957056879997253
0.6564767360687256 0.6750889420509338 0.8828155994415283 0.8928934931755066
0.2554638981819153 0.6273233294487 0.2899957299232483 0.6800075173377991
0.22504805028438568 0.6163549423217773 0.2512648403644562 0.6605263948440552
