0.6206252574920654 0.7441127300262451 0.7461813688278198 0.8928084373474121
0.26099929213523865 0.6313205361366272 0.29994192719459534 0.6904835104942322
0.33033260703086853 0.6653059124946594 0.386869341135025 0.742886483669281
0.23979614675045013 0.6155192255973816 0.27407461404800415 0.6685239672660828
0.1603257656097412 0.5717786550521851 0.18618163466453552 0.6065313816070557
0.2257419228553772 0.6082757711410522 0.26155391335487366 0.6599535942077637
0.15400740504264832 0.5658469200134277 0.1796264350414276 0.5970820188522339
0.7805320620536804 0.6131534576416016 0.9163368344306946 0.6415141820907593
0.1508580595254898 0.5638105869293213 0.17528338730335236 0.5907233953475952
0.22517967224121094 0.6171332597732544 0.2510046362876892 0.6604429483413696
0.25486573576927185 0.62711501121521 0.2893812954425812 0.6796875
