0.26126110553741455 0.6313819289207458 0.3000023365020752 0.6899963021278381
0.33001458644866943 0.6643003821372986 0.387123167514801 0.7436936497688293
0.5646669864654541 0.010987415909767151 0.7060471773147583 0.12901566922664642
0.1599789261817932 0.5715006589889526 0.18671828508377075 0.6074091196060181
0.23965242505073547 0.6160910129547119 0.2744639813899994 0.6696959733963013
0.15337136387825012 0.5647181272506714 0.18044734001159668 0.5953868627548218
0.22733446955680847 0.6088263988494873 0.26436030864715576 0.6594600677490234
0.14467887580394745 0.5447505712509155 0.162010058760643 0.5609163045883179
0.22685518860816956 0.6186736822128296 0.25135669112205505 0.6602112054824829
0.2305978238582611 0.6959733963012695 0.2894456088542938 0.7276424169540405
0.4462653398513794 0.5839906334877014 0.5316578149795532 0.6047620177268982
