0.48267772793769836 0.4639780521392822 0.6336341500282288 0.5266339778900146
0.21397781372070312 0.32817819714546204 0.28532180190086365 0.36594346165657043
0.13059879839420319 0.2085144817829132 0.1886254996061325 0.25773605704307556
0.0711800754070282 0.31597793102264404 0.10723182559013367 0.33883923292160034
0.163118377327919 0.39229029417037964 0.2178206890821457 0.426490843296051
0.33325299620628357 0.15003450214862823 0.9380284547805786 0.3606843948364258
0.11604981124401093 0.37858080863952637 0.16117621958255768 0.4066687822341919
0.28109124302864075 0.43281111121177673 0.3463665544986725 0.47669920325279236
0.07734024524688721 0.27437514066696167 0.15280191600322723 0.3054921627044678
0.12146317958831787 0.3222378194332123 0.16895556449890137 0.34797999262809753
0.3350306451320648 0.14748486876487732 0.9484601020812988 0.3562792241573334
0.4428057074546814 0.07801049202680588 0.8120864033699036 0.2177068293094635
0.02325967140495777 0.2831652760505676 0.056669920682907104 0.30196452140808105
0.09328453242778778 0.3653597831726074 0.122394859790802 0.38876211643218994
0.7256070375442505 0.2433743178844452 0.806826114654541 0.2763805091381073
0.2001110315322876 0.24998821318149567 0.3061116337776184 0.31051769852638245
0.023549387231469154 0.31477439403533936 0.05023062974214554 0.333992600440979
0.05018303543329239 0.3545260429382324 0.08227310329675674 0.3800000548362732
0.0029962658882141113 0.09227937459945679 0.9251988530158997 0.9249760508537292
0.4375370740890503 0.07653138786554337 0.8046300411224365 0.22285062074661255
0.48267772793769836 0.4639780521392822 0.6336341500282288 0.5266339778900146
0.5594022870063782 0.07566225528717041 0.815594494342804 0.17427654564380646
0.043902184814214706 0.35190463066101074 0.07796008884906769 0.37619346380233765
0.03829460218548775 0.350783109664917 0.06250191479921341 0.3744257688522339
0.2674270570278168 0.4340972900390625 0.3155296742916107 0.4724348783493042
