0.4630960524082184 0.13319718837738037 0.6255615949630737 0.22987455129623413
0.5335912704467773 0.25356701016426086 0.7268460988998413 0.34375569224357605
0.1311596930027008 0.20814765989780426 0.18836864829063416 0.25724831223487854
0.31836676597595215 0.44824641942977905 0.41983211040496826 0.4989780783653259
0.2940143644809723 0.2055877447128296 0.4306779205799103 0.2917326092720032
0.14900586009025574 0.3218661844730377 0.2028971016407013 0.35281798243522644
0.6741393804550171 0.0062821656465530396 0.9770653247833252 0.15743325650691986
0.09350215643644333 0.27645254135131836 0.14937599003314972 0.3029852509498596
0.2731935977935791 0.322995126247406 0.3318495750427246 0.36136960983276367
0.5959518551826477 0.4818401038646698 0.8357755541801453 0.5602730512619019
0.15391218662261963 0.38744327425956726 0.20368093252182007 0.41823282837867737
0.09650901705026627 0.37365788221359253 0.1364099532365799 0.39851778745651245
0.05400896072387695 0.321573406457901 0.0834207683801651 0.34172436594963074
0.20682337880134583 0.4193137288093567 0.28499579429626465 0.4626912474632263
0.05186444893479347 0.2810285985469818 0.08198671042919159 0.3005014955997467
0.03629656881093979 0.313886433839798 0.06407814472913742 0.3350966274738312
0.0 0.05226123332977295 0.8838922381401062 0.9318330883979797
0.05530557036399841 0.35843750834465027 0.10028959810733795 0.38289615511894226
0.15609796345233917 0.2578015923500061 0.26508069038391113 0.3051908612251282
0.24743004143238068 0.3243371844291687 0.29694682359695435 0.35871267318725586
0.6716187000274658 0.006967850029468536 0.9797012805938721 0.1582219898700714
0.15340130031108856 0.38751229643821716 0.20314951241016388 0.4180666506290436
0.01329896505922079 0.3123818635940552 0.03865530714392662 0.33079731464385986
0.20650096237659454 0.4190097153186798 0.2850891351699829 0.4623953402042389
0.1551835983991623 0.2566072344779968 0.2655538022518158 0.3047318458557129
0.5948914289474487 0.4814353287220001 0.8388477563858032 0.5612373948097229
0.09343353658914566 0.27642756700515747 0.14938001334667206 0.3025962710380554
0.1551835983991623 0.2566072344779968 0.2655538022518158 0.3047318458557129
0.2478448748588562 0.32821038365364075 0.2828714847564697 0.35587969422340393
