0.4741624593734741 0.1265331208705902 0.6369714736938477 0.22544005513191223
0.621332585811615 0.21905353665351868 0.8614340424537659 0.32850775122642517
0.358722984790802 0.45541322231292725 0.47252994775772095 0.5123752951622009
0.30134817957878113 0.2002125382423401 0.4429185092449188 0.28848394751548767
0.13201361894607544 0.20871825516223907 0.18813249468803406 0.25641775131225586
0.16288189589977264 0.32320305705070496 0.22117365896701813 0.35604795813560486
0.712075412273407 0.4828045070171356 1.0 0.5782868266105652
0.10244598984718323 0.27534231543540955 0.16326859593391418 0.30322107672691345
0.058293040841817856 0.3225875198841095 0.08961184322834015 0.34282174706459045
0.698460578918457 0.0 0.9991049766540527 0.14963863790035248
0.16706526279449463 0.3909851610660553 0.22137808799743652 0.4252384603023529
0.22989526391029358 0.4262565076351166 0.3096331059932709 0.4724430739879608
0.060908012092113495 0.28059250116348267 0.09435900300741196 0.30116355419158936
0.16497862339019775 0.254503458738327 0.2768019735813141 0.30448856949806213
0.05870865657925606 0.359573632478714 0.1066066324710846 0.3845478594303131
0.10132404416799545 0.3772827684879303 0.14507517218589783 0.40289822220802307
0.014834564179182053 0.31343305110931396 0.0384654626250267 0.330802857875824
0.698460578918457 0.0 0.9991049766540527 0.14963863790035248
0.16706526279449463 0.3909851610660553 0.22137808799743652 0.4252384603023529
0.2295442819595337 0.42622339725494385 0.30992943048477173 0.47266489267349243
0.03835471719503403 0.31587445735931396 0.06728284060955048 0.33562785387039185
0.0 0.08941781520843506 0.9282761216163635 0.9344019889831543
0.27331051230430603 0.32132166624069214 0.3358510434627533 0.359607994556427
0.7074740529060364 0.0012077391147613525 0.9993301033973694 0.14872999489307404
0.2857787013053894 0.31896623969078064 0.3658498525619507 0.3601941764354706
0.16417646408081055 0.25456729531288147 0.2761937081813812 0.3043356239795685
0.621332585811615 0.21905353665351868 0.8614340424537659 0.32850775122642517
0.10244598984718323 0.27534231543540955 0.16326859593391418 0.30322107672691345
0.2666737735271454 0.22183309495449066 0.3421625792980194 0.28698602318763733
0.277940034866333 0.3184811770915985 0.36378031969070435 0.36024388670921326
