0.6204601526260376 0.030164510011672974 0.8660048246383667 0.16707894206047058
0.5489224195480347 0.2241847813129425 0.7595046758651733 0.32424965500831604
0.1311573088169098 0.2065850794315338 0.18992182612419128 0.25658172369003296
0.4791058599948883 0.46876126527786255 0.652550458908081 0.5424029231071472
0.29352688789367676 0.4304839074611664 0.3832032084465027 0.4817369282245636
0.29874488711357117 0.3158756196498871 0.39622846245765686 0.36507877707481384
0.12311675399541855 0.27736470103263855 0.16506102681159973 0.3034673035144806
0.16747218370437622 0.4013417065143585 0.22706198692321777 0.43562135100364685
0.37279054522514343 0.1486867070198059 0.5450258255004883 0.2651847004890442
0.10703173279762268 0.32899725437164307 0.14664655923843384 0.3530292510986328
0.06696023046970367 0.31928160786628723 0.10051426291465759 0.3414151966571808
0.16101457178592682 0.2679644823074341 0.23507799208164215 0.30439966917037964
0.02917090244591236 0.3154255747795105 0.05733306705951691 0.33419519662857056
0.00013425946235656738 0.0671117901802063 0.8573108911514282 0.9369927048683167
0.3301844894886017 0.1862030029296875 0.4661817252635956 0.27175524830818176
0.2050127536058426 0.24055616557598114 0.3444836139678955 0.29975244402885437
0.09270890057086945 0.3727794289588928 0.15360687673091888 0.40461474657058716
0.09208279103040695 0.37251120805740356 0.15342511236667633 0.40454310178756714
0.2050127536058426 0.24055616557598114 0.3444836139678955 0.29975244402885437
0.15886440873146057 0.26885882019996643 0.23656773567199707 0.3039086163043976
0.5489224195480347 0.2241847813129425 0.7595046758651733 0.32424965500831604
0.2050127536058426 0.24055616557598114 0.3444836139678955 0.29975244402885437
0.16747218370437622 0.4013417065143585 0.22706198692321777 0.43562135100364685
