0.4620012640953064 0.44410091638565063 0.6186360716819763 0.5099061727523804
0.16056770086288452 0.33171725273132324 0.21331217885017395 0.3610458970069885
0.46991950273513794 0.2644160985946655 0.6394947171211243 0.34409892559051514
0.5263203978538513 0.07134979963302612 0.7255790829658508 0.20711341500282288
0.24856910109519958 0.4319804608821869 0.33215972781181335 0.4724278151988983
0.12977883219718933 0.20716658234596252 0.18905603885650635 0.25660741329193115
0.41986334323883057 0.11705437302589417 0.5996155738830566 0.23417159914970398
0.15656638145446777 0.27264517545700073 0.20421680808067322 0.3033179044723511
0.04203421249985695 0.3170780539512634 0.07256561517715454 0.3367277979850769
0.4476456046104431 0.09716308861970901 0.6509290337562561 0.22898605465888977
0.09524622559547424 0.32448798418045044 0.13705624639987946 0.3491845726966858
0.24444615840911865 0.22070932388305664 0.40471094846725464 0.29247891902923584
0.13714858889579773 0.3884705603122711 0.21457773447036743 0.4281558096408844
0.19162224233150482 0.2587133049964905 0.2812737822532654 0.3032386898994446
0.24522404372692108 0.22171993553638458 0.4042034149169922 0.2937543988227844
0.13714858889579773 0.3884705603122711 0.21457773447036743 0.4281558096408844
0.015053600072860718 0.04663911461830139 0.8159235715866089 0.932680606842041
0.4392794072628021 0.07544849812984467 0.7223773002624512 0.23512358963489532
0.00741619523614645 0.2809551954269409 0.03474718704819679 0.30068445205688477
0.24522404372692108 0.22171993553638458 0.4042034149169922 0.2937543988227844
