0.26277926564216614 0.24799197912216187 0.3412441909313202 0.29349106550216675
0.7080845832824707 0.17272545397281647 0.992656946182251 0.3006237745285034
0.08303917944431305 0.2802377939224243 0.12094433605670929 0.3051304817199707
0.587815523147583 0.0005619972944259644 0.9973582029342651 0.1692970097064972
0.13097897171974182 0.20802146196365356 0.19062909483909607 0.256542831659317
0.09865673631429672 0.32271018624305725 0.14176630973815918 0.34820643067359924
0.3198082745075226 0.3042183518409729 0.42099103331565857 0.35438400506973267
0.37439781427383423 0.17170928418636322 0.5407416224479675 0.25472599267959595
0.4596455991268158 0.4535374343395233 0.6972709894180298 0.5285820960998535
0.012361576780676842 0.3374485969543457 0.033121801912784576 0.3550090789794922
0.4596455991268158 0.4535374343395233 0.6972709894180298 0.5285820960998535
0.00936793815344572 0.28400176763534546 0.030320394784212112 0.3017895817756653
0.37439781427383423 0.17170928418636322 0.5407416224479675 0.25472599267959595
