0.2922222912311554 0.2383032888174057 0.37705668807029724 0.286518931388855
0.11262743175029755 0.32347604632377625 0.1580895036458969 0.3506074845790863
0.12977474927902222 0.2078736126422882 0.19073456525802612 0.25714337825775146
0.09836352616548538 0.2784658968448639 0.1407821774482727 0.304497629404068
0.41609978675842285 0.2753934860229492 0.5492366552352905 0.3424736261367798
0.4344403147697449 0.13697630167007446 0.6346500515937805 0.2349463701248169
0.023793138563632965 0.3454526364803314 0.04870757460594177 0.3614714443683624
0.7155540585517883 0.000705864280462265 0.9999505877494812 0.11248447000980377
0.4338807463645935 0.13772501051425934 0.6359371542930603 0.23506177961826324
0.0026423176750540733 0.33348557353019714 0.024059906601905823 0.34941741824150085
0.0036232322454452515 0.30633920431137085 0.023598678410053253 0.3224143385887146
0.018444562330842018 0.28419679403305054 0.043206654489040375 0.3016769289970398
0.41628921031951904 0.27542102336883545 0.5490032434463501 0.34284651279449463
0.7165875434875488 0.0007758252322673798 1.0 0.11374443769454956
0.6379210948944092 0.43346384167671204 0.9930336475372314 0.5431888103485107
