0.17153972387313843 0.327743798494339 0.23209252953529358 0.36179545521736145
0.15804457664489746 0.27110934257507324 0.2137862741947174 0.30362164974212646
0.436867356300354 0.1623978316783905 0.5801299810409546 0.24565967917442322
0.13025133311748505 0.20772448182106018 0.18991641700267792 0.25656968355178833
0.7294303774833679 0.0 1.0 0.11275908350944519
0.034924596548080444 0.31010013818740845 0.06472276151180267 0.33029335737228394
0.084042489528656 0.37068691849708557 0.12048274278640747 0.3952825963497162
0.06886378675699234 0.27931126952171326 0.10289358347654343 0.3020792305469513
0.010274275206029415 0.3374662697315216 0.030179839581251144 0.3528629243373871
0.04251108318567276 0.35137373208999634 0.07102115452289581 0.3726874589920044
0.08395553380250931 0.3705067038536072 0.12039773911237717 0.395704448223114
