0.1649763286113739 0.269408255815506 0.22350552678108215 0.3029782474040985
0.18119822442531586 0.32829543948173523 0.24386270344257355 0.3635251820087433
0.46348148584365845 0.14986935257911682 0.6149346232414246 0.23722445964813232
0.1296028196811676 0.2074861377477646 0.18924576044082642 0.25615403056144714
0.794951856136322 0.0 1.0 0.08743023872375488
0.07612359523773193 0.27830803394317627 0.1111772209405899 0.3021416664123535
0.09280659258365631 0.3737446367740631 0.13077667355537415 0.39955416321754456
0.04036508500576019 0.31049320101737976 0.07155439257621765 0.33110734820365906
0.04735106974840164 0.35464856028556824 0.0784919336438179 0.37453195452690125
0.014211893081665039 0.33900269865989685 0.033600322902202606 0.35403332114219666
0.09258629381656647 0.3736959993839264 0.13063137233257294 0.3995914161205292
0.7946892380714417 0.0 1.0 0.08764097094535828
