0.2612107992172241 0.6312939524650574 0.2999139428138733 0.6900599598884583
0.45463624596595764 0.11309371888637543 0.5473283529281616 0.21076424419879913
0.33005771040916443 0.6647430658340454 0.38706812262535095 0.7426455020904541
0.23932994902133942 0.6154327988624573 0.27368849515914917 0.6675179600715637
0.1603797972202301 0.5710859894752502 0.18630743026733398 0.6077496409416199
0.2259145975112915 0.6075468063354492 0.2634522616863251 0.6602884531021118
0.15351039171218872 0.5667842626571655 0.17938914895057678 0.5972785949707031
0.15315373241901398 0.5438645482063293 0.1738670915365219 0.564089834690094
0.15042391419410706 0.5639023184776306 0.17567703127861023 0.5913923382759094
0.225261852145195 0.6150945425033569 0.25213029980659485 0.6605243682861328
0.25639817118644714 0.627574622631073 0.29075875878334045 0.6803776621818542
