0.26134058833122253 0.6313749551773071 0.30007699131965637 0.6901171207427979
0.3306359350681305 0.6641665697097778 0.38553908467292786 0.743463397026062
0.4893352687358856 0.07341092824935913 0.5954902172088623 0.16831816732883453
0.23959781229496002 0.6150421500205994 0.27352890372276306 0.667464554309845
0.1602204144001007 0.5710437893867493 0.18645650148391724 0.607624351978302
0.22610259056091309 0.6076869368553162 0.26332035660743713 0.6600942015647888
0.15342333912849426 0.5664677023887634 0.17953705787658691 0.5967168211936951
0.48807528614997864 0.07439269125461578 0.5949368476867676 0.17145556211471558
0.14883852005004883 0.5427902936935425 0.1696980595588684 0.5633883476257324
0.22549574077129364 0.6162238121032715 0.2518380284309387 0.6602935791015625
0.14998218417167664 0.564041793346405 0.1740138828754425 0.5935928225517273
0.2566002905368805 0.6276707649230957 0.290372759103775 0.6802911758422852
