0.18790021538734436 0.2702468931674957 0.24974259734153748 0.30519935488700867
0.37489673495292664 0.3052403926849365 0.5028021335601807 0.365622878074646
0.1299441158771515 0.20704887807369232 0.18888044357299805 0.2567271590232849
0.3075694739818573 0.22283121943473816 0.4059084951877594 0.2808656394481659
0.15476086735725403 0.39689695835113525 0.21243953704833984 0.4305981397628784
0.25455451011657715 0.43184715509414673 0.3316161036491394 0.47475969791412354
0.1301712542772293 0.32292741537094116 0.18348030745983124 0.3498002290725708
0.08152314275503159 0.36797428131103516 0.11675877124071121 0.39033108949661255
0.05206846445798874 0.3155708312988281 0.08745048195123672 0.3346260190010071
0.020753100514411926 0.34193873405456543 0.04957394301891327 0.3615769147872925
0.020753100514411926 0.34193873405456543 0.04957394301891327 0.3615769147872925
0.15476086735725403 0.39689695835113525 0.21243953704833984 0.4305981397628784
0.003809988498687744 0.0 0.9193795919418335 0.980767011642456
0.25326186418533325 0.43273958563804626 0.32984375953674316 0.4776439964771271
0.12999166548252106 0.32287970185279846 0.1833670288324356 0.3498466908931732
