0.30693700909614563 0.23096364736557007 0.40076330304145813 0.28743720054626465
0.808603048324585 0.14101359248161316 0.9996590614318848 0.28742870688438416
0.4259033203125 0.46504440903663635 0.5680062770843506 0.5308003425598145
0.25251469016075134 0.3211400508880615 0.33333322405815125 0.3617841601371765
0.48741215467453003 0.11184076964855194 0.6742830872535706 0.2247152477502823
0.12964613735675812 0.20767128467559814 0.19053469598293304 0.2567727863788605
0.15294305980205536 0.3968302309513092 0.208230122923851 0.4293181598186493
0.06456049531698227 0.35938289761543274 0.1009596660733223 0.382097989320755
0.11909561604261398 0.323709636926651 0.17107369005680084 0.3492549955844879
0.3046339452266693 0.436135470867157 0.36126723885536194 0.4795856475830078
0.2719525694847107 0.4360024034976959 0.3178825378417969 0.46938207745552063
0.48741215467453003 0.11184076964855194 0.6742830872535706 0.2247152477502823
0.008669078350067139 0.04988947510719299 0.9075872302055359 0.928796648979187
0.27839818596839905 0.437195360660553 0.3471115529537201 0.4761841893196106
0.014368095435202122 0.28272247314453125 0.04359791427850723 0.305320680141449
0.4259033203125 0.46504440903663635 0.5680062770843506 0.5308003425598145
