0.7637917995452881 0.11272323876619339 0.9987133741378784 0.275640070438385
0.6101891398429871 0.04781816154718399 0.8401222825050354 0.18325600028038025
0.462589293718338 0.45525816082954407 0.6306169629096985 0.5267989635467529
0.12992414832115173 0.20737174153327942 0.19146057963371277 0.25712090730667114
0.288896769285202 0.44012367725372314 0.3710329234600067 0.4840967655181885
0.150035560131073 0.39464977383613586 0.20630481839179993 0.42922309041023254
0.2939354181289673 0.30580615997314453 0.39373141527175903 0.35278987884521484
0.024130430072546005 0.27630743384361267 0.09289643168449402 0.3092276155948639
0.0 0.05604824423789978 0.998746395111084 0.9504250288009644
0.02170465514063835 0.316305935382843 0.047476042062044144 0.33473777770996094
0.02014332264661789 0.2790714502334595 0.05558392405509949 0.3050004839897156
0.28260165452957153 0.44201454520225525 0.3170715570449829 0.4724198281764984
0.1501120775938034 0.39449045062065125 0.20628143846988678 0.42933163046836853
0.46056509017944336 0.4560600817203522 0.6312358379364014 0.5272419452667236
0.29434067010879517 0.3061213791370392 0.3931984305381775 0.3531692922115326
