0.6194348931312561 0.041677914559841156 0.8533236384391785 0.1794966757297516
0.782791018486023 0.12097995728254318 0.9984158277511597 0.26929357647895813
0.46878281235694885 0.4576135575771332 0.6370363235473633 0.5262689590454102
0.2923772931098938 0.4421537220478058 0.37430810928344727 0.48508456349372864
0.13020269572734833 0.20733751356601715 0.19161801040172577 0.25718674063682556
0.15247249603271484 0.39538711309432983 0.20797690749168396 0.43057453632354736
0.3006038963794708 0.3058232069015503 0.4000881612300873 0.3518058657646179
0.025180384516716003 0.2770709991455078 0.09425274282693863 0.30885863304138184
0.02165735512971878 0.31634923815727234 0.04912228882312775 0.3349672257900238
0.0 0.035608917474746704 1.0 0.9562263488769531
0.2867431044578552 0.4435175359249115 0.32060861587524414 0.47395434975624084
0.30011793971061707 0.30619779229164124 0.3999769985675812 0.352268248796463
0.020976699888706207 0.27937182784080505 0.056530438363552094 0.3049355447292328
0.1524222493171692 0.39507174491882324 0.20819610357284546 0.4308317303657532
0.2868860960006714 0.4407895505428314 0.33522671461105347 0.4773024618625641
