0.469572514295578 0.474354088306427 0.6408883929252625 0.5446141362190247
0.25005143880844116 0.3251851201057434 0.3316594362258911 0.3686652183532715
0.12977956235408783 0.2081049233675003 0.18957717716693878 0.2565948963165283
0.026995226740837097 0.31310075521469116 0.06538934260606766 0.3329887390136719
0.19413751363754272 0.22923153638839722 0.3440679907798767 0.3050442934036255
0.1912587583065033 0.22880741953849792 0.3490661680698395 0.3030020296573639
0.19413751363754272 0.22923153638839722 0.3440679907798767 0.3050442934036255
0.47277572751045227 0.47262468934059143 0.6373533010482788 0.5449693202972412
0.01636459119617939 0.3220861852169037 0.040010273456573486 0.33969852328300476
0.18804946541786194 0.23256148397922516 0.24849244952201843 0.29431599378585815
0.14619651436805725 0.25937896966934204 0.2141527533531189 0.30124348402023315
