0.2839736044406891 0.3205453157424927 0.37400636076927185 0.3665103316307068
0.1293279230594635 0.2072758823633194 0.18821308016777039 0.25667011737823486
0.5160768032073975 0.47861412167549133 0.7022233009338379 0.5531249046325684
0.03278215229511261 0.3145219385623932 0.07363261282444 0.33466991782188416
0.20140214264392853 0.2189803421497345 0.3736470937728882 0.2997867166996002
0.20730307698249817 0.22019602358341217 0.37274548411369324 0.299480676651001
0.020991018041968346 0.3230092227458954 0.046881288290023804 0.34116271138191223
0.20140214264392853 0.2189803421497345 0.3736470937728882 0.2997867166996002
0.5160768032073975 0.47861412167549133 0.7022233009338379 0.5531249046325684
0.0 0.0 0.9780972599983215 1.0
