0.3173786401748657 0.31300118565559387 0.4182834029197693 0.36592039465904236
0.12979459762573242 0.20756657421588898 0.18834149837493896 0.25657355785369873
0.5579882860183716 0.4807789921760559 0.7651232481002808 0.5573286414146423
0.039957478642463684 0.3167758882045746 0.08141782134771347 0.33520546555519104
0.20731139183044434 0.20930761098861694 0.39525461196899414 0.2951500415802002
0.02387963980436325 0.3213338851928711 0.052005283534526825 0.34146422147750854
0.5579882860183716 0.4807789921760559 0.7651232481002808 0.5573286414146423
0.16596876084804535 0.24552316963672638 0.2712135910987854 0.30260318517684937
0.20731139183044434 0.20930761098861694 0.39525461196899414 0.2951500415802002
0.22579741477966309 0.2097730189561844 0.39058059453964233 0.2941043972969055
