0.10923215001821518 0.3247082531452179 0.15533505380153656 0.35083505511283875
0.12912574410438538 0.20850808918476105 0.19097328186035156 0.25632452964782715
0.43393415212631226 0.2627875506877899 0.5961775183677673 0.3419322669506073
0.037766408175230026 0.27059853076934814 0.12495128810405731 0.3093826174736023
0.015558206476271152 0.30999138951301575 0.03963722661137581 0.3262816369533539
0.1913565695285797 0.2883698344230652 0.24496236443519592 0.30673712491989136
0.04223543033003807 0.27143362164497375 0.12289130687713623 0.30788812041282654
0.008273059502243996 0.2789817750453949 0.040265172719955444 0.30038049817085266
0.008273059502243996 0.2789817750453949 0.040265172719955444 0.30038049817085266
0.0037034153938293457 0.0 1.0 0.976389467716217
