0.26071277260780334 0.30580148100852966 0.3479689657688141 0.35043904185295105
0.13035842776298523 0.21126094460487366 0.18917563557624817 0.25806963443756104
0.07171447575092316 0.31704381108283997 0.11121310293674469 0.3401566445827484
0.16671350598335266 0.2614920139312744 0.23851200938224792 0.3111485242843628
0.7239793539047241 0.05226895958185196 0.8537083864212036 0.10333333164453506
0.6848766803741455 0.05150502920150757 0.7927612066268921 0.08684772253036499
0.6787256002426147 0.06673718988895416 0.7804064750671387 0.10221447050571442
0.030708951875567436 0.3465343415737152 0.06008942425251007 0.36569979786872864
0.049194902181625366 0.27402183413505554 0.10448305308818817 0.3040662705898285
0.0 0.014344990253448486 0.9722069501876831 0.8755318522453308
0.049379944801330566 0.2738359868526459 0.10333341360092163 0.30392464995384216
0.6989700198173523 0.055100925266742706 0.7851966023445129 0.08070386201143265
0.11261987686157227 0.2587791979312897 0.22022747993469238 0.308724969625473
0.6879538893699646 0.05022883787751198 0.8280561566352844 0.10249033570289612
0.7196601033210754 0.0774691104888916 0.7932093739509583 0.10397009551525116
0.7705802917480469 0.05395696684718132 0.8535614013671875 0.08077108860015869
