0.12995637953281403 0.20969635248184204 0.19015802443027496 0.2566523551940918
0.0817243903875351 0.31877708435058594 0.1176849752664566 0.3415600061416626
0.7620825171470642 0.12351686507463455 0.9983043074607849 0.26728323101997375
0.0671233981847763 0.2806812524795532 0.1037025898694992 0.3034921884536743
0.16250935196876526 0.3982090651988983 0.2167147994041443 0.4298115670681
0.28385189175605774 0.18137678503990173 0.4793584644794464 0.2792496085166931
0.010148870758712292 0.3105323016643524 0.03311556577682495 0.3269197642803192
0.02587573230266571 0.343822181224823 0.04808439314365387 0.35925352573394775
0.02097800187766552 0.28375065326690674 0.04150920361280441 0.2986152172088623
0.3459387421607971 0.18115901947021484 0.5203073620796204 0.26185357570648193
0.16318409144878387 0.3984569311141968 0.21642883121967316 0.429359495639801
0.359163761138916 0.18167082965373993 0.5227828621864319 0.2586248517036438
0.0 0.0 0.9946246147155762 0.987155556678772
