0.2611503005027771 0.6313732862472534 0.2999623417854309 0.6898952722549438
0.33042076230049133 0.6627230644226074 0.386425644159317 0.742613673210144
0.4333508610725403 0.15241414308547974 0.5195069313049316 0.254935085773468
0.2392057329416275 0.6152452826499939 0.2735992670059204 0.6678035855293274
0.16033338010311127 0.5708446502685547 0.1869388073682785 0.6080120801925659
0.22576233744621277 0.6071341037750244 0.26277297735214233 0.6604082584381104
0.3496339023113251 0.5587299466133118 0.41205140948295593 0.576440155506134
0.1536220759153366 0.5669218897819519 0.1799900382757187 0.5986077189445496
0.36337268352508545 0.6581969261169434 0.4150029420852661 0.6736025810241699
0.15599580109119415 0.5445842742919922 0.17765726149082184 0.5631917715072632
0.15044331550598145 0.5636583566665649 0.17549997568130493 0.5919007062911987
0.7768720984458923 0.56904536485672 1.0 0.7009015679359436
0.2562433183193207 0.6272675395011902 0.29094401001930237 0.6806742548942566
