0.26111266016960144 0.6312136650085449 0.29995009303092957 0.6899627447128296
0.33026424050331116 0.6635013818740845 0.38646891713142395 0.7420854568481445
0.2391127347946167 0.6149787306785583 0.2734001874923706 0.6675541996955872
0.1600213646888733 0.5717951059341431 0.18663564324378967 0.6082186698913574
0.22567282617092133 0.6069844365119934 0.2633974850177765 0.6603772044181824
0.15298178791999817 0.5643740296363831 0.1816467046737671 0.5978545546531677
0.6555043458938599 0.630060613155365 0.7656116485595703 0.6648765206336975
0.16092383861541748 0.5470772385597229 0.181566059589386 0.562686026096344
0.3695083260536194 0.1972377598285675 0.8291557431221008 0.5712767839431763
0.256034791469574 0.6272843480110168 0.29054468870162964 0.6804147362709045
0.15752039849758148 0.5471084117889404 0.18276859819889069 0.5733082294464111
