0.26114746928215027 0.6312361359596252 0.29991820454597473 0.6900261044502258
0.3303329050540924 0.6650738716125488 0.3868119418621063 0.7423079013824463
0.23921531438827515 0.6149469017982483 0.27343153953552246 0.6677585244178772
0.16012266278266907 0.5717198252677917 0.1867634356021881 0.6086320281028748
0.22582082450389862 0.6071351170539856 0.26357796788215637 0.6603148579597473
0.15303292870521545 0.5648679733276367 0.18142464756965637 0.5981343984603882
0.16006286442279816 0.5468307137489319 0.18129004538059235 0.5631216168403625
0.3284204602241516 0.5533773303031921 0.3857434391975403 0.5706443190574646
0.1573498249053955 0.5466535091400146 0.18226736783981323 0.5724769830703735
0.41614267230033875 0.22116485238075256 0.47882112860679626 0.3295726478099823
0.37666815519332886 0.19272743165493011 0.8262133002281189 0.5739229917526245
0.15036921203136444 0.5619996190071106 0.17707352340221405 0.5917487740516663
0.22547177970409393 0.6160364151000977 0.2520081102848053 0.6602081060409546
0.25626203417778015 0.6273878812789917 0.29077401757240295 0.680707573890686
0.6709626317024231 0.6333455443382263 0.7810474038124084 0.6676662564277649
