0.2611270844936371 0.6313782930374146 0.2999778687953949 0.6899459362030029
0.3301851153373718 0.6611119508743286 0.3862362504005432 0.7422363758087158
0.4290803372859955 0.16082143783569336 0.5132097005844116 0.26151081919670105
0.23926854133605957 0.6154484748840332 0.2736092805862427 0.6676377058029175
0.16026689112186432 0.5708386898040771 0.186848983168602 0.6078534126281738
0.22573131322860718 0.6071425080299377 0.26285287737846375 0.6603170037269592
0.34682536125183105 0.557896614074707 0.4126843810081482 0.5739144086837769
0.15365837514400482 0.5669055581092834 0.18035368621349335 0.5991279482841492
0.15625566244125366 0.5445700287818909 0.17839288711547852 0.5636122822761536
0.1509162336587906 0.5631154775619507 0.17743916809558868 0.5927929878234863
0.7640160322189331 0.6381562948226929 0.8845921754837036 0.6721049547195435
0.2565249800682068 0.6273704171180725 0.2911069989204407 0.6807572245597839
