0.1481097787618637 0.27192381024360657 0.19943411648273468 0.2974873483181
0.1869162917137146 0.420157790184021 0.24772432446479797 0.4584921598434448
0.48513680696487427 0.1305989921092987 0.675231397151947 0.23465928435325623
0.4992494583129883 0.4645256996154785 0.6625235080718994 0.5331311225891113
0.15587905049324036 0.3227989971637726 0.21329110860824585 0.35285231471061707
0.13052022457122803 0.20841079950332642 0.18939831852912903 0.2558390498161316
0.10086740553379059 0.3780020475387573 0.14351168274879456 0.406235933303833
0.10030439496040344 0.32241716980934143 0.14328427612781525 0.34726694226264954
0.038015224039554596 0.31520408391952515 0.07027241587638855 0.33478492498397827
0.016725070774555206 0.3392718434333801 0.046092286705970764 0.3582751750946045
0.48513680696487427 0.1305989921092987 0.675231397151947 0.23465928435325623
0.07375217229127884 0.3177827000617981 0.10235928744077682 0.34110748767852783
0.002303849905729294 0.2940748929977417 0.029459148645401 0.31400465965270996
0.0807250589132309 0.3187033534049988 0.10989309847354889 0.3429717421531677
0.4992494583129883 0.4645256996154785 0.6625235080718994 0.5331311225891113
0.09093628078699112 0.3209196627140045 0.12472694367170334 0.3444373905658722
