0.3597566783428192 0.28056415915489197 0.4807186424732208 0.3413121998310089
0.17463523149490356 0.40853795409202576 0.23617041110992432 0.44638022780418396
0.293825626373291 0.23336729407310486 0.37966489791870117 0.2796255052089691
0.21426619589328766 0.31729739904403687 0.2842954397201538 0.3572577238082886
0.30685955286026 0.4553225040435791 0.4008188843727112 0.5048107504844666
0.12987551093101501 0.20757125318050385 0.19152045249938965 0.2563427984714508
0.0732046440243721 0.35939159989356995 0.10635147243738174 0.38399413228034973
0.09267494082450867 0.3198624849319458 0.1367156058549881 0.34727942943573
0.15073823928833008 0.3269265294075012 0.2070176601409912 0.359851598739624
0.04400916397571564 0.28601542115211487 0.07553993910551071 0.3078141510486603
0.023929940536618233 0.3433895409107208 0.04798663407564163 0.3611215651035309
0.008205801248550415 0.005658864974975586 0.8991596698760986 0.9349637031555176
0.012857704423367977 0.3110789656639099 0.038266621530056 0.328177809715271
0.01258666068315506 0.2831546366214752 0.04121052101254463 0.3011510670185089
