0.6402023434638977 0.1577945202589035 0.9032705426216125 0.2806811034679413
0.3225477337837219 0.2951715290546417 0.43136245012283325 0.3507678210735321
0.22247314453125 0.4260721206665039 0.29609042406082153 0.4710286259651184
0.3961973488330841 0.469963401556015 0.5195935964584351 0.5266205668449402
0.2216331660747528 0.3267563581466675 0.2933085858821869 0.3652161955833435
0.1337488889694214 0.3234776258468628 0.18735328316688538 0.35433411598205566
0.4446668028831482 0.15626531839370728 0.5778343081474304 0.23223644495010376
0.1302819550037384 0.20862434804439545 0.19030329585075378 0.2561022639274597
0.07140602916479111 0.28432121872901917 0.11112073808908463 0.30850425362586975
0.10464001446962357 0.3734188377857208 0.14683406054973602 0.4013296067714691
0.04441651701927185 0.351794570684433 0.07309924811124802 0.37276968359947205
0.02925630658864975 0.315042644739151 0.06026885658502579 0.3327161371707916
0.03180224448442459 0.28134647011756897 0.05900132656097412 0.30103614926338196
0.006910175085067749 0.007644712924957275 0.967686653137207 0.9542518854141235
0.6402023434638977 0.1577945202589035 0.9032705426216125 0.2806811034679413
