0.20300640165805817 0.2628703713417053 0.26797619462013245 0.2952316999435425
0.2267732471227646 0.314763605594635 0.3032318949699402 0.3545951843261719
0.2374723255634308 0.438215047121048 0.3101954758167267 0.48320797085762024
0.13279147446155548 0.3912166953086853 0.18508471548557281 0.42431432008743286
0.12915866076946259 0.207396000623703 0.18964724242687225 0.25613948702812195
0.6667506098747253 0.47377264499664307 0.9154334664344788 0.5599155426025391
0.1419995129108429 0.3223550319671631 0.19560682773590088 0.351653516292572
0.06144009530544281 0.31705567240715027 0.09794022142887115 0.34042349457740784
0.020844154059886932 0.29248887300491333 0.047410473227500916 0.311215341091156
0.04268085956573486 0.3486047387123108 0.07226254045963287 0.36913788318634033
0.00902862660586834 0.33622193336486816 0.028608644381165504 0.35239166021347046
0.10289762914180756 0.32395195960998535 0.13958239555358887 0.34984511137008667
0.1181977316737175 0.3248271346092224 0.14744353294372559 0.3510541319847107
0.046828240156173706 0.01794341206550598 0.9807147979736328 0.6817944049835205
0.23729419708251953 0.4383741319179535 0.31027472019195557 0.48320093750953674
