0.14470036327838898 0.3967464864253998 0.1977178305387497 0.43026432394981384
0.742571234703064 0.47615495324134827 0.9984555244445801 0.5626585483551025
0.22383087873458862 0.2576984167098999 0.29310327768325806 0.2933619022369385
0.15799599885940552 0.32163476943969727 0.21561986207962036 0.3533656597137451
0.12912386655807495 0.20722712576389313 0.19212126731872559 0.2561296224594116
0.2562810480594635 0.3094055950641632 0.34088101983070374 0.3531259596347809
0.04890691861510277 0.35178619623184204 0.08083890378475189 0.3725888729095459
0.25850892066955566 0.44459861516952515 0.33380573987960815 0.48646944761276245
0.11638135462999344 0.3245016932487488 0.15995143353939056 0.3536004424095154
0.06837430596351624 0.3183450698852539 0.10646618902683258 0.3415795564651489
0.024503637105226517 0.29068562388420105 0.054485220462083817 0.3095657527446747
0.011133343912661076 0.33896997570991516 0.03334305062890053 0.3548367917537689
0.2585277259349823 0.4443575441837311 0.3339290916919708 0.4861493408679962
0.7476330995559692 0.47420382499694824 0.9998046159744263 0.5630290508270264
0.0 0.0 1.0 0.9546850323677063
