0.5629352927207947 0.20681226253509521 0.7818575501441956 0.31185048818588257
0.19334930181503296 0.3237212300300598 0.2607457935810089 0.36237072944641113
0.11095713078975677 0.27969422936439514 0.15812377631664276 0.3076727092266083
0.33691903948783875 0.30501416325569153 0.4484511911869049 0.3594581186771393
0.786546528339386 0.0008547604084014893 0.9984570145606995 0.09355465322732925
0.12928138673305511 0.2078750878572464 0.19006697833538055 0.2564903497695923
0.2781451344490051 0.44702500104904175 0.3689767122268677 0.4938719868659973
0.14242178201675415 0.38963577151298523 0.19499793648719788 0.42284300923347473
0.06422226876020432 0.3621903657913208 0.10382694751024246 0.3865242600440979
0.052705466747283936 0.2810134291648865 0.08380438387393951 0.30199432373046875
0.056631095707416534 0.3181301951408386 0.09246320277452469 0.3385607600212097
0.0046193599700927734 0.0013772845268249512 1.0 0.8997573256492615
0.5321317911148071 0.4811190962791443 0.7197673320770264 0.5553515553474426
0.1300329566001892 0.22407782077789307 0.18659591674804688 0.2553907334804535
0.5340505242347717 0.48141050338745117 0.7213932871818542 0.5558414459228516
0.5340505242347717 0.48141050338745117 0.7213932871818542 0.5558414459228516
