0.4398883581161499 0.4647248387336731 0.5459913611412048 0.5229869484901428
0.13023683428764343 0.2092168629169464 0.18971487879753113 0.25725531578063965
0.25735601782798767 0.24432574212551117 0.33826151490211487 0.28824499249458313
0.4875093698501587 0.21425378322601318 0.6865842342376709 0.30498480796813965
0.40340811014175415 0.46063387393951416 0.4759718179702759 0.5110370516777039
0.25382301211357117 0.4389878511428833 0.35095569491386414 0.4887130856513977
0.25299039483070374 0.43873006105422974 0.350664883852005 0.4884932041168213
0.0019824840128421783 0.3020460903644562 0.10593000054359436 0.3461589515209198
0.0011821947991847992 0.2984282076358795 0.10247266292572021 0.3456333577632904
0.4179079830646515 0.46451807022094727 0.5031716823577881 0.5167186260223389
