0.5999405384063721 0.1654079407453537 0.8415545225143433 0.28130799531936646
0.46158844232559204 0.466310054063797 0.5708795189857483 0.52653968334198
0.28643491864204407 0.23414665460586548 0.3723239600658417 0.28206777572631836
0.12985113263130188 0.20930245518684387 0.18929898738861084 0.256758451461792
0.43043383955955505 0.46365848183631897 0.5373396873474121 0.5233266353607178
0.4250801205635071 0.4635806679725647 0.499287486076355 0.5178713798522949
0.2681505084037781 0.4450843930244446 0.3702523112297058 0.49212950468063354
0.0017287693917751312 0.3006691336631775 0.11234483122825623 0.34840935468673706
0.0038743391633033752 0.30248314142227173 0.11757784336805344 0.3488078713417053
0.40603217482566833 0.9214698672294617 0.4433468282222748 0.9741020798683167
0.021250339224934578 0.274056077003479 0.07985927909612656 0.30599409341812134
0.007713347673416138 0.00979912281036377 0.9358062744140625 0.8934392333030701
0.5999405384063721 0.1654079407453537 0.8415545225143433 0.28130799531936646
0.40122804045677185 0.9145320057868958 0.5304487943649292 0.997682511806488
