0.12866204977035522 0.21495145559310913 0.18731936812400818 0.25514936447143555
0.10235903412103653 0.2799760401248932 0.15860415995121002 0.30799123644828796
0.058773502707481384 0.2830246090888977 0.08971969783306122 0.30517280101776123
0.16617555916309357 0.24129658937454224 0.32108259201049805 0.3046035170555115
0.9211724400520325 0.4593017101287842 0.9997153878211975 0.5656259059906006
0.5280315279960632 0.476162850856781 0.7521628737449646 0.5489650368690491
0.01155085302889347 0.34138646721839905 0.04276665300130844 0.35984519124031067
0.1903153359889984 0.21743518114089966 0.723777174949646 0.35816532373428345
0.16617555916309357 0.24129658937454224 0.32108259201049805 0.3046035170555115
0.19638919830322266 0.21955928206443787 0.7263929843902588 0.36520102620124817
