0.1288464218378067 0.22032387554645538 0.18712691962718964 0.2559824585914612
0.440422385931015 0.4723553955554962 0.625969648361206 0.5403347015380859
0.13467539846897125 0.26296740770339966 0.23020075261592865 0.30567467212677
0.038707226514816284 0.28166496753692627 0.06600964814424515 0.303104043006897
0.07173445075750351 0.2825153172016144 0.11570688337087631 0.30671426653862
0.12876509130001068 0.2930283844470978 0.4188687205314636 0.3698759377002716
0.004113401286303997 0.33346736431121826 0.02364223822951317 0.3499184250831604
0.12876509130001068 0.2930283844470978 0.4188687205314636 0.3698759377002716
0.44362667202949524 0.47020721435546875 0.6235687136650085 0.5393276214599609
0.0 0.0 1.0 0.9808472394943237
