0.14132268726825714 0.27604442834854126 0.19434960186481476 0.3043820858001709
0.1288505643606186 0.21861566603183746 0.18705229461193085 0.2554042935371399
0.053870972245931625 0.33378756046295166 0.08951154351234436 0.3541117310523987
0.03445277363061905 0.31151261925697327 0.06649831682443619 0.33322516083717346
0.033813465386629105 0.28318238258361816 0.0644160658121109 0.3021402359008789
0.2627742886543274 0.23914943635463715 0.3703075051307678 0.2904822826385498
0.6358150243759155 0.0 1.0 0.1521555334329605
0.6363637447357178 0.0 1.0 0.1528858244419098
0.2627742886543274 0.23914943635463715 0.3703075051307678 0.2904822826385498
0.08613326400518417 0.37834882736206055 0.14273980259895325 0.4073517918586731
0.08607862889766693 0.37863945960998535 0.14249950647354126 0.40722352266311646
0.130149707198143 0.2039327770471573 0.19849900901317596 0.2561478912830353
