0.2610201835632324 0.63092041015625 0.2997300624847412 0.6899375915527344
0.330475777387619 0.6644854545593262 0.38642874360084534 0.7417901754379272
0.4106758236885071 0.34045469760894775 0.4776490330696106 0.4438459873199463
0.23971542716026306 0.615149974822998 0.2737495005130768 0.6682072877883911
0.2254628986120224 0.6073135733604431 0.26220548152923584 0.6600154042243958
0.159917950630188 0.5701310634613037 0.18762481212615967 0.605354905128479
0.5513993501663208 0.6168332099914551 0.6277426481246948 0.6436299085617065
0.1537173092365265 0.5661692023277283 0.18193858861923218 0.5975902676582336
0.1625860035419464 0.546419084072113 0.18610602617263794 0.5696101784706116
0.15014970302581787 0.5639035105705261 0.17600318789482117 0.5914931893348694
0.2557376027107239 0.6270972490310669 0.29028117656707764 0.6804243326187134
