0.6153109073638916 0.8099047541618347 0.7385849952697754 0.9477795958518982
0.2599504590034485 0.6305858492851257 0.29920756816864014 0.6909058690071106
0.3298032879829407 0.6650172472000122 0.38696950674057007 0.7420214414596558
0.7876731753349304 0.00012031197547912598 0.9682863354682922 0.13858340680599213
0.22351200878620148 0.6047749519348145 0.26610279083251953 0.6615071296691895
0.2371167242527008 0.6131978034973145 0.2739550769329071 0.6667708158493042
0.15981723368167877 0.5708470344543457 0.18485216796398163 0.6055377721786499
0.15074512362480164 0.563589870929718 0.1796455979347229 0.5962465405464172
0.9473541975021362 0.6510120630264282 0.9999401569366455 0.6936091184616089
0.8750692009925842 0.09931863099336624 0.9986429810523987 0.3359810709953308
