0.6152944564819336 0.8100072145462036 0.7387564182281494 0.9477502107620239
0.2600131630897522 0.6306995749473572 0.29912304878234863 0.6904146075248718
0.3297356367111206 0.6651725769042969 0.38686829805374146 0.7419707775115967
0.7871169447898865 0.0 0.9668708443641663 0.1389457881450653
0.7957305312156677 0.6329063177108765 0.9172272086143494 0.6634159088134766
0.16063819825649261 0.5719699263572693 0.18570084869861603 0.6060312390327454
0.23698151111602783 0.6131003499031067 0.27366793155670166 0.666657030582428
0.22393368184566498 0.6046864986419678 0.2667394280433655 0.6614648103713989
0.15046419203281403 0.5639074444770813 0.17974720895290375 0.5968134999275208
0.8760829567909241 0.10019714385271072 0.998357355594635 0.33725762367248535
