0.6153483390808105 0.810035228729248 0.7388432025909424 0.9477255344390869
0.26000654697418213 0.6307038068771362 0.29915058612823486 0.6905510425567627
0.3296971619129181 0.6651584506034851 0.3868691623210907 0.7419648766517639
0.7871137261390686 0.0 0.965931236743927 0.1388215720653534
0.16046902537345886 0.5719944834709167 0.18586811423301697 0.6060064435005188
0.23707938194274902 0.6132435202598572 0.27358657121658325 0.666594922542572
0.2237723022699356 0.6046364903450012 0.2664638161659241 0.6613990664482117
0.15050354599952698 0.563923716545105 0.18009179830551147 0.5969288349151611
0.8138972520828247 0.6338995695114136 0.9401525259017944 0.6682498455047607
0.8761003017425537 0.10036756098270416 0.9984623193740845 0.33707571029663086
