0.6153632998466492 0.8097198009490967 0.7383238673210144 0.9478939771652222
0.2598334550857544 0.6307247281074524 0.29917222261428833 0.6902511715888977
0.3298298418521881 0.6650408506393433 0.3868779242038727 0.7422288656234741
0.7866429090499878 0.0 0.9660102128982544 0.1386578381061554
0.22370152175426483 0.6047178506851196 0.26687175035476685 0.6620190143585205
0.6564571261405945 0.6034255623817444 0.7662118077278137 0.6349349617958069
0.23488354682922363 0.6120010614395142 0.2733718156814575 0.6662540435791016
0.15938609838485718 0.5704225897789001 0.18498510122299194 0.6046373248100281
0.1516730934381485 0.5645416975021362 0.18038691580295563 0.5975526571273804
0.878416895866394 0.10010164231061935 0.9981118440628052 0.3381723165512085
0.18681789934635162 0.5522374510765076 0.21819494664669037 0.5592413544654846
