0.6153523921966553 0.8098532557487488 0.7386670112609863 0.9481536746025085
0.25993719696998596 0.6307763457298279 0.29902490973472595 0.689900815486908
0.32977861166000366 0.6646614670753479 0.3869299292564392 0.742152988910675
0.7871534824371338 0.0 0.964574933052063 0.13843965530395508
0.6198313236236572 0.5977849364280701 0.7336136102676392 0.630098283290863
0.22382719814777374 0.6047651171684265 0.26608192920684814 0.6616300940513611
0.1588403880596161 0.5705052018165588 0.18481284379959106 0.6047975420951843
0.15110710263252258 0.5644341707229614 0.18074986338615417 0.5981558561325073
0.23665110766887665 0.6127806901931763 0.27385663986206055 0.6669641733169556
0.8764775395393372 0.09499067068099976 0.9986183047294617 0.3379467725753784
0.16889043152332306 0.6984670162200928 0.23239074647426605 0.7343450784683228
