0.6171593070030212 0.7867018580436707 0.7371605038642883 0.9275408387184143
0.25999608635902405 0.6309781074523926 0.29934629797935486 0.6899938583374023
0.32996752858161926 0.6632329821586609 0.3862101137638092 0.7419014573097229
0.7857977151870728 0.0 0.9716626405715942 0.13967621326446533
0.23843058943748474 0.6141796708106995 0.27413901686668396 0.6684089303016663
0.22404026985168457 0.6063849925994873 0.2626725137233734 0.6602672338485718
0.15159519016742706 0.5636579394340515 0.18157608807086945 0.598046600818634
0.160382479429245 0.5713302493095398 0.18597674369812012 0.606705367565155
0.4811262786388397 0.5825986266136169 0.5613223314285278 0.6032312512397766
0.22943080961704254 0.6950968503952026 0.2868693470954895 0.727593183517456
0.8700779676437378 0.10293810814619064 0.9982686042785645 0.3367765247821808
