0.6180638074874878 0.7972513437271118 0.7374805212020874 0.9394463300704956
0.25996604561805725 0.6309524178504944 0.29939064383506775 0.6899864077568054
0.3299638330936432 0.6632277369499207 0.3862359821796417 0.7419785857200623
0.7858618497848511 0.0 0.9715590476989746 0.1395953893661499
0.23852087557315826 0.6144459247589111 0.27418985962867737 0.6684255599975586
0.22419142723083496 0.6067025661468506 0.2629518210887909 0.6602448225021362
0.49966487288475037 0.5846973657608032 0.5917533040046692 0.6088842153549194
0.1519058644771576 0.5638545751571655 0.18170899152755737 0.5980657339096069
0.15890225768089294 0.570210874080658 0.18529894948005676 0.605119526386261
0.870047926902771 0.10327165573835373 0.9986145496368408 0.33839789032936096
0.2306174784898758 0.695928156375885 0.28708207607269287 0.7275037169456482
