0.617500364780426 0.8032438158988953 0.7385855317115784 0.9421601891517639
0.2599549889564514 0.6310147047042847 0.29937177896499634 0.6899795532226562
0.32994845509529114 0.6631753444671631 0.38621196150779724 0.7418942451477051
0.785799503326416 0.0 0.9718856811523438 0.13936416804790497
0.23858895897865295 0.6146687865257263 0.2742106020450592 0.6684171557426453
0.22435130178928375 0.6067019104957581 0.26294082403182983 0.6601688265800476
0.5035114288330078 0.5853367447853088 0.5937442779541016 0.6099880337715149
0.15186896920204163 0.5636655688285828 0.18146422505378723 0.5983104109764099
0.15919147431850433 0.5703968405723572 0.1850348860025406 0.6052129864692688
0.23093780875205994 0.6961269378662109 0.2874320447444916 0.7274913787841797
0.8675346374511719 0.10267636179924011 0.9986370801925659 0.3376462459564209
