0.6074819564819336 0.7444233894348145 0.730093240737915 0.8938217163085938
0.25990891456604004 0.6312016248703003 0.2992798686027527 0.6892002820968628
0.32996368408203125 0.6647042632102966 0.3866044878959656 0.7422890067100525
0.7861828804016113 0.0 0.9716846942901611 0.1396472454071045
0.23888882994651794 0.6155216693878174 0.2743084132671356 0.6680810451507568
0.22493264079093933 0.6073875427246094 0.2625889480113983 0.659856915473938
0.16052262485027313 0.5720431804656982 0.1866496354341507 0.6062717437744141
0.1515805870294571 0.5639333128929138 0.18095193803310394 0.5964849591255188
0.4448554813861847 0.5773122906684875 0.5257975459098816 0.5955012440681458
0.8642491102218628 0.10045184940099716 0.9984662532806396 0.3365534543991089
0.23109841346740723 0.6963918209075928 0.28926002979278564 0.7275768518447876
