0.575813889503479 0.67037034034729 0.7024433612823486 0.8154187202453613
0.2599101960659027 0.6309040188789368 0.2992783486843109 0.6895577311515808
0.33004212379455566 0.6646041870117188 0.3866005539894104 0.7424274682998657
0.7874661087989807 0.0 0.9642590880393982 0.1384483277797699
0.23866966366767883 0.6149518489837646 0.2742557227611542 0.668315052986145
0.22505305707454681 0.6074522137641907 0.2630544900894165 0.6598151326179504
0.15205295383930206 0.5640474557876587 0.18098457157611847 0.5978447198867798
0.16064342856407166 0.5712567567825317 0.18609043955802917 0.6068507432937622
0.22447726130485535 0.6155786514282227 0.25188395380973816 0.6606297492980957
0.8698750734329224 0.09900149703025818 0.9983102083206177 0.3368377089500427
0.23216848075389862 0.697243332862854 0.28967002034187317 0.7274699211120605
