0.5470689535140991 0.6404049396514893 0.683193564414978 0.7831881046295166
0.2610628008842468 0.6315797567367554 0.29939043521881104 0.6902505159378052
0.3299550712108612 0.6648613214492798 0.3872596323490143 0.7427915334701538
0.7869722843170166 0.0 0.9755275249481201 0.14032094180583954
0.15952451527118683 0.5714606642723083 0.18626631796360016 0.606325089931488
0.24024352431297302 0.616481602191925 0.2743189036846161 0.6698673367500305
0.15243090689182281 0.5650650262832642 0.1792452186346054 0.5979659557342529
0.22659505903720856 0.6082413792610168 0.26357048749923706 0.6597176194190979
0.22622396051883698 0.6188817620277405 0.2513667941093445 0.660228431224823
0.8758596181869507 0.1024499386548996 0.9980682134628296 0.339699387550354
0.2567243278026581 0.627848207950592 0.2909632623195648 0.6808174252510071
