0.2611437737941742 0.6314166784286499 0.2995004951953888 0.6901289224624634
0.3301135301589966 0.6650419235229492 0.3873056173324585 0.742337703704834
0.7863214612007141 0.0 0.9823772311210632 0.13992181420326233
0.40956923365592957 0.6148245930671692 0.49855098128318787 0.6731954216957092
0.1595582515001297 0.571519136428833 0.18615038692951202 0.6058355569839478
0.23950588703155518 0.6149606704711914 0.27338284254074097 0.6681033372879028
0.15291348099708557 0.5654409527778625 0.17980527877807617 0.5978038907051086
0.22622162103652954 0.6074557304382324 0.2634717524051666 0.660045862197876
0.7081325054168701 0.0 0.804524302482605 0.029302481561899185
0.8781205415725708 0.0826241672039032 0.9988760948181152 0.33761468529701233
0.2562238574028015 0.6276451945304871 0.2896960377693176 0.6799017786979675
0.22671642899513245 0.6179258823394775 0.2517710030078888 0.6602263450622559
