0.26094886660575867 0.6312574148178101 0.29960575699806213 0.689782977104187
0.3300669193267822 0.6645793914794922 0.3873339891433716 0.7425245046615601
0.7794003486633301 0.00012017041444778442 0.985466718673706 0.13911369442939758
0.35129740834236145 0.5998144745826721 0.4253483712673187 0.6442895531654358
0.7381134033203125 0.06907839328050613 0.8108419179916382 0.09779102355241776
0.23932138085365295 0.6144795417785645 0.2737613022327423 0.6677261590957642
0.15997959673404694 0.5716590881347656 0.18638859689235687 0.6077182292938232
0.22549030184745789 0.6074230074882507 0.2631623148918152 0.6601495146751404
0.15333591401576996 0.564918041229248 0.17945687472820282 0.5971829891204834
0.2564132511615753 0.6275143027305603 0.2911011278629303 0.6804520487785339
