0.26087531447410583 0.6311418414115906 0.29947414994239807 0.6895820498466492
0.7868230938911438 0.0 0.9815306067466736 0.13948845863342285
0.33002158999443054 0.6646665334701538 0.3875437080860138 0.7424055337905884
0.3742501139640808 0.6066311001777649 0.4525379538536072 0.6573992371559143
0.23929224908351898 0.6144313216209412 0.2737831473350525 0.6678816676139832
0.15990683436393738 0.5716789960861206 0.18617364764213562 0.6067522764205933
0.2255217730998993 0.6076260805130005 0.2632477283477783 0.6602746248245239
0.7334960699081421 0.049377016723155975 0.8012557029724121 0.07887626439332962
0.15356047451496124 0.5652378797531128 0.17974330484867096 0.5972274541854858
0.8507177233695984 0.10176530480384827 0.9990091919898987 0.3341585099697113
