0.2611124515533447 0.6317270994186401 0.29942524433135986 0.6896181106567383
0.7889537811279297 0.0 0.9647245407104492 0.13782131671905518
0.3300841748714447 0.6627799272537231 0.38690295815467834 0.742332935333252
0.2898876965045929 0.5852760076522827 0.3394872844219208 0.6204773187637329
0.15981747210025787 0.5716648697853088 0.1861732453107834 0.6064870953559875
0.23963302373886108 0.6155335307121277 0.27384769916534424 0.6676866412162781
0.1533285677433014 0.5653090476989746 0.17985770106315613 0.5973231792449951
0.22709619998931885 0.6089462041854858 0.26272737979888916 0.6600772142410278
0.22573332488536835 0.615643322467804 0.25180715322494507 0.6603409647941589
0.22969722747802734 0.6948097944259644 0.28695738315582275 0.7276455163955688
