0.26104438304901123 0.6313661336898804 0.29942095279693604 0.6900109052658081
0.3301672041416168 0.6641354560852051 0.38670727610588074 0.742172360420227
0.7882643938064575 0.0 0.9624090194702148 0.1375739574432373
0.25964951515197754 0.5744860768318176 0.3023942708969116 0.606578528881073
0.2398165613412857 0.6164365410804749 0.27418243885040283 0.6702120900154114
0.1598254144191742 0.5714455246925354 0.18635934591293335 0.6068755984306335
0.2267182320356369 0.6088240146636963 0.26336878538131714 0.6600573062896729
0.15380631387233734 0.5657053589820862 0.18026341497898102 0.5984484553337097
0.22580581903457642 0.6166233420372009 0.2515610456466675 0.6603888869285583
0.15053431689739227 0.5635491013526917 0.17606590688228607 0.5915594696998596
