0.2611992061138153 0.631877064704895 0.29936978220939636 0.6897563934326172
0.32986894249916077 0.6630222797393799 0.3869635760784149 0.7420493364334106
0.7882997989654541 0.0 0.9610580205917358 0.1374201476573944
0.27658939361572266 0.5800665616989136 0.32295656204223633 0.6142882108688354
0.2396668642759323 0.6154643297195435 0.2738412618637085 0.6680943965911865
0.1600799858570099 0.5717519521713257 0.18631696701049805 0.606826901435852
0.22713616490364075 0.6087268590927124 0.2629607915878296 0.6599202156066895
0.15343903005123138 0.5653924345970154 0.18002958595752716 0.5970492959022522
0.2258680760860443 0.6160323023796082 0.2515374720096588 0.6604316830635071
0.8801716566085815 0.09673350304365158 0.9982544183731079 0.3384244441986084
0.2567688822746277 0.6277904510498047 0.2914392352104187 0.6808779239654541
