0.26113012433052063 0.6308623552322388 0.29999324679374695 0.6900860071182251
0.7887105941772461 0.0 0.9654549360275269 0.14012812077999115
0.33051976561546326 0.6644954085350037 0.38681212067604065 0.7426556944847107
0.2467353790998459 0.5711200833320618 0.2864188551902771 0.599438488483429
0.24081626534461975 0.6163411140441895 0.27530041337013245 0.6697033643722534
0.1607884019613266 0.5719321370124817 0.18720217049121857 0.6071611046791077
0.2259524166584015 0.6083047389984131 0.26108160614967346 0.6597102880477905
0.15185680985450745 0.56361323595047 0.17831775546073914 0.5948050618171692
0.23307280242443085 0.6104360818862915 0.2711119055747986 0.6626179218292236
0.22485734522342682 0.6174026727676392 0.25121667981147766 0.660211443901062
0.227857768535614 0.5328145027160645 0.26543235778808594 0.5563478469848633
0.2569725513458252 0.6276375651359558 0.29223179817199707 0.6810944676399231
0.7396801114082336 0.1576223075389862 0.9938632845878601 0.27028363943099976
