0.26108402013778687 0.6315785646438599 0.2998892664909363 0.6899648904800415
0.7874439358711243 0.0 0.9656862616539001 0.13926544785499573
0.33029705286026 0.6630469560623169 0.38699066638946533 0.7426387071609497
0.2391510009765625 0.6154690384864807 0.27384281158447266 0.6682717204093933
0.22264686226844788 0.5629428029060364 0.254462867975235 0.585828959941864
0.22583381831645966 0.6085765957832336 0.26210811734199524 0.6605598330497742
0.16071754693984985 0.5715758800506592 0.1871444582939148 0.6080417633056641
0.8663636445999146 0.6495277285575867 0.9952232837677002 0.6841794848442078
0.15178848803043365 0.563620388507843 0.17855311930179596 0.5951827168464661
0.3607608675956726 0.8377812504768372 0.4016278386116028 0.8496412634849548
0.2562568187713623 0.6272805333137512 0.2912227511405945 0.6809672713279724
