0.26092520356178284 0.6314266324043274 0.30022022128105164 0.6902433037757874
0.3303903639316559 0.6645873188972473 0.3870902359485626 0.7385521531105042
0.789665937423706 0.0 0.9600067138671875 0.13882982730865479
0.2394714504480362 0.6156167984008789 0.2732907235622406 0.6674802303314209
0.16054889559745789 0.5720260739326477 0.18673422932624817 0.6076154112815857
0.22641044855117798 0.6089214086532593 0.2620055377483368 0.6601008176803589
0.15282484889030457 0.5644633173942566 0.17851269245147705 0.595889151096344
0.1961665004491806 0.5549221634864807 0.22261802852153778 0.5750905871391296
0.503787100315094 0.5862258672714233 0.5795367360115051 0.6103754043579102
0.2548697292804718 0.6270332932472229 0.29006335139274597 0.6801930069923401
