0.2608526349067688 0.6315392255783081 0.30005770921707153 0.6903823614120483
0.7889495491981506 0.0 0.9609259963035583 0.13862846791744232
0.33020463585853577 0.664675235748291 0.3873744308948517 0.743498682975769
0.24089406430721283 0.6166940331459045 0.27480781078338623 0.6698512434959412
0.16057392954826355 0.5721286535263062 0.18690788745880127 0.6074484586715698
0.20193219184875488 0.5571216344833374 0.22969397902488708 0.5766961574554443
0.5520454049110413 0.5952948331832886 0.6364412903785706 0.6211984157562256
0.2270834594964981 0.6089460253715515 0.2612369656562805 0.6599012017250061
0.2331850528717041 0.6108749508857727 0.27063167095184326 0.6624247431755066
0.1523243486881256 0.5639352798461914 0.17810428142547607 0.5953629016876221
0.5563110709190369 0.5962827801704407 0.6414931416511536 0.6245619654655457
0.2255782186985016 0.6153613924980164 0.2515394389629364 0.6605209708213806
0.8796157836914062 0.108085997402668 0.9977912902832031 0.34166663885116577
0.5861449241638184 0.6078055500984192 0.6378612518310547 0.624108612537384
0.27244383096694946 0.556082010269165 0.31472182273864746 0.5657888650894165
0.25469470024108887 0.6269343495368958 0.2902296185493469 0.6802853941917419
