0.26098358631134033 0.631468653678894 0.30001407861709595 0.6902554035186768
0.3302561938762665 0.6643072366714478 0.38558802008628845 0.7423442602157593
0.7898874878883362 0.0 0.9629392027854919 0.13908535242080688
0.23960994184017181 0.6157581210136414 0.2732829749584198 0.6675446629524231
0.16042391955852509 0.5718289017677307 0.18650399148464203 0.607922375202179
0.22640368342399597 0.608748733997345 0.26175224781036377 0.659761369228363
0.15308554470539093 0.5648833513259888 0.1784830540418625 0.5966224670410156
0.1958473175764084 0.5552573204040527 0.2189204841852188 0.5721966028213501
0.2548942267894745 0.6269993782043457 0.28978171944618225 0.6801310777664185
0.22543874382972717 0.6168627738952637 0.25115469098091125 0.659996509552002
