0.26110661029815674 0.6310495734214783 0.29977214336395264 0.6900340914726257
0.7891281247138977 0.0 0.95860356092453 0.139444500207901
0.3303483724594116 0.6645395755767822 0.3863949775695801 0.742466926574707
0.24084126949310303 0.61655592918396 0.27473753690719604 0.6700862646102905
0.16033516824245453 0.5716568827629089 0.18637926876544952 0.6074876189231873
0.22638395428657532 0.6086844205856323 0.2610587179660797 0.6598155498504639
0.15245480835437775 0.5641430616378784 0.1777610033750534 0.5961982011795044
0.2328052967786789 0.6108102202415466 0.2705865204334259 0.6622721552848816
0.2553121745586395 0.626908004283905 0.2904750406742096 0.6805407404899597
0.19238469004631042 0.5537310838699341 0.21744617819786072 0.571110725402832
0.22527670860290527 0.6160364151000977 0.2512727975845337 0.6603418588638306
