0.2610204517841339 0.6311331987380981 0.2996566593647003 0.6905081272125244
0.3298599421977997 0.6653150916099548 0.3871002495288849 0.7421476244926453
0.5531322360038757 0.0 0.6823390126228333 0.08520856499671936
0.23917214572429657 0.6155875325202942 0.2736046612262726 0.6679330468177795
0.22479358315467834 0.6078797578811646 0.2613833248615265 0.6602509021759033
0.1606973558664322 0.571567714214325 0.1875484436750412 0.6079148650169373
0.15135902166366577 0.564626157283783 0.17829176783561707 0.5954685807228088
0.1464921087026596 0.5336259007453918 0.16283713281154633 0.5477973818778992
0.3558008372783661 0.4740171730518341 0.41515323519706726 0.539268434047699
0.2550015449523926 0.6269596219062805 0.2898845672607422 0.680192768573761
0.5533251762390137 5.5242329835891724e-05 0.6828643083572388 0.09372754395008087
0.14469555020332336 0.5316239595413208 0.16435322165489197 0.55375075340271
