0.26102980971336365 0.6311649680137634 0.2994407117366791 0.6904274821281433
0.47435081005096436 0.07665713131427765 0.5716578960418701 0.17777012288570404
0.32981300354003906 0.6654824018478394 0.3872682452201843 0.7423267364501953
0.23875471949577332 0.6149524450302124 0.27317294478416443 0.6673717498779297
0.16059741377830505 0.5720005631446838 0.18624994158744812 0.6071868538856506
0.2252124547958374 0.6074422001838684 0.2629201412200928 0.6606760621070862
0.15204346179962158 0.5642639398574829 0.17885181307792664 0.5946451425552368
0.43181392550468445 0.589759886264801 0.5056596994400024 0.6061804890632629
0.25474095344543457 0.6269381046295166 0.2895147204399109 0.6799188852310181
0.47371259331703186 0.07653829455375671 0.5734882950782776 0.18411359190940857
