0.26082903146743774 0.6313204765319824 0.29973381757736206 0.6903667449951172
0.4118708670139313 0.38643187284469604 0.4823555052280426 0.4962273836135864
0.32996731996536255 0.6657119393348694 0.387093186378479 0.7425546050071716
0.24105390906333923 0.6161227822303772 0.2747083008289337 0.6700418591499329
0.1601647436618805 0.5720078349113464 0.186345636844635 0.6064770817756653
0.22618907690048218 0.6083511710166931 0.2616412341594696 0.6599753499031067
0.15316641330718994 0.5655251145362854 0.17913386225700378 0.5970452427864075
0.2328476905822754 0.6103037595748901 0.27083754539489746 0.6626712083816528
0.5636446475982666 0.607024073600769 0.6575825214385986 0.629775881767273
0.2549685537815094 0.6272163391113281 0.29022207856178284 0.680432915687561
0.2252953052520752 0.6170611381530762 0.2511599361896515 0.6603964567184448
