0.4081551134586334 0.4221329689025879 0.48507604002952576 0.53498774766922
0.26088470220565796 0.6312915086746216 0.29997527599334717 0.6903700828552246
0.3299221694469452 0.6655297875404358 0.3870914876461029 0.7422552704811096
0.2408827245235443 0.6161796450614929 0.27467671036720276 0.6697260737419128
0.16006578505039215 0.5719327330589294 0.186268612742424 0.6071236729621887
0.22611896693706512 0.6083396673202515 0.2620784342288971 0.6600692272186279
0.15253055095672607 0.5648375749588013 0.17850223183631897 0.596662163734436
0.6243954300880432 0.6192478537559509 0.7336023449897766 0.6419301629066467
0.2554702162742615 0.6273871064186096 0.290647029876709 0.6805480122566223
0.22502878308296204 0.6165244579315186 0.25128576159477234 0.6603908538818359
