0.4073690176010132 0.423423171043396 0.4847111105918884 0.536017119884491
0.2608521580696106 0.6313045024871826 0.2999277114868164 0.6904577016830444
0.33001822233200073 0.6655579209327698 0.3870545029640198 0.7420273423194885
0.2409440577030182 0.6160885691642761 0.27476367354393005 0.6697356104850769
0.15991108119487762 0.571950376033783 0.18622605502605438 0.6073628067970276
0.22586165368556976 0.6083999872207642 0.2619097828865051 0.6600607633590698
0.15279845893383026 0.5647066235542297 0.17868177592754364 0.5967345833778381
0.6804072856903076 0.6254245638847351 0.7938021421432495 0.6522703766822815
0.25515106320381165 0.6272609233856201 0.2901667058467865 0.6801806688308716
0.22496165335178375 0.61686772108078 0.25126129388809204 0.6602930426597595
