0.26083219051361084 0.6312280297279358 0.29977691173553467 0.6902739405632019
0.43839552998542786 0.5411367416381836 0.5506498217582703 0.6557885408401489
0.33015069365501404 0.6657952070236206 0.387116402387619 0.7420989274978638
0.24094393849372864 0.6162561178207397 0.2747529447078705 0.6697789430618286
0.15988218784332275 0.5721316337585449 0.18616172671318054 0.6071010828018188
0.22596782445907593 0.6085759997367859 0.26175394654273987 0.6600993275642395
0.8591741323471069 0.6526322364807129 0.9796420335769653 0.6857897043228149
0.151887908577919 0.5643857717514038 0.17829890549182892 0.5960614681243896
0.2318509966135025 0.6104923486709595 0.2715506851673126 0.6647701263427734
0.4494751989841461 0.1681082546710968 0.5163784623146057 0.193437397480011
0.25544267892837524 0.627281904220581 0.2904919981956482 0.6803784370422363
0.225066676735878 0.6170415878295898 0.2513037919998169 0.6604334115982056
