0.26083067059516907 0.6312662363052368 0.2997342646121979 0.690316915512085
0.42942363023757935 0.5272254943847656 0.5338547825813293 0.6424010992050171
0.33009856939315796 0.6658520698547363 0.3871634602546692 0.7420140504837036
0.24091684818267822 0.6163875460624695 0.27476829290390015 0.6697395443916321
0.1599205583333969 0.5721685290336609 0.1862960308790207 0.6073915362358093
0.8338635563850403 0.6487433314323425 0.9637631773948669 0.677692711353302
0.2259511649608612 0.6086519956588745 0.26156094670295715 0.6600935459136963
0.15184903144836426 0.564282238483429 0.17821267247200012 0.5958417057991028
0.25544974207878113 0.6272863149642944 0.2905384600162506 0.6804444789886475
0.22507329285144806 0.6169760227203369 0.25134900212287903 0.6604976654052734
