0.26084351539611816 0.6312522888183594 0.29976630210876465 0.6902976036071777
0.43141645193099976 0.5324587225914001 0.5368247628211975 0.645296037197113
0.3301678001880646 0.6658293604850769 0.38717779517173767 0.7420679926872253
0.2409462332725525 0.616400420665741 0.2747323513031006 0.6697133183479309
0.15992385149002075 0.5721830129623413 0.18625926971435547 0.6073906421661377
0.8441028594970703 0.648806631565094 0.9718842506408691 0.6800547242164612
0.22607971727848053 0.6087059378623962 0.26163727045059204 0.6600787043571472
0.1518862545490265 0.5643453598022461 0.1781708002090454 0.5958572626113892
0.255429208278656 0.6272980570793152 0.29049617052078247 0.6803862452507019
0.2251293659210205 0.6170406937599182 0.25130319595336914 0.6604712605476379
