0.2607329785823822 0.6312440037727356 0.29992738366127014 0.6900790333747864
0.4090058207511902 0.41123393177986145 0.48312562704086304 0.5263516902923584
0.32989463210105896 0.6648292541503906 0.38686802983283997 0.7421457767486572
0.23940443992614746 0.6146755218505859 0.27379918098449707 0.6676422357559204
0.1642380952835083 0.5443841218948364 0.18941143155097961 0.5680215358734131
0.22585700452327728 0.6076890826225281 0.2626427710056305 0.6604146361351013
0.16025780141353607 0.5704728960990906 0.18715859949588776 0.6077262759208679
0.15367592871189117 0.566206157207489 0.18203125894069672 0.5978462100028992
0.315509170293808 0.5581565499305725 0.3665558397769928 0.5731976628303528
0.15009963512420654 0.5642229914665222 0.17695346474647522 0.5917796492576599
0.25534719228744507 0.6272886395454407 0.29056233167648315 0.6804323792457581
