0.2998449206352234 0.4396088719367981 0.39098793268203735 0.4851261377334595
0.5139760375022888 0.27473577857017517 0.6886199116706848 0.3564911186695099
0.3790275454521179 0.30635011196136475 0.5009679198265076 0.3623036742210388
0.45014145970344543 0.4647427499294281 0.6073333024978638 0.52837073802948
0.43917542695999146 0.15025296807289124 0.5770300030708313 0.23519077897071838
0.14251095056533813 0.2758329510688782 0.1920064389705658 0.30434179306030273
0.12869684398174286 0.21766918897628784 0.1881047636270523 0.25495120882987976
0.06582041829824448 0.28313589096069336 0.0977780893445015 0.3042601943016052
0.2786681056022644 0.3133111596107483 0.36656588315963745 0.35866832733154297
0.21108010411262512 0.14872583746910095 0.2590098977088928 0.16171139478683472
0.8161011338233948 0.14459232985973358 0.9997875094413757 0.28172874450683594
0.11967527866363525 0.3838344216346741 0.17026692628860474 0.413235068321228
0.13075067102909088 0.32649967074394226 0.17297743260860443 0.3548964560031891
0.022160299122333527 0.34455445408821106 0.04603912681341171 0.36071035265922546
0.03336140140891075 0.31576329469680786 0.06402341276407242 0.33424121141433716
0.8161011338233948 0.14459232985973358 0.9997875094413757 0.28172874450683594
0.17942768335342407 0.33161038160324097 0.22689411044120789 0.3657153844833374
0.02925753779709339 0.2877390384674072 0.0486544668674469 0.3036293387413025
0.017899692058563232 0.03194442391395569 0.8560816049575806 0.868921160697937
0.17710794508457184 0.39904165267944336 0.24634306132793427 0.43648022413253784
0.05166281759738922 0.35674503445625305 0.08418044447898865 0.3744336664676666
0.2192617654800415 0.3328336179256439 0.29685068130493164 0.3680638372898102
0.11931309103965759 0.3837420642375946 0.17013749480247498 0.4133969247341156
0.17632494866847992 0.39905887842178345 0.2465807944536209 0.4364764094352722
0.17700964212417603 0.331737220287323 0.22691667079925537 0.3649628758430481
0.05978730320930481 0.3188576400279999 0.09191028773784637 0.3428700268268585
0.06395535916090012 0.36820992827415466 0.12291903048753738 0.3984539210796356
0.06395535916090012 0.36820992827415466 0.12291903048753738 0.3984539210796356
0.4532431364059448 0.4651604890823364 0.6070294380187988 0.5283170342445374
0.08853459358215332 0.3227129876613617 0.13372080028057098 0.34691277146339417
0.2192617654800415 0.3328336179256439 0.29685068130493164 0.3680638372898102
0.00312743429094553 0.33436721563339233 0.021895702928304672 0.35031020641326904
0.17942768335342407 0.33161038160324097 0.22689411044120789 0.3657153844833374
0.21921966969966888 0.33275672793388367 0.26782023906707764 0.36491480469703674
