0.5121139287948608 0.2773849666118622 0.6798375844955444 0.3573804795742035
0.29162338376045227 0.4363747835159302 0.37873247265815735 0.48275643587112427
0.373696893453598 0.30752116441726685 0.49082151055336 0.3632009029388428
0.39823225140571594 0.17296288907527924 0.521632730960846 0.2497764378786087
0.4267610013484955 0.46237191557884216 0.5731509923934937 0.5240150094032288
0.8720737099647522 0.0003396570682525635 1.0 0.07041279971599579
0.13035260140895844 0.20750537514686584 0.18924660980701447 0.255511075258255
0.13140445947647095 0.27757760882377625 0.17603906989097595 0.3038214147090912
0.2120005339384079 0.14667610824108124 0.2632044553756714 0.16178171336650848
0.059354815632104874 0.2839524447917938 0.0900067612528801 0.30447402596473694
0.8022537231445312 0.1438855677843094 0.9998854398727417 0.2847368121147156
0.04848845303058624 0.3549629747867584 0.08212785422801971 0.37414249777793884
0.11687178909778595 0.3818734586238861 0.16619782149791718 0.4120425879955292
0.12617695331573486 0.32583653926849365 0.17122769355773926 0.35459935665130615
0.2649073600769043 0.31353938579559326 0.3619534969329834 0.3582194447517395
0.17552700638771057 0.33187562227249146 0.22411152720451355 0.3647008538246155
0.1730371117591858 0.3979977071285248 0.24168133735656738 0.4352216422557831
0.018772799521684647 0.3428518772125244 0.042639877647161484 0.359438419342041
0.8022537231445312 0.1438855677843094 0.9998854398727417 0.2847368121147156
0.03185681626200676 0.3160662055015564 0.06297006458044052 0.334231972694397
0.021088451147079468 0.02392953634262085 0.8538100719451904 0.8539987206459045
0.0768871158361435 0.36809369921684265 0.12063682079315186 0.39775189757347107
0.05687619745731354 0.3189519941806793 0.091808021068573 0.3425501883029938
0.22553135454654694 0.33367952704429626 0.29637381434440613 0.368118017911911
0.02644936554133892 0.2888241708278656 0.04469864070415497 0.3034762442111969
0.08788862079381943 0.32268571853637695 0.13238653540611267 0.3468281030654907
0.1775563508272171 0.33210331201553345 0.2253856509923935 0.3650822043418884
0.1727387011051178 0.3983733654022217 0.24079525470733643 0.43463200330734253
0.0768871158361435 0.36809369921684265 0.12063682079315186 0.39775189757347107
0.2649073600769043 0.31353938579559326 0.3619534969329834 0.3582194447517395
0.4267610013484955 0.46237191557884216 0.5731509923934937 0.5240150094032288
0.17552700638771057 0.33187562227249146 0.22411152720451355 0.3647008538246155
