0.6538428664207458 0.0018793344497680664 0.9124500155448914 0.1477171629667282
0.5401875972747803 0.2657465934753418 0.7320501804351807 0.3551252484321594
0.40443527698516846 0.2997790575027466 0.535548746585846 0.35999608039855957
0.3448488414287567 0.44694870710372925 0.44943901896476746 0.4981846809387207
0.12957856059074402 0.20669794082641602 0.18822437524795532 0.2562088668346405
0.21432030200958252 0.2648980915546417 0.2762943208217621 0.3013414442539215
0.23457559943199158 0.33213967084884644 0.3125663697719574 0.36944305896759033
0.10101428627967834 0.28020790219306946 0.13943438231945038 0.30585119128227234
0.061802126467227936 0.36004841327667236 0.09688233584165573 0.3791664242744446
0.029938552528619766 0.3464394807815552 0.05807677283883095 0.3658781051635742
0.04325973242521286 0.2824191749095917 0.07063136249780655 0.3031533658504486
0.19978360831737518 0.15262195467948914 0.2511422634124756 0.16638901829719543
0.8973691463470459 0.13433358073234558 0.9992314577102661 0.2622790038585663
0.5935370326042175 0.47659310698509216 0.835361897945404 0.5584357976913452
0.13548186421394348 0.3279579281806946 0.18026813864707947 0.3571431040763855
0.13664641976356506 0.38844946026802063 0.1901145875453949 0.4214892089366913
0.28228506445884705 0.31119924783706665 0.3943193256855011 0.35971617698669434
0.060420311987400055 0.3186699151992798 0.09597208350896835 0.3434370160102844
0.28387215733528137 0.3116254210472107 0.3928340971469879 0.35907578468322754
0.008334954269230366 0.33716851472854614 0.029881052672863007 0.3536660671234131
0.19318613409996033 0.4052480161190033 0.2678784728050232 0.4445805251598358
0.07037179172039032 0.3710896074771881 0.13727307319641113 0.40408167243003845
0.5926960110664368 0.47740110754966736 0.8338091969490051 0.5576772689819336
0.011555731296539307 0.03932967782020569 0.8720014095306396 0.8957459926605225
0.1788797676563263 0.33180737495422363 0.23501166701316833 0.36578935384750366
0.17805136740207672 0.33199426531791687 0.23573662340641022 0.3657729923725128
0.09319576621055603 0.322886198759079 0.14079546928405762 0.34827908873558044
0.8938410878181458 0.12345472723245621 0.999259889125824 0.26425474882125854
0.13645528256893158 0.38838574290275574 0.1904054433107376 0.4214491546154022
0.04133092612028122 0.3178310990333557 0.07217249274253845 0.3364555835723877
0.19318613409996033 0.4052480161190033 0.2678784728050232 0.4445805251598358
0.19392673671245575 0.40516602993011475 0.26655545830726624 0.44435757398605347
