0.587579607963562 0.04445502907037735 0.8060439825057983 0.17618206143379211
0.4017294645309448 0.3020826578140259 0.526702880859375 0.3614077568054199
0.5355361700057983 0.26726657152175903 0.7211587429046631 0.3558117151260376
0.3285588026046753 0.4455101490020752 0.43354272842407227 0.4948464035987854
0.5487996339797974 0.4713362455368042 0.7550219297409058 0.5483455657958984
0.09112568944692612 0.28103458881378174 0.12815389037132263 0.30549126863479614
0.13027718663215637 0.20768296718597412 0.18865740299224854 0.25610148906707764
0.19153675436973572 0.2692624628543854 0.25213050842285156 0.30371376872062683
0.23044264316558838 0.33235684037208557 0.30944502353668213 0.3694412410259247
0.27844664454460144 0.31172892451286316 0.38563528656959534 0.359478622674942
0.2020675241947174 0.1516016721725464 0.25331181287765503 0.165361225605011
0.8739955425262451 0.14059732854366302 0.9994024038314819 0.2661864757537842
0.19053351879119873 0.4018475413322449 0.26242005825042725 0.4413963556289673
0.03879833593964577 0.2834124267101288 0.06479519605636597 0.3037029802799225
0.13249512016773224 0.38743913173675537 0.18504227697849274 0.4194009304046631
0.06005069613456726 0.35983872413635254 0.09358979761600494 0.3785868287086487
0.028490766882896423 0.34513038396835327 0.05538689345121384 0.3653739094734192
0.13688591122627258 0.3278820216655731 0.1784992218017578 0.35644057393074036
0.006708472967147827 0.06562349200248718 0.863998532295227 0.8511155843734741
0.1811808943748474 0.3319191336631775 0.23277977108955383 0.3654203414916992
0.06779477000236511 0.36961600184440613 0.1336691528558731 0.40249189734458923
0.092851921916008 0.32261133193969727 0.1374017894268036 0.34786540269851685
0.03739593178033829 0.3170725405216217 0.06498708575963974 0.3359207212924957
0.27844664454460144 0.31172892451286316 0.38563528656959534 0.359478622674942
0.1327355057001114 0.38763970136642456 0.18548770248889923 0.4192165732383728
0.06261895596981049 0.3185582458972931 0.09544989466667175 0.3438447415828705
0.17803511023521423 0.3322771489620209 0.2331467568874359 0.36578360199928284
0.8747454881668091 0.13825634121894836 0.9994064569473267 0.2662844657897949
0.005782569758594036 0.3368421792984009 0.028832096606492996 0.3525850772857666
0.010927647352218628 0.09150442481040955 0.7400945425033569 0.5703989267349243
0.19053351879119873 0.4018475413322449 0.26242005825042725 0.4413963556289673
