0.12919746339321136 0.22230353951454163 0.1880061775445938 0.2552308738231659
0.2679789960384369 0.32710736989974976 0.35773327946662903 0.3704912066459656
0.12940137088298798 0.382698655128479 0.1742941290140152 0.41097384691238403
0.40952199697494507 0.4544435441493988 0.5737923979759216 0.514305591583252
0.12211337685585022 0.27389171719551086 0.166975736618042 0.3011147677898407
0.4468193054199219 0.29215386509895325 0.6196668148040771 0.3633240759372711
0.20944231748580933 0.2603193521499634 0.2855601906776428 0.3050183057785034
0.2941266894340515 0.4468308389186859 0.3987100124359131 0.5004826784133911
0.2063462734222412 0.333025187253952 0.27161675691604614 0.3684999644756317
0.06624358147382736 0.28016939759254456 0.10221268981695175 0.3021412789821625
0.11372098326683044 0.32403308153152466 0.15218585729599 0.35011422634124756
0.02635056897997856 0.34890303015708923 0.06352567672729492 0.3714679777622223
0.09079566597938538 0.3710170090198517 0.13249331712722778 0.393270343542099
0.25566256046295166 0.12187980115413666 0.310680627822876 0.13713397085666656
0.06374020129442215 0.3215898275375366 0.10268530994653702 0.34212297201156616
0.31238532066345215 0.07672402262687683 0.38555485010147095 0.09607294201850891
0.011409968137741089 0.020631074905395508 0.9180607795715332 0.8759438395500183
0.028046732768416405 0.2797302305698395 0.05603276938199997 0.2989331781864166
0.15099138021469116 0.3295527994632721 0.21257337927818298 0.35994014143943787
0.6968615651130676 0.17318224906921387 0.9994829297065735 0.30612120032310486
0.6962239742279053 0.17416347563266754 0.9966164827346802 0.3071894645690918
0.6995267868041992 0.1756669580936432 0.99767005443573 0.3075702488422394
0.41013455390930176 0.4524487555027008 0.5767513513565063 0.5130058526992798
0.010081488639116287 0.3108138144016266 0.07531161606311798 0.3360844552516937
0.17434954643249512 0.3988437354564667 0.2289230227470398 0.4232119619846344
0.010466471314430237 0.31057435274124146 0.07640121877193451 0.33622556924819946
0.08124011009931564 0.321794331073761 0.11485452204942703 0.3433060646057129
0.4449560046195984 0.2923536002635956 0.6170883774757385 0.3644801676273346
0.2941266894340515 0.4468308389186859 0.3987100124359131 0.5004826784133911
0.17736169695854187 0.4080473482608795 0.28698045015335083 0.4653148949146271
0.2928524315357208 0.44662874937057495 0.39827558398246765 0.5003447532653809
0.14332930743694305 0.1789073646068573 0.18185879290103912 0.18829455971717834
0.15701889991760254 0.26920175552368164 0.20033219456672668 0.292259156703949
0.013674333691596985 0.07697860896587372 0.3911338448524475 0.4688945412635803
0.17853406071662903 0.40190574526786804 0.2473689317703247 0.45851752161979675
0.01276126503944397 0.009354770183563232 0.8206813335418701 0.5966786742210388
0.6962239742279053 0.17416347563266754 0.9966164827346802 0.3071894645690918
0.20860831439495087 0.2610423266887665 0.28562015295028687 0.3042673170566559
