0.3670348525047302 0.4620071053504944 0.4973548650741577 0.5224976539611816
0.3499762713909149 0.20628124475479126 0.4551282227039337 0.2705124020576477
0.36637401580810547 0.3034217655658722 0.4923669099807739 0.3631274402141571
0.2715199887752533 0.32865816354751587 0.34774085879325867 0.373932421207428
0.059194229543209076 0.28017377853393555 0.09347588568925858 0.3027653098106384
0.09962709248065948 0.27641722559928894 0.14250966906547546 0.30267080664634705
0.16370174288749695 0.3950943946838379 0.21524640917778015 0.42814868688583374
0.13038712739944458 0.22239667177200317 0.187089204788208 0.2559395730495453
0.18797652423381805 0.2606014609336853 0.2656514644622803 0.3005543351173401
0.400678426027298 0.9102779030799866 0.49896350502967834 0.9717069268226624
0.5194346904754639 0.4545132517814636 0.7449333667755127 0.5285702347755432
0.06031610071659088 0.363009512424469 0.1058407723903656 0.38925254344940186
0.21229182183742523 0.4118884205818176 0.2798581123352051 0.44181203842163086
0.12099165469408035 0.38200709223747253 0.1691182553768158 0.4078396260738373
0.18306085467338562 0.3309171795845032 0.26098427176475525 0.364987313747406
0.12853969633579254 0.3253777325153351 0.1860949546098709 0.3560660183429718
0.27358222007751465 0.11952632665634155 0.3399149179458618 0.13765215873718262
0.21893857419490814 0.14516375958919525 0.270653635263443 0.15836437046527863
0.013695329427719116 0.01708582043647766 0.9371681213378906 0.8847103118896484
0.12787985801696777 0.1830720156431198 0.16390067338943481 0.19122175872325897
0.22910770773887634 0.4318975806236267 0.3426494896411896 0.4885860085487366
0.012806329876184464 0.31107297539711 0.08255378901958466 0.3368118703365326
0.28248611092567444 0.4388856291770935 0.36085137724876404 0.49028515815734863
0.0726102739572525 0.3234781324863434 0.10807204246520996 0.34504494071006775
0.5191938877105713 0.4548571705818176 0.7448369264602661 0.5282827019691467
0.4021691381931305 0.9138023257255554 0.5213425755500793 0.9921515583992004
0.007100999355316162 0.10340312123298645 0.3905264139175415 0.5029424428939819
0.012701068073511124 0.31073859333992004 0.08031226694583893 0.3368733823299408
0.24438989162445068 0.43344420194625854 0.3559688925743103 0.4900932312011719
0.021254461258649826 0.34544000029563904 0.051619332283735275 0.362408846616745
0.02512822300195694 0.28391897678375244 0.05084603279829025 0.30166077613830566
0.05343993753194809 0.3579218089580536 0.07980071753263474 0.3822479546070099
0.36637401580810547 0.3034217655658722 0.4923669099807739 0.3631274402141571
0.42630741000175476 0.9099720120429993 0.4996509850025177 0.9424896836280823
0.18300271034240723 0.3310382068157196 0.2614559531211853 0.36504194140434265
0.2628166377544403 0.32857194542884827 0.31369486451148987 0.3709668219089508
0.8603683114051819 0.0004763975739479065 0.9987983107566833 0.09077636152505875
0.12099165469408035 0.38200709223747253 0.1691182553768158 0.4078396260738373
0.09615932404994965 0.32476189732551575 0.12675423920154572 0.34705987572669983
0.03774237632751465 0.01081201434135437 0.9979449510574341 0.9528833627700806
0.011446565389633179 0.027289211750030518 0.7521547079086304 0.6755284667015076
0.21410994231700897 0.40822309255599976 0.28221428394317627 0.4425628185272217
0.022491782903671265 0.06767807900905609 0.5329916477203369 0.54957115650177
