0.3552037179470062 0.4608420431613922 0.4820546805858612 0.5195829272270203
0.34231024980545044 0.31032589077949524 0.45774340629577637 0.3652407228946686
0.2989504933357239 0.232847660779953 0.3831508159637451 0.2853764593601227
0.5107620358467102 0.45681488513946533 0.7269815802574158 0.5275788307189941
0.1290644109249115 0.2224017083644867 0.18736568093299866 0.2556157410144806
0.08539451658725739 0.2762119770050049 0.12580466270446777 0.30224502086639404
0.15720658004283905 0.39390528202056885 0.2089441567659378 0.426017165184021
0.7773149609565735 1.1689960956573486e-05 0.9945728182792664 0.09774016588926315
0.16000613570213318 0.2680686116218567 0.22967848181724548 0.302049458026886
0.25343450903892517 0.3304874002933502 0.3317748010158539 0.3727370798587799
0.051036980003118515 0.28141385316848755 0.0820453017950058 0.30099791288375854
0.9413491487503052 0.14990642666816711 1.0 0.2739909887313843
0.11599250137805939 0.3801513910293579 0.16415448486804962 0.40510058403015137
0.528636634349823 0.7183157205581665 0.9443601965904236 0.8831173181533813
0.21967259049415588 0.4287155866622925 0.35038378834724426 0.4866223931312561
0.05518694221973419 0.3624555766582489 0.09923593699932098 0.3867565095424652
0.20658186078071594 0.4104011356830597 0.2718591094017029 0.4377311170101166
0.07014384120702744 0.32333797216415405 0.1083550676703453 0.3451765179634094
0.1288980394601822 0.325435072183609 0.18060989677906036 0.3557218611240387
0.2765682637691498 0.11441685259342194 0.3444172441959381 0.13126182556152344
0.177208811044693 0.33074700832366943 0.25137200951576233 0.36371666193008423
0.004494071006774902 0.05248728394508362 0.819756805896759 0.8173700571060181
0.22542555630207062 0.1424148827791214 0.2765539586544037 0.15606380999088287
0.040277495980262756 0.35490307211875916 0.07487651705741882 0.37767884135246277
0.006654232740402222 0.09246723353862762 0.3913336396217346 0.4918307065963745
0.7336503267288208 0.7472429871559143 0.778268575668335 0.7791799902915955
0.21967259049415588 0.4287155866622925 0.35038378834724426 0.4866223931312561
0.011757183820009232 0.3106260597705841 0.08265112340450287 0.33660998940467834
0.05134027451276779 0.35785260796546936 0.08840157836675644 0.3847018778324127
0.011708278208971024 0.3105037808418274 0.08437478542327881 0.3367519974708557
0.20658186078071594 0.4104011356830597 0.2718591094017029 0.4377311170101166
0.02060774900019169 0.3444925844669342 0.04681225121021271 0.3601059019565582
0.12930651009082794 0.18068927526474 0.1664617508649826 0.19041618704795837
0.12256906926631927 0.3259385824203491 0.16295267641544342 0.35226184129714966
0.11599250137805939 0.3801513910293579 0.16415448486804962 0.40510058403015137
0.7773682475090027 0.0 0.9951567053794861 0.09769926220178604
0.023226767778396606 0.06596317887306213 0.5980374813079834 0.5726947784423828
0.21967259049415588 0.4287155866622925 0.35038378834724426 0.4866223931312561
0.004494071006774902 0.05248728394508362 0.819756805896759 0.8173700571060181
