0.5123855471611023 0.7886894345283508 0.6947585940361023 0.9073148369789124
0.3830844461917877 0.46310603618621826 0.5188857316970825 0.5260385274887085
0.5152316689491272 0.10337498039007187 0.6916339993476868 0.21533676981925964
0.4212731719017029 0.2847043573856354 0.5669329166412354 0.3571813404560089
0.29480335116386414 0.3241783082485199 0.38401034474372864 0.3728307783603668
0.13056811690330505 0.22179125249385834 0.18869027495384216 0.25501349568367004
0.13523440062999725 0.2749939560890198 0.1849231868982315 0.30444902181625366
0.08273027837276459 0.2798815071582794 0.12221221625804901 0.3033381998538971
0.17125143110752106 0.39816179871559143 0.22719423472881317 0.4320358335971832
0.26613178849220276 0.23505085706710815 0.36748477816581726 0.2875106930732727
0.5399509072303772 0.45209380984306335 0.777805745601654 0.5287016034126282
0.13037081062793732 0.38436007499694824 0.18114982545375824 0.4107585549354553
0.19815990328788757 0.3302608132362366 0.28049513697624207 0.3663516044616699
0.26083943247795105 0.1282200962305069 0.32605496048927307 0.14352770149707794
0.1375274658203125 0.32670995593070984 0.195470929145813 0.35802605748176575
0.21201863884925842 0.14663070440292358 0.2619730234146118 0.1606195867061615
0.04209616407752037 0.28101661801338196 0.07026009261608124 0.3019963204860687
0.23985958099365234 0.43264132738113403 0.37698161602020264 0.4938705563545227
0.008353173732757568 0.0856652557849884 0.7970440983772278 0.8427289724349976
0.07076504826545715 0.36730271577835083 0.1197284609079361 0.3949626684188843
0.2367725670337677 0.43288353085517883 0.3778909146785736 0.49352577328681946
0.08070766925811768 0.3244733214378357 0.11462521553039551 0.3464791178703308
0.015150748193264008 0.31072568893432617 0.08829133957624435 0.33772939443588257
0.2231936752796173 0.4171091318130493 0.2931399643421173 0.4452176094055176
0.010120436549186707 0.3369584381580353 0.03939124196767807 0.35770055651664734
0.012141048908233643 0.11690668761730194 0.3955029845237732 0.4876441955566406
0.030381685122847557 0.34846416115760803 0.061404041945934296 0.366664320230484
0.11592509597539902 0.32503265142440796 0.1441536843776703 0.35137099027633667
0.13376106321811676 0.2046061009168625 0.19501958787441254 0.25440970063209534
0.22344212234020233 0.41693031787872314 0.2941471338272095 0.4452096223831177
0.016881339251995087 0.3106747269630432 0.09171506017446518 0.33793145418167114
0.06826114654541016 0.36251577734947205 0.10328687727451324 0.3909262716770172
0.515972375869751 0.10411544144153595 0.6925051212310791 0.2157946676015854
0.19815990328788757 0.3302608132362366 0.28049513697624207 0.3663516044616699
0.5123855471611023 0.7886894345283508 0.6947585940361023 0.9073148369789124
0.13378556072711945 0.32604020833969116 0.17835895717144012 0.35476380586624146
0.1273738145828247 0.32610252499580383 0.16191691160202026 0.3520719110965729
0.1302671581506729 0.384012907743454 0.18049900233745575 0.4112556278705597
0.06920945644378662 0.3658562898635864 0.11936049163341522 0.3953385353088379
0.10760712623596191 0.3251018822193146 0.13655613362789154 0.3488829433917999
