360	0.7407407407407408
360	0.7407407407407408
360	0.7407407407407408
360	0.7407407407407408
360	0.7407407407407408
360	0.7407407407407408
360	0.7407407407407408
360	0.7407407407407408
360	0.7407407407407408
360	0.6666666666666666
360	0.7407407407407408
360	0.7199999999999999
360	0.6666666666666667
360	0.7692307692307693
360	0.8333333333333334
360	0.75
360	0.9166666666666666
360	0.9
360	0.9
360	0.8421052631578948
360	0.8
360	0.888888888888889
382	0.8888888888888888
382	0.8888888888888888
382	0.8421052631578948
382	0.8571428571428572
382	0.8421052631578948
382	0.9523809523809523
382	0.9523809523809523
382	0.761904761904762
382	0.8695652173913044
382	0.8571428571428571
382	0.9565217391304348
382	0.8695652173913043
382	0.8181818181818182
382	0.8695652173913043
382	0.9166666666666666
382	0.9166666666666666
382	0.9600000000000001
382	0.9600000000000001
382	0.9166666666666666
382	0.9166666666666666
382	0.8695652173913043
382	0.9090909090909091
405	0.9565217391304348
405	0.9166666666666666
405	0.9166666666666666
405	0.9166666666666666
405	0.9565217391304348
405	0.9285714285714286
405	0.8695652173913043
405	0.8
405	0.8181818181818182
405	0.8571428571428572
405	0.8695652173913043
405	0.8333333333333333
405	0.8695652173913043
405	0.8
405	0.8799999999999999
405	0.7826086956521738
405	0.9166666666666666
405	0.8148148148148148
405	0.8
405	0.7857142857142857
405	0.8275862068965518
405	0.8333333333333333
408	0.8333333333333334
408	0.7826086956521738
408	0.7199999999999999
408	0.8799999999999999
408	0.9166666666666666
408	0.8695652173913043
408	0.8000000000000002
408	0.8695652173913043
408	0.8333333333333333
408	0.8333333333333334
408	0.8695652173913043
408	0.8695652173913043
408	0.8799999999999999
408	0.8695652173913043
408	0.8181818181818182
408	0.8695652173913043
408	0.9166666666666666
408	0.8
408	0.9166666666666666
408	0.9090909090909091
408	0.8571428571428571
408	0.8571428571428571
422	0.7826086956521738
422	0.8571428571428571
422	0.8571428571428571
422	0.9
422	0.8571428571428571
422	0.8571428571428571
422	0.8181818181818182
422	0.8181818181818182
422	0.8181818181818182
422	0.7826086956521738
422	0.8695652173913043
422	0.7826086956521738
422	0.7826086956521738
422	0.8461538461538461
422	0.8333333333333333
422	0.8333333333333334
422	0.8571428571428572
422	0.7826086956521738
422	0.9230769230769231
422	0.8333333333333333
422	0.8333333333333333
422	0.7826086956521738
422	0.8333333333333333
422	0.7826086956521738
422	0.7826086956521738
422	0.8695652173913043
422	0.8695652173913043
422	0.8333333333333334
422	0.8
422	0.7692307692307692
422	0.8275862068965517
422	0.8571428571428571
422	0.888888888888889
455	0.8666666666666666
455	0.896551724137931
455	0.9285714285714286
455	0.896551724137931
455	0.9032258064516129
455	0.9032258064516129
455	0.8571428571428571
455	0.8275862068965517
455	0.9333333333333333
455	0.9333333333333333
455	0.8799999999999999
455	0.9230769230769231
455	0.9230769230769231
455	0.8
455	0.8799999999999999
455	0.888888888888889
455	0.888888888888889
455	0.9285714285714286
455	0.9285714285714286
455	0.888888888888889
455	0.896551724137931
455	0.888888888888889
455	0.888888888888889
455	0.846153846153846
455	0.888888888888889
455	0.8461538461538461
455	0.9166666666666666
455	0.88
455	0.923076923076923
455	0.8571428571428571
455	0.8333333333333333
455	0.8461538461538461
455	0.8571428571428571
460	0.7692307692307692
460	0.8275862068965517
460	0.7199999999999999
460	0.8148148148148148
460	0.8181818181818182
460	0.8148148148148148
460	0.9032258064516129
460	0.923076923076923
460	0.9166666666666666
460	0.9166666666666666
460	0.9090909090909091
460	0.9
460	0.9090909090909091
460	0.9
460	0.9090909090909091
460	0.9090909090909091
460	0.9523809523809523
460	0.9166666666666666
460	0.9090909090909091
460	0.8571428571428571
460	0.7999999999999999
460	0.9523809523809523
460	0.9
460	0.9
460	0.8571428571428572
460	0.7999999999999999
460	0.8571428571428572
460	0.8695652173913044
460	0.8333333333333333
460	0.88
460	0.782608695652174
460	0.8333333333333333
460	0.9090909090909091
446	0.8181818181818182
446	0.8181818181818182
446	0.6923076923076924
446	0.9565217391304348
446	0.88
446	0.75
446	0.9090909090909091
446	0.75
446	0.7826086956521738
446	0.8181818181818182
446	0.8695652173913043
446	0.8695652173913043
446	0.9166666666666666
446	0.9090909090909091
446	0.8181818181818182
446	0.8181818181818182
446	0.9565217391304348
446	0.9
446	0.9
446	0.9
446	0.8421052631578948
446	0.9
446	0.9523809523809523
446	0.9523809523809523
446	0.9523809523809523
446	0.8888888888888888
446	0.9
446	0.9
446	0.8421052631578948
446	0.8750000000000001
446	0.9411764705882353
446	0.9473684210526316
446	0.823529411764706
454	0.8750000000000001
454	0.8750000000000001
454	0.8750000000000001
454	0.8750000000000001
454	0.8750000000000001
454	0.8421052631578948
454	0.8235294117647058
454	0.8750000000000001
454	0.8888888888888888
454	0.888888888888889
454	0.9473684210526316
454	0.888888888888889
454	0.888888888888889
454	0.888888888888889
454	0.9523809523809523
454	0.8571428571428572
454	0.9
454	0.9
454	0.8571428571428572
454	0.8181818181818182
454	0.6666666666666667
454	0.9
454	0.9
454	0.8421052631578948
454	0.9
454	0.9
454	0.8421052631578948
454	0.8571428571428571
454	0.8571428571428571
454	0.8571428571428572
454	0.8181818181818182
454	0.9090909090909091
454	0.9523809523809523
440	0.8571428571428572
440	0.761904761904762
440	0.9
440	0.8571428571428572
440	0.8181818181818181
440	0.9473684210526316
440	0.8000000000000002
440	0.7
440	0.9090909090909091
440	0.9090909090909091
440	0.9523809523809523
440	0.8571428571428572
440	0.9166666666666666
440	0.9090909090909091
440	0.9565217391304348
440	1.0
440	0.8333333333333334
440	0.9523809523809523
440	0.9523809523809523
440	0.8571428571428572
440	0.9
440	0.9
440	0.8571428571428572
440	1.0
440	0.9
440	1.0
440	0.888888888888889
440	0.9523809523809523
440	0.9473684210526316
440	1.0
440	0.9473684210526316
440	0.9473684210526316
440	0.9
434	0.7368421052631579
434	0.7999999999999999
434	0.888888888888889
434	0.8421052631578948
434	0.8421052631578948
434	0.888888888888889
434	0.8421052631578948
434	0.8421052631578948
434	0.7777777777777777
434	0.9411764705882353
434	0.9473684210526316
434	1.0
434	0.888888888888889
434	0.9473684210526316
434	0.9473684210526316
434	0.888888888888889
434	0.9473684210526316
434	0.9411764705882353
434	1.0
434	0.888888888888889
434	0.888888888888889
434	0.888888888888889
434	0.888888888888889
434	0.888888888888889
434	0.7999999999999999
434	0.9523809523809523
434	0.9
434	0.9
434	0.8571428571428571
434	0.9
434	0.9523809523809523
434	0.9
434	0.9
436	0.9090909090909091
436	0.9090909090909091
436	0.9090909090909091
436	0.9523809523809523
436	0.8571428571428571
436	0.9523809523809523
436	0.9090909090909091
436	0.9090909090909091
436	0.9523809523809523
436	0.9523809523809523
436	0.9523809523809523
436	0.9090909090909091
436	0.9259259259259259
436	0.8979591836734694
436	0.8749999999999999
436	0.8627450980392156
436	0.830188679245283
436	0.847457627118644
436	0.9285714285714286
436	0.819672131147541
436	0.896551724137931
436	0.8852459016393442
436	0.8461538461538461
436	0.851851851851852
436	0.8627450980392156
436	0.8148148148148148
436	0.8727272727272727
436	0.9090909090909091
436	0.830188679245283
436	0.8518518518518519
436	0.8518518518518519
436	0.8421052631578948
436	0.8076923076923077
427	0.8363636363636364
427	0.8301886792452831
427	0.8
427	0.7999999999999999
427	0.7924528301886793
427	0.7407407407407407
427	0.7692307692307692
427	0.8363636363636364
427	0.8749999999999999
427	0.9090909090909091
427	0.8727272727272728
427	0.8888888888888888
427	0.870967741935484
427	0.875
427	0.9
427	0.8709677419354839
427	0.96875
427	0.8437500000000001
427	0.888888888888889
427	0.870967741935484
427	0.8000000000000002
427	0.8421052631578948
427	0.8666666666666666
427	0.847457627118644
427	0.8070175438596492
427	0.8474576271186439
427	0.8421052631578947
427	0.7719298245614036
427	0.84
427	0.8444444444444444
427	0.8333333333333333
427	0.9019607843137256
427	0.851063829787234
428	0.9166666666666666
428	0.8627450980392156
428	0.9361702127659575
428	0.8799999999999999
428	0.8800000000000001
428	0.9655172413793104
428	0.8636363636363635
428	0.8372093023255813
428	0.9268292682926829
428	0.8837209302325583
428	0.8780487804878049
428	0.8780487804878049
428	0.8636363636363636
428	0.8571428571428572
428	0.7441860465116279
428	0.8181818181818182
428	0.9090909090909091
428	0.9268292682926829
428	0.9
428	0.8484848484848485
428	0.8571428571428571
428	0.8666666666666667
422	0.8571428571428571
422	0.9090909090909091
422	0.8823529411764706
422	0.8666666666666666
422	0.896551724137931
422	0.962962962962963
422	0.8750000000000001
422	0.8666666666666666
422	0.8666666666666666
422	0.8648648648648648
422	0.9375
422	0.8571428571428571
422	0.9333333333333333
422	0.888888888888889
422	0.88
422	0.88
422	0.962962962962963
422	0.9166666666666666
422	0.8799999999999999
422	0.9285714285714286
422	0.923076923076923
422	0.9166666666666666
375	0.9166666666666666
375	0.8799999999999999
375	0.888888888888889
375	0.8695652173913043
375	0.9166666666666666
375	0.846153846153846
375	0.846153846153846
375	0.896551724137931
375	0.9032258064516129
375	0.9333333333333333
375	0.8387096774193549
375	0.8750000000000001
375	0.8749999999999999
375	0.8275862068965517
375	0.8749999999999999
375	0.888888888888889
375	0.8571428571428571
375	0.7999999999999999
375	0.888888888888889
375	0.9285714285714286
375	0.8125000000000001
375	0.8125
352	0.8484848484848485
352	0.8387096774193549
352	0.8387096774193548
352	0.8
352	0.8387096774193548
352	0.8571428571428571
352	0.8717948717948718
352	0.8648648648648648
352	0.896551724137931
352	0.9090909090909091
352	0.967741935483871
352	0.8484848484848485
352	0.8749999999999999
352	0.967741935483871
352	0.923076923076923
352	0.8148148148148148
352	0.8181818181818182
352	0.7407407407407408
352	0.7857142857142858
352	0.9285714285714286
352	0.75
352	0.64
334	0.6666666666666666
334	0.782608695652174
334	0.64
334	0.8181818181818182
334	0.7826086956521738
334	0.8461538461538461
334	0.7826086956521738
334	0.761904761904762
334	0.8571428571428571
334	0.6956521739130435
334	0.9
334	0.8181818181818182
334	0.761904761904762
334	0.7368421052631577
334	0.7777777777777777
334	0.823529411764706
334	0.9090909090909091
334	0.75
334	0.8571428571428572
334	0.7272727272727273
334	0.888888888888889
334	0.7058823529411764
331	0.8000000000000002
331	0.9523809523809523
331	0.8421052631578948
331	0.8235294117647058
331	0.7499999999999999
331	0.823529411764706
331	0.9
331	0.8888888888888888
331	0.9
331	0.8421052631578948
331	0.7777777777777778
331	0.8
331	0.7368421052631579
331	0.888888888888889
331	0.8695652173913044
331	0.8888888888888888
331	0.7777777777777777
331	0.75
331	0.888888888888889
331	0.7058823529411764
331	0.75
331	0.7777777777777778
297	0.8571428571428571
297	0.9
297	0.761904761904762
297	0.7200000000000001
297	0.782608695652174
297	0.8333333333333333
297	0.8333333333333333
297	0.7857142857142856
297	0.9166666666666666
297	0.8333333333333333
297	0.7857142857142856
297	0.7199999999999999
297	0.6666666666666666
297	0.846153846153846
297	0.88
297	0.9090909090909091
297	0.9
297	0.9
297	0.8181818181818182
297	0.9
297	0.8333333333333333
297	0.8
305	0.8181818181818181
305	0.8181818181818181
305	0.88
305	0.8571428571428571
305	0.8333333333333333
305	0.9166666666666666
305	0.8181818181818182
305	0.8799999999999999
305	0.9090909090909091
305	0.9565217391304348
305	0.8695652173913043
305	0.9230769230769231
305	0.9230769230769231
305	0.9230769230769231
305	1.0
305	0.9565217391304348
305	0.8148148148148148
305	0.8333333333333333
305	0.8333333333333333
305	0.888888888888889
305	0.8571428571428571
305	0.8275862068965517
305	0.896551724137931
305	0.8275862068965517
305	0.8666666666666667
305	0.8750000000000001
305	0.8125000000000001
305	0.8888888888888888
305	0.888888888888889
305	0.888888888888889
305	0.8666666666666666
305	0.9230769230769231
305	0.8333333333333333
286	0.8749999999999999
286	0.9696969696969697
286	0.8484848484848485
286	0.8125000000000001
286	0.8750000000000001
286	0.8125000000000001
286	0.8333333333333334
286	0.9333333333333333
286	0.8484848484848485
286	0.8484848484848485
286	0.8108108108108107
286	0.7999999999999999
286	0.918918918918919
286	0.8823529411764706
286	0.875
286	0.9285714285714286
286	0.9655172413793104
286	0.888888888888889
286	0.8461538461538461
286	0.9032258064516129
286	0.923076923076923
286	0.8275862068965517
276	0.7857142857142857
276	0.8275862068965517
276	0.8461538461538461
276	0.923076923076923
276	0.7058823529411765
276	0.7333333333333334
276	0.8750000000000001
276	0.7586206896551724
276	0.72
276	0.8387096774193549
276	0.7826086956521738
276	0.7200000000000001
276	0.7826086956521738
276	0.7586206896551724
276	0.8484848484848485
276	0.7692307692307692
276	0.7857142857142856
276	0.7586206896551724
276	0.7586206896551724
276	0.6666666666666667
276	0.7999999999999999
276	0.6451612903225806
276	0.7692307692307692
276	0.7500000000000001
276	0.8148148148148148
276	0.8148148148148148
276	0.896551724137931
276	0.8695652173913043
276	0.8695652173913044
276	0.9166666666666666
276	0.9166666666666666
276	0.7999999999999999
276	0.8333333333333333
291	0.8421052631578948
291	0.8571428571428572
291	0.7857142857142856
291	0.8695652173913043
291	0.9230769230769231
291	0.888888888888889
291	0.7692307692307692
291	0.888888888888889
291	0.8695652173913043
291	0.923076923076923
291	0.8333333333333333
291	0.923076923076923
291	0.9655172413793104
291	0.7999999999999999
291	0.8461538461538461
291	0.8571428571428571
291	0.8333333333333333
291	0.8695652173913044
291	0.8333333333333333
291	0.7826086956521738
291	0.8799999999999999
291	0.8181818181818181
291	0.8
291	0.9523809523809523
291	0.8181818181818181
291	0.9166666666666666
291	0.9565217391304348
291	0.9090909090909091
291	0.8333333333333333
291	0.9090909090909091
291	0.8235294117647058
291	0.8750000000000001
291	0.8750000000000001
273	0.8750000000000001
273	0.8571428571428571
273	0.8571428571428571
273	0.8181818181818181
273	0.8181818181818181
273	0.8181818181818181
273	0.8181818181818181
273	0.8181818181818181
273	0.8571428571428571
273	0.761904761904762
273	0.7999999999999999
273	0.8181818181818182
273	0.8181818181818182
273	0.8181818181818182
273	0.8181818181818182
273	0.8181818181818182
273	0.8695652173913044
273	0.8181818181818182
273	0.8181818181818182
273	0.8181818181818182
273	0.8181818181818182
273	0.8181818181818182
273	0.7826086956521738
273	0.8181818181818182
273	0.8695652173913044
273	0.8333333333333333
273	0.7826086956521738
273	0.75
273	0.8333333333333333
273	0.7826086956521738
273	0.8181818181818182
273	0.7826086956521738
273	0.8333333333333333
273	0.8
273	0.7692307692307693
273	0.8333333333333333
273	0.8181818181818182
273	0.8333333333333333
273	0.8181818181818182
273	0.8695652173913044
273	0.8695652173913044
273	0.8181818181818182
273	0.8181818181818182
273	0.8181818181818182
303	0.8333333333333334
303	0.8333333333333334
303	0.8333333333333333
303	0.8799999999999999
303	0.8333333333333333
303	0.8799999999999999
303	0.8333333333333333
303	0.8333333333333333
303	0.7826086956521738
303	0.7826086956521738
303	0.7826086956521738
303	0.7272727272727272
303	0.761904761904762
303	0.7826086956521738
303	0.7272727272727272
303	0.7826086956521738
303	0.7826086956521738
303	0.7826086956521738
303	0.7500000000000001
303	0.761904761904762
303	0.761904761904762
303	0.7272727272727272
303	0.7826086956521738
303	0.7826086956521738
303	0.7826086956521738
303	0.8
303	0.8571428571428572
303	0.8571428571428572
303	0.7826086956521738
303	0.7826086956521738
303	0.8333333333333334
303	0.7826086956521738
303	0.8181818181818182
332	0.8181818181818182
332	0.8333333333333333
332	0.8695652173913043
332	0.7826086956521738
332	0.8571428571428572
332	0.8695652173913043
332	0.9090909090909091
332	0.9090909090909091
332	0.9090909090909091
332	0.9090909090909091
332	0.9166666666666666
332	0.8799999999999999
332	0.9166666666666666
332	0.9166666666666666
332	0.8695652173913043
332	0.8181818181818182
332	0.9166666666666666
332	0.8799999999999999
332	0.8799999999999999
332	0.9166666666666666
332	0.8799999999999999
332	0.8461538461538461
332	0.888888888888889
332	0.888888888888889
332	0.888888888888889
332	0.8799999999999999
332	0.8571428571428571
332	0.8275862068965517
332	0.8461538461538461
332	0.7692307692307692
332	0.9285714285714286
332	0.888888888888889
332	0.8148148148148148
376	0.7692307692307692
376	0.8
376	0.7407407407407408
376	0.8461538461538461
376	0.7826086956521738
376	0.8
376	0.8461538461538461
376	0.846153846153846
376	0.8333333333333333
376	0.8333333333333333
376	0.7826086956521738
376	0.8695652173913044
376	0.8571428571428571
376	0.7826086956521738
376	0.8
376	0.7500000000000001
376	0.761904761904762
376	0.7499999999999999
376	0.8695652173913043
376	0.888888888888889
376	0.8181818181818182
376	0.8181818181818182
376	0.8181818181818182
376	0.7826086956521738
376	0.7500000000000001
376	0.8695652173913043
376	0.8571428571428571
376	0.8695652173913043
376	0.9166666666666666
376	0.8181818181818182
376	0.8571428571428572
376	0.7826086956521738
376	0.75
409	0.8799999999999999
409	0.9565217391304348
409	0.8181818181818182
409	0.9523809523809523
409	0.9090909090909091
409	0.9166666666666666
409	0.9166666666666666
409	0.9565217391304348
409	0.9565217391304348
409	0.9166666666666666
409	0.9166666666666666
409	0.8695652173913044
409	0.8695652173913043
409	0.8695652173913043
409	0.8695652173913043
409	0.8333333333333333
409	0.8571428571428572
409	0.8333333333333333
409	0.8181818181818182
409	0.8695652173913044
409	0.8695652173913043
409	0.8
423	0.7692307692307692
423	0.8
423	0.7692307692307693
423	0.8
423	0.7692307692307692
423	0.8695652173913043
423	0.9090909090909091
423	0.8333333333333333
423	0.9166666666666666
423	0.8333333333333333
423	0.7692307692307692
423	0.8148148148148148
423	0.7999999999999999
423	0.8
423	0.8333333333333333
423	0.8695652173913043
423	0.9090909090909091
423	0.9230769230769231
423	0.8181818181818182
423	0.9090909090909091
423	0.8571428571428572
423	0.9565217391304348
431	0.9090909090909091
431	0.9523809523809523
431	0.8695652173913043
431	0.8571428571428572
431	0.8181818181818182
431	0.9
431	0.8181818181818182
431	0.9166666666666666
431	0.7826086956521738
431	0.9166666666666666
431	0.8181818181818182
431	0.9166666666666666
431	0.8333333333333333
431	0.8695652173913043
431	0.9090909090909091
431	0.9090909090909091
431	0.8
431	0.923076923076923
431	0.923076923076923
431	0.9166666666666666
431	0.8181818181818182
431	0.8
406	0.888888888888889
406	0.8461538461538461
406	0.8461538461538461
406	0.88
406	0.9090909090909091
406	0.9166666666666666
406	0.8571428571428571
406	0.9090909090909091
406	0.8421052631578948
406	0.7999999999999999
406	0.8571428571428571
406	0.9565217391304348
406	0.9565217391304348
406	0.9565217391304348
406	0.8571428571428572
406	0.9
406	0.9
406	0.8571428571428572
406	0.8181818181818182
406	0.7999999999999999
406	0.8571428571428572
406	0.9090909090909091
404	0.8421052631578948
404	0.9
404	0.8333333333333334
404	0.9090909090909091
404	0.8571428571428571
404	0.9090909090909091
404	0.8421052631578948
404	0.7999999999999999
404	0.8571428571428572
404	0.9
404	0.8571428571428571
404	0.7826086956521738
404	0.8181818181818182
404	0.8421052631578948
404	0.8571428571428571
404	0.8181818181818181
404	0.8181818181818181
404	0.9090909090909091
404	0.8695652173913044
404	0.8571428571428571
404	0.8571428571428571
404	0.9
404	0.9
404	0.9
404	0.8421052631578948
404	0.8571428571428572
404	0.9
404	0.9
404	0.9
404	0.8421052631578948
404	0.888888888888889
404	0.7777777777777777
404	0.888888888888889
407	0.9473684210526316
407	0.9
407	0.9473684210526316
407	0.8695652173913043
407	0.9523809523809523
407	1.0
407	0.9090909090909091
407	1.0
407	0.9090909090909091
407	1.0
407	0.9565217391304348
407	0.9090909090909091
407	0.9090909090909091
407	0.9523809523809523
407	0.9523809523809523
407	0.9523809523809523
407	0.9523809523809523
407	1.0
407	0.9523809523809523
407	0.9523809523809523
407	0.9090909090909091
407	0.9523809523809523
407	0.9523809523809523
407	0.9523809523809523
407	0.9523809523809523
407	0.9090909090909091
407	1.0
407	0.9523809523809523
407	0.9523809523809523
407	0.9523809523809523
407	0.9523809523809523
407	0.9523809523809523
407	0.9523809523809523
407	0.9090909090909091
407	0.8695652173913044
407	0.9166666666666666
407	1.0
407	0.9166666666666666
407	1.0
407	0.923076923076923
407	0.846153846153846
407	0.7826086956521738
407	0.8421052631578948
407	0.8571428571428571
407	0.9
407	0.9473684210526316
407	0.8571428571428572
407	0.8421052631578948
407	0.8888888888888888
407	0.888888888888889
407	0.761904761904762
407	0.7999999999999999
407	0.761904761904762
407	0.7777777777777777
407	0.7999999999999999
407	0.9166666666666666
407	0.8
407	0.8421052631578948
407	0.8000000000000002
407	0.9
407	0.8421052631578948
407	0.8421052631578948
407	0.8000000000000002
407	0.8421052631578948
407	0.8571428571428571
407	0.8235294117647058
410	0.888888888888889
410	0.7936507936507937
410	0.8695652173913043
410	0.9253731343283582
410	0.9166666666666667
410	0.8055555555555555
410	0.8333333333333333
410	0.8620689655172413
410	0.8387096774193549
410	0.8656716417910448
410	0.8823529411764706
410	0.8955223880597014
410	0.927536231884058
410	0.7999999999999999
410	0.7948717948717948
410	0.8533333333333333
410	0.8311688311688312
410	0.8799999999999999
410	0.8717948717948718
410	0.8333333333333333
410	0.8378378378378378
410	0.9041095890410958
410	0.8571428571428571
410	0.9210526315789475
410	0.8918918918918919
410	0.918918918918919
410	0.8378378378378378
410	0.8732394366197183
410	0.8918918918918919
410	0.810810810810811
410	0.8529411764705882
410	0.8656716417910448
410	0.888888888888889
391	0.8656716417910447
391	0.8823529411764706
391	0.8219178082191781
391	0.9295774647887324
391	0.7761194029850746
391	0.7826086956521738
391	0.8695652173913043
391	0.823529411764706
391	0.8695652173913043
391	0.8115942028985507
391	0.88
391	0.8918918918918919
391	0.846153846153846
391	0.810126582278481
391	0.8333333333333333
391	0.8529411764705882
391	0.8732394366197183
391	0.8648648648648648
391	0.9166666666666667
391	0.7368421052631577
391	0.8333333333333333
391	0.8571428571428572
391	0.8266666666666665
391	0.8461538461538461
391	0.8831168831168832
391	0.8860759493670887
391	0.840909090909091
391	0.8101265822784809
391	0.8333333333333333
391	0.868421052631579
391	0.8493150684931507
391	0.8148148148148148
391	0.8533333333333333
360	0.8059701492537312
360	0.8450704225352113
360	0.8285714285714285
360	0.823529411764706
360	0.8450704225352113
360	0.8533333333333334
360	0.8831168831168831
360	0.8157894736842105
360	0.810126582278481
360	0.8055555555555556
360	0.8450704225352113
360	0.7272727272727272
360	0.7160493827160493
360	0.7764705882352942
360	0.8101265822784809
360	0.8311688311688312
360	0.8395061728395062
360	0.8275862068965517
360	0.8222222222222222
360	0.8181818181818182
360	0.8860759493670887
360	0.9411764705882352
360	0.8571428571428572
360	0.8571428571428571
360	0.8095238095238095
360	0.8275862068965517
360	0.8275862068965516
360	0.7816091954022989
360	0.8181818181818182
360	0.8089887640449438
360	0.875
360	0.8292682926829269
360	0.8051948051948051
364	0.8311688311688312
364	0.8
364	0.8181818181818182
364	0.7741935483870968
364	0.851063829787234
364	0.7816091954022989
364	0.7816091954022989
364	0.7654320987654322
364	0.7906976744186046
364	0.8148148148148149
364	0.7407407407407406
364	0.8607594936708861
364	0.8101265822784809
364	0.8409090909090908
364	0.860759493670886
364	0.7848101265822786
364	0.8536585365853658
364	0.8536585365853658
364	0.8674698795180723
364	0.9047619047619047
364	0.85
364	0.8354430379746836
367	0.9024390243902439
367	0.8421052631578948
367	0.8536585365853658
367	0.8311688311688312
367	0.8219178082191781
367	0.8055555555555555
367	0.8378378378378379
367	0.861111111111111
367	0.7887323943661971
367	0.861111111111111
367	0.8974358974358975
367	0.8571428571428571
367	0.8767123287671234
367	0.8181818181818182
367	0.7936507936507936
367	0.8524590163934427
367	0.7936507936507936
367	0.806451612903226
367	0.7333333333333334
367	0.7868852459016393
367	0.7575757575757577
367	0.7999999999999999
385	0.7999999999999999
385	0.8064516129032259
385	0.8484848484848485
385	0.7941176470588235
385	0.7796610169491526
385	0.7619047619047619
385	0.8125
385	0.8709677419354839
385	0.8421052631578948
385	0.7941176470588235
385	0.7714285714285714
385	0.8450704225352113
385	0.8571428571428572
385	0.8656716417910447
385	0.8857142857142857
385	0.8181818181818182
385	0.8285714285714285
385	0.8787878787878787
385	0.8378378378378379
385	0.8529411764705882
385	0.8571428571428572
385	0.8115942028985507
395	0.8285714285714286
395	0.8181818181818182
395	0.8732394366197184
395	0.8266666666666665
395	0.8533333333333334
395	0.8311688311688312
395	0.8923076923076922
395	0.8484848484848485
395	0.8615384615384616
395	0.8484848484848485
395	0.8666666666666666
395	0.84375
395	0.8253968253968255
395	0.8169014084507044
395	0.7826086956521738
395	0.7714285714285714
395	0.8055555555555556
395	0.875
395	0.8749999999999999
395	0.8387096774193549
395	0.8253968253968254
395	0.8656716417910447
395	0.823529411764706
395	0.8787878787878787
395	0.888888888888889
395	0.7999999999999999
395	0.8615384615384616
395	0.8695652173913043
395	0.8307692307692308
395	0.90625
395	0.8852459016393442
395	0.8421052631578948
395	0.888888888888889
379	0.8235294117647057
379	0.8461538461538461
379	0.7857142857142858
379	0.8727272727272728
379	0.7586206896551724
379	0.851851851851852
379	0.7659574468085106
379	0.7916666666666667
379	0.7906976744186047
379	0.782608695652174
379	0.7916666666666666
379	0.8260869565217391
379	0.8181818181818182
379	0.7916666666666666
379	0.8571428571428571
379	0.8372093023255814
379	0.7924528301886793
379	0.8571428571428572
379	0.823529411764706
379	0.8260869565217392
379	0.7916666666666667
379	0.8333333333333333
379	0.8085106382978724
379	0.8181818181818181
379	0.8636363636363636
379	0.9047619047619047
379	0.7999999999999999
379	0.7804878048780488
379	0.8292682926829268
379	0.8108108108108109
379	0.7272727272727272
379	0.7619047619047621
379	0.761904761904762
385	0.8372093023255814
385	0.8095238095238096
385	0.9
385	0.85
385	0.8571428571428571
385	0.8205128205128205
385	0.8444444444444444
385	0.8292682926829268
385	0.7777777777777778
385	0.7647058823529412
385	0.8108108108108109
385	0.8108108108108109
385	0.8108108108108107
385	0.8421052631578948
385	0.9444444444444444
385	0.7368421052631579
385	0.85
385	0.8292682926829269
385	0.7804878048780488
385	0.8
385	0.7647058823529411
385	0.8372093023255814
402	0.8333333333333334
402	0.8461538461538461
402	0.742857142857143
402	0.7999999999999999
402	0.7647058823529412
402	0.7999999999999999
402	0.7647058823529411
402	0.7894736842105263
402	0.7894736842105262
402	0.9333333333333333
402	0.8666666666666666
402	0.8666666666666666
402	0.8275862068965517
402	0.9375
402	0.9142857142857143
402	0.9230769230769231
402	0.8571428571428571
402	0.8000000000000002
402	0.8666666666666666
402	0.8421052631578947
402	0.8235294117647058
402	0.7647058823529412
402	0.8125
402	0.7878787878787877
402	0.9032258064516129
402	0.7857142857142857
402	0.8666666666666666
402	0.7999999999999999
402	0.8387096774193549
402	0.7741935483870969
402	0.7999999999999999
402	0.888888888888889
402	0.8387096774193548
399	0.7407407407407406
399	0.8333333333333333
399	0.8275862068965517
399	0.8571428571428571
399	0.9166666666666666
399	0.8148148148148148
399	0.7826086956521738
399	0.7826086956521738
399	0.8695652173913043
399	0.962962962962963
399	0.8333333333333333
399	0.8571428571428572
399	0.9
399	0.8695652173913043
399	0.9166666666666666
399	0.8333333333333333
399	0.8333333333333333
399	0.9600000000000001
399	0.9285714285714286
399	0.8333333333333333
399	0.8571428571428571
399	0.8750000000000001
399	0.9411764705882353
399	0.8421052631578948
399	0.9090909090909091
399	0.6956521739130435
399	0.8571428571428571
399	0.9090909090909091
399	0.9090909090909091
399	0.782608695652174
399	0.8
399	0.7999999999999999
399	0.761904761904762
364	0.9
364	0.761904761904762
364	0.8571428571428571
364	0.8
364	0.8
364	0.888888888888889
364	0.9523809523809523
364	0.8571428571428572
364	0.9
364	0.846153846153846
364	0.8333333333333333
364	0.88
	0.8528027409097658
