1 360 0.8333333333333333
2 360 0.923076923076923
3 360 0.923076923076923
4 360 0.9090909090909091
5 360 0.9090909090909091
6 360 0.8333333333333333
7 360 0.8333333333333333
8 360 0.9600000000000001
9 360 0.9600000000000001
10 360 0.896551724137931
11 360 0.896551724137931
12 360 0.7407407407407406
13 360 0.7407407407407406
14 360 0.7407407407407408
15 360 0.7407407407407408
16 360 0.9166666666666666
17 360 0.9166666666666666
18 360 0.8333333333333333
19 360 0.8333333333333333
20 360 0.8
21 360 0.8
22 351 0.9523809523809523
23 351 0.9473684210526316
24 351 0.9473684210526316
25 351 0.9090909090909091
26 351 0.9090909090909091
27 351 0.9166666666666666
28 351 0.9166666666666666
29 351 0.888888888888889
30 351 0.888888888888889
31 351 0.8333333333333333
32 351 0.8333333333333333
33 351 0.88
34 351 0.88
35 351 0.9090909090909091
36 351 0.9090909090909091
37 351 0.962962962962963
38 351 0.962962962962963
39 351 0.9285714285714286
40 351 0.9285714285714286
41 351 0.8799999999999999
42 351 0.8799999999999999
43 360 0.888888888888889
44 360 0.8799999999999999
45 360 0.8799999999999999
46 360 0.8333333333333333
47 360 0.8333333333333333
48 360 0.9565217391304348
49 360 0.9565217391304348
50 360 0.9600000000000001
51 360 0.9600000000000001
52 360 1.0
53 360 1.0
54 360 0.7826086956521738
55 360 0.7826086956521738
56 360 0.9285714285714286
57 360 0.9285714285714286
58 360 0.888888888888889
59 360 0.888888888888889
60 360 0.9285714285714286
61 360 0.9285714285714286
62 360 0.8125000000000001
63 360 0.8125000000000001
64 360 0.8750000000000001
65 360 0.8125
66 360 0.8125
67 360 0.9142857142857143
68 360 0.9142857142857143
69 360 0.7894736842105263
70 360 0.7894736842105263
71 360 0.9047619047619048
72 360 0.9047619047619048
73 360 0.8947368421052632
74 360 0.8947368421052632
75 360 0.9189189189189189
76 360 0.9189189189189189
77 360 0.7777777777777778
78 360 0.7777777777777778
79 360 0.8
80 360 0.8
81 360 0.9189189189189189
82 360 0.9189189189189189
83 360 0.8888888888888888
84 360 0.8888888888888888
85 351 0.8108108108108109
86 351 0.8571428571428571
87 351 0.8571428571428571
88 351 0.9444444444444444
89 351 0.9444444444444444
90 351 0.9090909090909091
91 351 0.9090909090909091
92 351 0.8648648648648648
93 351 0.8648648648648648
94 351 0.888888888888889
95 351 0.888888888888889
96 351 0.9
97 351 0.9
98 351 0.9473684210526315
99 351 0.9473684210526315
100 351 0.9444444444444444
101 351 0.9444444444444444
102 351 0.9473684210526315
103 351 0.9473684210526315
104 351 0.9375
105 351 0.9375
106 351 0.7567567567567567
107 351 0.7692307692307693
108 351 0.7692307692307693
109 351 0.8571428571428571
110 351 0.8571428571428571
111 351 0.8648648648648649
112 351 0.8648648648648649
113 351 0.8484848484848485
114 351 0.8484848484848485
115 351 0.8108108108108107
116 351 0.8108108108108107
117 351 0.8333333333333334
118 351 0.8333333333333334
119 351 0.8484848484848485
120 351 0.8484848484848485
121 351 0.8666666666666666
122 351 0.8666666666666666
123 351 0.8749999999999999
124 351 0.8749999999999999
125 351 0.967741935483871
126 351 0.967741935483871
127 360 0.7826086956521738
128 360 0.8181818181818181
129 360 0.8181818181818181
130 360 0.7826086956521738
131 360 0.7826086956521738
132 360 0.8695652173913044
133 360 0.8695652173913044
134 360 0.8333333333333333
135 360 0.8333333333333333
136 360 0.9565217391304348
137 360 0.9565217391304348
138 360 0.8421052631578948
139 360 0.8421052631578948
140 360 0.8888888888888888
141 360 0.8888888888888888
142 360 0.8571428571428571
143 360 0.8571428571428571
144 360 1.0
145 360 1.0
146 360 0.8750000000000001
147 360 0.8750000000000001
148 360 0.7368421052631579
149 360 0.9333333333333333
150 360 0.9333333333333333
151 360 0.9473684210526316
152 360 0.9473684210526316
153 360 0.7999999999999999
154 360 0.7999999999999999
155 360 0.8571428571428571
156 360 0.8571428571428571
157 360 0.8888888888888888
158 360 0.8888888888888888
159 360 1.0
160 360 1.0
161 360 0.9411764705882353
162 360 0.9411764705882353
163 360 0.875
164 360 0.875
165 360 0.888888888888889
166 360 0.888888888888889
167 360 0.875
168 360 0.875
169 360 0.8421052631578948
170 360 0.8421052631578948
171 360 0.8421052631578948
172 360 0.9
173 360 0.9
174 360 1.0
175 360 1.0
176 360 0.9523809523809523
177 360 0.9523809523809523
178 360 1.0
179 360 1.0
180 360 0.8181818181818182
181 360 0.8181818181818182
182 360 0.7999999999999999
183 360 0.7999999999999999
184 360 0.9090909090909091
185 360 0.9090909090909091
186 360 0.88
187 360 0.88
188 360 0.888888888888889
189 360 0.888888888888889
190 351 0.9230769230769231
191 351 0.962962962962963
192 351 0.962962962962963
193 351 0.9090909090909091
194 351 0.9090909090909091
195 351 0.9090909090909091
196 351 0.9090909090909091
197 351 0.9090909090909091
198 351 0.9090909090909091
199 351 0.9523809523809523
200 351 0.9523809523809523
201 351 0.846153846153846
202 351 0.846153846153846
203 351 0.9090909090909091
204 351 0.9090909090909091
205 351 0.8695652173913044
206 351 0.8695652173913044
207 351 0.8333333333333333
208 351 0.8333333333333333
209 351 0.8461538461538461
210 351 0.8461538461538461
211 351 0.8275862068965518
212 351 0.962962962962963
213 351 0.962962962962963
214 351 0.9166666666666666
215 351 0.9166666666666666
216 351 0.8000000000000002
217 351 0.8000000000000002
218 351 0.8461538461538461
219 351 0.8461538461538461
220 351 0.8461538461538461
221 351 0.8461538461538461
222 351 0.8461538461538461
223 351 0.8461538461538461
224 351 0.9166666666666666
225 351 0.9166666666666666
226 351 0.7857142857142857
227 351 0.7857142857142857
228 351 0.9333333333333333
229 351 0.9333333333333333
230 351 0.7741935483870968
231 351 0.7741935483870968
232 351 0.888888888888889
233 351 0.8571428571428571
234 351 0.8571428571428571
235 351 0.8235294117647058
236 351 0.8235294117647058
237 351 0.7407407407407406
238 351 0.7407407407407406
239 351 0.7333333333333334
240 351 0.7333333333333334
241 351 0.7200000000000001
242 351 0.7200000000000001
243 351 0.7692307692307693
244 351 0.7692307692307693
245 351 0.8666666666666667
246 351 0.8666666666666667
247 351 0.7878787878787877
248 351 0.7878787878787877
249 351 0.8387096774193549
250 351 0.8387096774193549
251 351 0.8387096774193549
252 351 0.8387096774193549
253 360 0.9375
254 360 0.9032258064516129
255 360 0.9032258064516129
256 360 0.823529411764706
257 360 0.823529411764706
258 360 0.9411764705882353
259 360 0.9411764705882353
260 360 0.9444444444444444
261 360 0.9444444444444444
262 360 0.8421052631578947
263 360 0.8421052631578947
264 360 0.9375
265 360 0.9375
266 360 0.8484848484848484
267 360 0.8484848484848484
268 360 0.9032258064516129
269 360 0.9032258064516129
270 360 0.9032258064516129
271 360 0.9032258064516129
272 360 0.8275862068965518
273 360 0.8275862068965518
274 360 0.8666666666666666
275 360 0.8749999999999999
276 360 0.8749999999999999
277 360 0.9714285714285714
278 360 0.9714285714285714
279 360 0.9130434782608696
280 360 0.9130434782608696
281 360 0.8571428571428572
282 360 0.8571428571428572
283 360 0.9767441860465117
284 360 0.9767441860465117
285 360 0.8780487804878049
286 360 0.8780487804878049
287 360 0.8421052631578948
288 360 0.8421052631578948
289 360 0.8837209302325582
290 360 0.8837209302325582
291 360 0.8636363636363636
292 360 0.8636363636363636
293 360 0.7555555555555556
294 360 0.7555555555555556
295 360 0.8837209302325582
296 360 0.8750000000000001
297 360 0.8750000000000001
298 360 0.84
299 360 0.84
300 360 0.8235294117647057
301 360 0.8235294117647057
302 360 0.8636363636363635
303 360 0.8636363636363635
304 360 0.851063829787234
305 360 0.851063829787234
306 360 0.8571428571428572
307 360 0.8571428571428572
308 360 0.9302325581395349
309 360 0.9302325581395349
310 360 0.8799999999999999
311 360 0.8799999999999999
312 360 0.9047619047619048
313 360 0.9047619047619048
314 360 0.888888888888889
315 360 0.888888888888889
316 342 0.84
317 342 0.9056603773584904
318 342 0.9056603773584904
319 342 0.8749999999999999
320 342 0.8749999999999999
321 342 0.888888888888889
322 342 0.888888888888889
323 342 0.8936170212765957
324 342 0.8936170212765957
325 342 0.8
326 342 0.8
327 342 0.8571428571428572
328 342 0.8571428571428572
329 342 0.7999999999999999
330 342 0.7999999999999999
331 342 0.7755102040816326
332 342 0.7755102040816326
333 342 0.8749999999999999
334 342 0.8749999999999999
335 342 0.8846153846153846
336 342 0.8846153846153846
337 342 0.7924528301886793
338 342 0.8163265306122449
339 342 0.8163265306122449
340 342 0.9090909090909091
341 342 0.9090909090909091
342 342 0.8620689655172413
343 342 0.8620689655172413
344 342 0.8771929824561403
345 342 0.8771929824561403
346 342 0.8571428571428572
347 342 0.8571428571428572
348 342 0.888888888888889
349 342 0.888888888888889
350 342 0.8620689655172414
351 342 0.8620689655172414
352 342 0.8771929824561403
353 342 0.8771929824561403
354 342 0.9152542372881356
355 342 0.9152542372881356
356 342 0.8928571428571428
357 342 0.8928571428571428
358 342 0.8214285714285715
359 342 0.9056603773584904
360 342 0.9056603773584904
361 342 0.9122807017543859
362 342 0.9122807017543859
363 342 0.8524590163934426
364 342 0.8524590163934426
365 342 0.8333333333333334
366 342 0.8333333333333334
367 342 0.8524590163934426
368 342 0.8524590163934426
369 342 0.8813559322033899
370 342 0.8813559322033899
371 342 0.8307692307692308
372 342 0.8307692307692308
373 342 0.8823529411764706
374 342 0.8823529411764706
375 342 0.8405797101449276
376 342 0.8405797101449276
377 342 0.8571428571428571
378 342 0.8571428571428571
379 333 0.8333333333333333
380 333 0.835820895522388
381 333 0.835820895522388
382 333 0.835820895522388
383 333 0.835820895522388
384 333 0.8115942028985507
385 333 0.8115942028985507
386 333 0.78125
387 333 0.78125
388 333 0.761904761904762
389 333 0.761904761904762
390 333 0.8524590163934426
391 333 0.8524590163934426
392 333 0.8307692307692308
393 333 0.8307692307692308
394 333 0.8363636363636364
395 333 0.8363636363636364
396 333 0.9
397 333 0.9
398 333 0.9090909090909091
399 333 0.9090909090909091
400 333 0.9090909090909091
401 333 0.9354838709677419
402 333 0.9354838709677419
403 333 0.8813559322033899
404 333 0.8813559322033899
405 333 0.8571428571428572
406 333 0.8571428571428572
407 333 0.847457627118644
408 333 0.847457627118644
409 333 0.8666666666666666
410 333 0.8666666666666666
411 333 0.8214285714285714
412 333 0.8214285714285714
413 333 0.8627450980392156
414 333 0.8627450980392156
415 333 0.8405797101449275
416 333 0.8405797101449275
417 333 0.787878787878788
418 333 0.787878787878788
419 333 0.8000000000000002
420 333 0.8000000000000002
421 324 0.8666666666666666
422 324 0.8148148148148148
423 324 0.8148148148148148
424 324 0.7931034482758621
425 324 0.7931034482758621
426 324 0.8064516129032259
427 324 0.8064516129032259
428 324 0.8
429 324 0.8
430 324 0.8656716417910447
431 324 0.8656716417910447
432 324 0.8571428571428572
433 324 0.8571428571428572
434 324 0.8620689655172413
435 324 0.8620689655172413
436 324 0.8571428571428572
437 324 0.8571428571428572
438 324 0.8253968253968255
439 324 0.8253968253968255
440 324 0.923076923076923
441 324 0.923076923076923
442 324 0.8709677419354839
443 324 0.8620689655172413
444 324 0.8620689655172413
445 324 0.896551724137931
446 324 0.896551724137931
447 324 0.8333333333333334
448 324 0.8333333333333334
449 324 0.8524590163934426
450 324 0.8524590163934426
451 324 0.8059701492537314
452 324 0.8059701492537314
453 324 0.84375
454 324 0.84375
455 324 0.8571428571428571
456 324 0.8571428571428571
457 324 0.8529411764705883
458 324 0.8529411764705883
459 324 0.8787878787878787
460 324 0.8787878787878787
461 324 0.8955223880597014
462 324 0.8955223880597014
463 324 0.8169014084507042
464 324 0.8285714285714285
465 324 0.8285714285714285
466 324 0.8484848484848485
467 324 0.8484848484848485
468 324 0.8219178082191781
469 324 0.8219178082191781
470 324 0.8767123287671234
471 324 0.8767123287671234
472 324 0.8266666666666667
473 324 0.8266666666666667
474 324 0.7999999999999999
475 324 0.7999999999999999
476 324 0.7948717948717949
477 324 0.7948717948717949
478 324 0.7792207792207793
479 324 0.8311688311688312
480 324 0.7250000000000001
481 324 0.7250000000000001
482 324 0.8157894736842105
483 324 0.8157894736842105
484 315 0.8205128205128205
485 315 0.8717948717948718
486 315 0.8717948717948718
487 315 0.8354430379746834
488 315 0.8354430379746834
489 315 0.9
490 315 0.9
491 315 0.8266666666666665
492 315 0.8266666666666665
493 315 0.8705882352941177
494 315 0.8705882352941177
495 315 0.8219178082191781
496 315 0.8219178082191781
497 315 0.8354430379746834
498 315 0.8354430379746834
499 315 0.8536585365853658
500 315 0.8536585365853658
501 315 0.8395061728395062
502 315 0.8395061728395062
503 315 0.7848101265822786
504 315 0.7848101265822786
505 315 0.8433734939759037
506 315 0.868421052631579
507 315 0.868421052631579
508 315 0.8157894736842105
509 315 0.8157894736842105
510 315 0.8108108108108109
511 315 0.8108108108108109
512 315 0.8250000000000001
513 315 0.8250000000000001
514 315 0.8095238095238095
515 315 0.8095238095238095
516 315 0.8354430379746834
517 315 0.8354430379746834
518 315 0.7951807228915662
519 315 0.7951807228915662
520 315 0.88
521 315 0.88
522 315 0.8048780487804879
523 315 0.8048780487804879
524 315 0.8048780487804879
525 315 0.8048780487804879
526 315 0.875
527 315 0.8705882352941177
528 315 0.8705882352941177
529 315 0.8311688311688312
530 315 0.8311688311688312
531 315 0.8461538461538461
532 315 0.8461538461538461
533 315 0.8292682926829267
534 315 0.8292682926829267
535 315 0.8311688311688312
536 315 0.8311688311688312
537 315 0.8292682926829267
538 315 0.8292682926829267
539 315 0.8684210526315789
540 315 0.8684210526315789
541 315 0.888888888888889
542 315 0.888888888888889
543 315 0.7654320987654321
544 315 0.7654320987654321
545 315 0.823529411764706
546 315 0.823529411764706
547 306 0.8372093023255814
548 306 0.8433734939759037
549 306 0.8433734939759037
550 306 0.7816091954022989
551 306 0.7816091954022989
552 306 0.8139534883720929
553 306 0.8139534883720929
554 306 0.8433734939759037
555 306 0.8433734939759037
556 306 0.7777777777777778
557 306 0.7777777777777778
558 306 0.7941176470588236
559 306 0.7941176470588236
560 306 0.7945205479452055
561 306 0.7945205479452055
562 306 0.8115942028985507
563 306 0.8115942028985507
564 306 0.8285714285714285
565 306 0.8285714285714285
566 306 0.8
567 306 0.8
568 306 0.8571428571428571
569 306 0.8571428571428572
570 306 0.8571428571428572
571 306 0.8571428571428572
572 306 0.8571428571428572
573 306 0.8333333333333334
574 306 0.8333333333333334
575 306 0.9041095890410958
576 306 0.9041095890410958
577 306 0.8055555555555555
578 306 0.8055555555555555
579 306 0.8648648648648649
580 306 0.8648648648648649
581 306 0.8169014084507044
582 306 0.8169014084507044
583 306 0.8484848484848485
584 306 0.8484848484848485
585 306 0.8787878787878788
586 306 0.8787878787878788
587 306 0.823529411764706
588 306 0.823529411764706
589 306 0.8387096774193549
590 306 0.787878787878788
591 306 0.787878787878788
592 306 0.8253968253968254
593 306 0.8253968253968254
594 306 0.835820895522388
595 306 0.835820895522388
596 306 0.8115942028985507
597 306 0.8115942028985507
598 306 0.8571428571428571
599 306 0.8571428571428571
600 306 0.8253968253968254
601 306 0.8253968253968254
602 306 0.7692307692307692
603 306 0.7692307692307692
604 306 0.8571428571428571
605 306 0.8571428571428571
606 306 0.8524590163934426
607 306 0.8524590163934426
608 306 0.8333333333333334
609 306 0.8333333333333334
610 297 0.8571428571428572
611 297 0.8363636363636364
612 297 0.8363636363636364
613 297 0.8148148148148148
614 297 0.8148148148148148
615 297 0.8571428571428571
616 297 0.8571428571428571
617 297 0.8518518518518519
618 297 0.8518518518518519
619 297 0.816326530612245
620 297 0.816326530612245
621 297 0.76
622 297 0.76
623 297 0.8085106382978724
624 297 0.8085106382978724
625 297 0.8627450980392156
626 297 0.8627450980392156
627 297 0.8627450980392156
628 297 0.8627450980392156
629 297 0.8979591836734695
630 297 0.8979591836734695
631 297 0.8679245283018867
632 297 0.8679245283018867
633 297 0.8679245283018867
634 297 0.8461538461538461
635 297 0.8461538461538461
636 297 0.8749999999999999
637 297 0.8749999999999999
638 297 0.9019607843137256
639 297 0.9019607843137256
640 297 0.9019607843137255
641 297 0.9019607843137255
642 297 0.8771929824561403
643 297 0.8771929824561403
644 297 0.8999999999999999
645 297 0.8999999999999999
646 297 0.8333333333333334
647 297 0.8333333333333334
648 297 0.8620689655172414
649 297 0.8620689655172414
650 297 0.9090909090909091
651 297 0.9090909090909091
652 297 0.8421052631578947
653 297 0.7755102040816326
654 297 0.7755102040816326
655 297 0.8571428571428572
656 297 0.8571428571428572
657 297 0.8421052631578948
658 297 0.8421052631578948
659 297 0.92
660 297 0.92
661 297 0.875
662 297 0.875
663 297 0.84
664 297 0.84
665 297 0.8214285714285715
666 297 0.8363636363636363
667 297 0.8813559322033898
668 297 0.8813559322033898
669 297 0.8461538461538461
670 297 0.8461538461538461
671 297 0.8518518518518519
672 297 0.8518518518518519
673 309 0.8461538461538461
674 309 0.8214285714285714
675 309 0.8214285714285714
676 309 0.6923076923076923
677 309 0.6923076923076923
678 309 0.75
679 309 0.75
680 309 0.88
681 309 0.88
682 309 0.8076923076923076
683 309 0.8076923076923076
684 309 0.6938775510204083
685 309 0.6938775510204083
686 309 0.8235294117647058
687 309 0.8235294117647058
688 309 0.7777777777777778
689 309 0.7777777777777778
690 309 0.8679245283018867
691 309 0.8679245283018867
692 309 0.7941176470588235
693 309 0.7941176470588235
694 309 0.8333333333333334
695 309 0.8615384615384615
696 309 0.8615384615384615
697 309 0.8333333333333334
698 309 0.8333333333333334
699 309 0.8620689655172413
700 309 0.8620689655172413
701 309 0.90625
702 309 0.90625
703 309 0.896551724137931
704 309 0.896551724137931
705 309 0.8750000000000001
706 309 0.8750000000000001
707 309 0.8615384615384615
708 309 0.8615384615384615
709 309 0.8253968253968254
710 309 0.8253968253968254
711 309 0.8307692307692308
712 309 0.8307692307692308
713 309 0.8484848484848485
714 309 0.8484848484848485
715 309 0.8421052631578947
716 309 0.9032258064516129
717 309 0.9032258064516129
718 309 0.8275862068965518
719 309 0.8275862068965518
720 309 0.8620689655172413
721 309 0.8620689655172413
722 309 0.8387096774193549
723 309 0.8387096774193549
724 309 0.8235294117647058
725 309 0.8235294117647058
726 309 0.8846153846153846
727 309 0.8846153846153846
728 309 0.7346938775510204
729 309 0.7346938775510204
730 309 0.8400000000000001
731 309 0.8400000000000001
732 309 0.8235294117647058
733 309 0.8235294117647058
734 309 0.7999999999999999
735 309 0.7999999999999999
736 309 0.8076923076923077
737 309 0.8518518518518519
738 309 0.8518518518518519
739 309 0.8518518518518519
740 309 0.8518518518518519
741 309 0.88
742 309 0.88
743 309 0.8400000000000001
744 309 0.8400000000000001
745 309 0.8620689655172414
746 309 0.8620689655172414
747 309 0.9230769230769231
748 309 0.9230769230769231
749 309 0.8780487804878049
750 309 0.8780487804878049
751 309 0.8571428571428571
752 309 0.8571428571428571
753 309 0.8717948717948718
754 309 0.8717948717948718
755 309 0.8095238095238095
756 309 0.8500000000000001
757 320 0.888888888888889
758 320 0.9333333333333332
759 320 0.9333333333333332
760 320 0.8837209302325582
761 320 0.8837209302325582
762 320 0.8260869565217391
763 320 0.8260869565217391
764 320 0.8837209302325582
765 320 0.8837209302325582
766 320 0.8421052631578947
767 320 0.8421052631578947
768 320 0.8500000000000001
769 320 0.8500000000000001
770 320 0.8648648648648648
771 320 0.8648648648648648
772 320 0.7741935483870968
773 320 0.7741935483870968
774 320 0.9189189189189189
775 320 0.9189189189189189
776 320 0.9375
777 320 0.9375
778 320 0.8387096774193549
779 320 0.888888888888889
780 320 0.888888888888889
781 320 0.9032258064516129
782 320 0.9032258064516129
783 320 0.787878787878788
784 320 0.787878787878788
785 320 0.8235294117647058
786 320 0.8235294117647058
787 320 1.0
788 320 1.0
789 320 0.9032258064516129
790 320 0.9032258064516129
791 320 0.7999999999999999
792 320 0.7999999999999999
793 320 0.888888888888889
794 320 0.888888888888889
795 320 0.8571428571428571
796 320 0.8571428571428571
797 320 0.9142857142857143
798 320 0.9142857142857143
799 320 0.8666666666666667
800 320 0.9230769230769231
801 320 0.9230769230769231
802 320 0.9600000000000001
803 320 0.9600000000000001
804 320 0.88
805 320 0.88
806 320 0.88
807 320 0.88
808 320 0.923076923076923
809 320 0.923076923076923
810 320 0.8571428571428571
811 320 0.8571428571428571
812 320 0.923076923076923
813 320 0.923076923076923
814 320 0.923076923076923
815 320 0.923076923076923
816 320 0.8695652173913044
817 320 0.8695652173913044
818 320 0.8799999999999999
819 320 0.8799999999999999
820 311 0.9230769230769231
821 311 1.0
822 311 1.0
823 311 0.9600000000000001
824 311 0.9600000000000001
825 311 0.9166666666666666
826 311 0.9166666666666666
827 311 0.9565217391304348
828 311 0.9565217391304348
829 311 0.888888888888889
830 311 0.888888888888889
831 311 1.0
832 311 1.0
833 311 0.9090909090909091
834 311 0.9090909090909091
835 311 0.9032258064516129
836 311 0.9032258064516129
837 311 0.9032258064516129
838 311 0.9032258064516129
839 311 0.9090909090909091
840 311 0.9090909090909091
841 311 0.8888888888888888
842 311 0.9333333333333333
843 311 0.9333333333333333
844 311 0.8666666666666666
845 311 0.8666666666666666
846 311 0.7741935483870968
847 311 0.7741935483870968
848 311 0.8484848484848485
849 311 0.8484848484848485
850 311 0.8387096774193549
851 311 0.8387096774193549
852 311 0.8749999999999999
853 311 0.8749999999999999
854 311 0.9285714285714286
855 311 0.9285714285714286
856 311 0.8
857 311 0.8
858 311 0.8571428571428571
859 311 0.8571428571428571
860 311 0.8749999999999999
861 311 0.8749999999999999
862 311 0.8387096774193549
863 311 0.9032258064516129
864 311 0.9032258064516129
865 311 0.9032258064516129
866 311 0.9032258064516129
867 311 0.8125000000000001
868 311 0.8125000000000001
869 311 0.8750000000000001
870 311 0.8750000000000001
871 311 0.85
872 311 0.85
873 311 0.8235294117647058
874 311 0.8235294117647058
875 311 0.7647058823529412
876 311 0.7647058823529412
877 311 0.8125000000000001
878 311 0.8125000000000001
879 311 0.9333333333333333
880 311 0.9333333333333333
881 311 0.9090909090909091
882 311 0.9090909090909091
883 311 0.9090909090909091
884 311 0.896551724137931
885 311 0.896551724137931
886 311 0.846153846153846
887 311 0.846153846153846
888 311 0.8571428571428571
889 311 0.8571428571428571
890 311 0.8333333333333334
891 311 0.8333333333333334
892 311 0.7857142857142856
893 311 0.7857142857142856
894 311 0.8148148148148148
895 311 0.8148148148148148
896 311 0.888888888888889
897 311 0.888888888888889
898 311 0.7826086956521738
899 311 0.7826086956521738
900 311 0.896551724137931
901 311 0.896551724137931
902 311 0.8
903 311 0.8
904 302 0.8181818181818182
905 302 0.8333333333333334
906 302 0.8333333333333334
907 302 0.7407407407407408
908 302 0.7407407407407408
909 302 0.8
910 302 0.8
911 302 0.8
912 302 0.8
913 302 0.7826086956521738
914 302 0.7826086956521738
915 302 0.8
916 302 0.8
917 302 0.8181818181818182
918 302 0.8181818181818182
919 302 0.8571428571428572
920 302 0.8571428571428572
921 302 0.8571428571428572
922 302 0.8571428571428572
923 302 0.9
924 302 0.9
925 302 0.8000000000000002
926 302 0.7368421052631579
927 302 0.7368421052631579
928 302 0.7368421052631577
929 302 0.7368421052631577
930 302 0.9
931 302 0.9
932 302 0.8421052631578948
933 302 0.8421052631578948
934 302 0.9
935 302 0.9
936 302 0.9565217391304348
937 302 0.9565217391304348
938 302 0.875
939 302 0.875
940 302 0.7058823529411765
941 302 0.7058823529411765
942 302 0.6666666666666666
943 302 0.6666666666666666
944 302 0.761904761904762
945 302 0.761904761904762
946 302 0.9
947 302 0.8421052631578948
948 302 0.8421052631578948
949 302 0.75
950 302 0.75
951 302 0.8750000000000001
952 302 0.8750000000000001
953 302 0.7499999999999999
954 302 0.7499999999999999
955 302 0.888888888888889
956 302 0.888888888888889
957 302 0.9473684210526316
958 302 0.9473684210526316
959 302 0.8888888888888888
960 302 0.8888888888888888
961 302 0.888888888888889
962 302 0.888888888888889
963 302 0.7368421052631579
964 302 0.7368421052631579
965 302 0.8421052631578948
966 302 0.8421052631578948
967 293 0.761904761904762
968 293 0.888888888888889
969 293 0.888888888888889
970 293 0.8235294117647058
971 293 0.8235294117647058
972 293 0.8421052631578948
973 293 0.8421052631578948
974 293 0.8421052631578948
975 293 0.8421052631578948
976 293 0.8750000000000001
977 293 0.8750000000000001
978 293 0.8235294117647058
979 293 0.8235294117647058
980 293 0.8
981 293 0.8
982 293 0.888888888888889
983 293 0.888888888888889
984 293 0.7058823529411764
985 293 0.7058823529411764
986 293 0.8421052631578948
987 293 0.8421052631578948
988 293 0.9090909090909091
989 293 0.9
990 293 0.9
991 293 0.7826086956521738
992 293 0.7826086956521738
993 293 0.8461538461538461
994 293 0.8461538461538461
995 293 0.8571428571428571
996 293 0.8571428571428571
997 293 0.8000000000000002
998 293 0.8000000000000002
999 293 0.7826086956521738
1000 293 0.7826086956521738
1001 293 0.8461538461538461
1002 293 0.8461538461538461
1003 293 0.8695652173913043
1004 293 0.8695652173913043
1005 293 0.7407407407407408
1006 293 0.7407407407407408
1007 293 0.7857142857142856
1008 293 0.7857142857142856
1009 293 0.7857142857142856
1010 293 0.8181818181818181
1011 293 0.8181818181818181
1012 293 0.6363636363636365
1013 293 0.6363636363636365
1014 293 0.9473684210526316
1015 293 0.9473684210526316
1016 293 0.9090909090909091
1017 293 0.9090909090909091
1018 293 0.8181818181818182
1019 293 0.8181818181818182
1020 293 0.9600000000000001
1021 293 0.9600000000000001
1022 293 0.8571428571428572
1023 293 0.8571428571428572
1024 293 0.7826086956521738
1025 293 0.7826086956521738
1026 293 0.8181818181818182
1027 293 0.8181818181818182
1028 293 0.7499999999999999
1029 293 0.7499999999999999
1030 284 0.8181818181818182
1031 284 0.8695652173913044
1032 284 0.8695652173913044
1033 284 0.846153846153846
1034 284 0.846153846153846
1035 284 0.7741935483870969
1036 284 0.7741935483870969
1037 284 0.962962962962963
1038 284 0.962962962962963
1039 284 0.962962962962963
1040 284 0.962962962962963
1041 284 0.9166666666666666
1042 284 0.9166666666666666
1043 284 0.8571428571428572
1044 284 0.8571428571428572
1045 284 0.9473684210526316
1046 284 0.9473684210526316
1047 284 0.8181818181818181
1048 284 0.8181818181818181
1049 284 0.8571428571428572
1050 284 0.8571428571428572
1051 284 0.9166666666666666
1052 284 0.9090909090909091
1053 284 0.9090909090909091
1054 284 0.9166666666666666
1055 284 0.9166666666666666
1056 284 0.8571428571428572
1057 284 0.8571428571428572
1058 284 0.8695652173913044
1059 284 0.8695652173913044
1060 284 0.8571428571428571
1061 284 0.8571428571428571
1062 284 0.8
1063 284 0.8
1064 284 0.7692307692307692
1065 284 0.7692307692307692
1066 284 0.9285714285714286
1067 284 0.9285714285714286
1068 284 0.8666666666666666
1069 284 0.8666666666666666
1070 284 0.896551724137931
1071 284 0.896551724137931
1072 284 0.8275862068965517
1073 284 0.9285714285714286
1074 284 0.9285714285714286
1075 284 0.9032258064516129
1076 284 0.9032258064516129
1077 284 0.9032258064516129
1078 284 0.9032258064516129
1079 284 0.9090909090909091
1080 284 0.9090909090909091
1081 284 0.8333333333333334
1082 284 0.8333333333333334
1083 284 0.8823529411764706
1084 284 0.8823529411764706
1085 284 0.8823529411764706
1086 284 0.8823529411764706
1087 284 0.8749999999999999
1088 284 0.8749999999999999
1089 284 0.8205128205128205
1090 284 0.8205128205128205
1091 284 0.8108108108108109
1092 284 0.8108108108108109
1093 275 0.9375
1094 275 0.8125000000000001
1095 275 0.8125000000000001
1096 275 0.7428571428571429
1097 275 0.7428571428571429
1098 275 0.8484848484848485
1099 275 0.8484848484848485
1100 275 0.8750000000000001
1101 275 0.8750000000000001
1102 275 0.9444444444444444
1103 275 0.9444444444444444
1104 275 0.8484848484848485
1105 275 0.8484848484848485
1106 275 0.823529411764706
1107 275 0.823529411764706
1108 275 0.7894736842105262
1109 275 0.7894736842105262
1110 275 0.8484848484848485
1111 275 0.8484848484848485
1112 275 0.8571428571428571
1113 275 0.8571428571428571
1114 275 0.8947368421052632
1115 275 0.8571428571428571
1116 275 0.8571428571428571
1117 275 0.7999999999999999
1118 275 0.7999999999999999
1119 275 0.8823529411764706
1120 275 0.8823529411764706
1121 275 1.0
1122 275 1.0
1123 275 0.9285714285714286
1124 275 0.9285714285714286
1125 275 0.88
1126 275 0.88
1127 275 0.9285714285714286
1128 275 0.9285714285714286
1129 275 0.8275862068965518
1130 275 0.8275862068965518
1131 275 0.9375
1132 275 0.9375
1133 275 0.846153846153846
1134 275 0.846153846153846
1135 275 0.8571428571428571
1136 275 0.7692307692307692
1137 275 0.7692307692307692
1138 275 0.888888888888889
1139 275 0.888888888888889
1140 275 0.8
1141 275 0.8
1142 275 0.8387096774193548
1143 275 0.8387096774193548
1144 275 0.7586206896551724
1145 275 0.7586206896551724
1146 275 0.8571428571428571
1147 275 0.8571428571428571
1148 275 0.7333333333333334
1149 275 0.7333333333333334
1150 275 0.8
1151 275 0.8
1152 275 0.8125
1153 275 0.8125
1154 275 0.8
1155 275 0.8
1156 289 0.8799999999999999
1157 289 0.8
1158 289 0.8
1159 289 0.7407407407407408
1160 289 0.7407407407407408
1161 289 0.8387096774193549
1162 289 0.8387096774193549
1163 289 0.9166666666666666
1164 289 0.9166666666666666
1165 289 0.8333333333333333
1166 289 0.8333333333333333
1167 289 0.8
1168 289 0.8
1169 289 0.7741935483870969
1170 289 0.7741935483870969
1171 289 0.7500000000000001
1172 289 0.7500000000000001
1173 289 0.7586206896551724
1174 289 0.7586206896551724
1175 289 0.7142857142857143
1176 289 0.7142857142857143
1177 289 0.8
1178 289 0.7692307692307692
1179 289 0.7692307692307692
1180 289 0.888888888888889
1181 289 0.888888888888889
1182 289 0.75
1183 289 0.75
1184 289 0.7692307692307692
1185 289 0.7692307692307692
1186 289 0.8181818181818181
1187 289 0.8181818181818181
1188 289 0.8181818181818181
1189 289 0.8181818181818181
1190 289 0.9565217391304348
1191 289 0.9565217391304348
1192 289 0.888888888888889
1193 289 0.888888888888889
1194 289 0.8695652173913043
1195 289 0.8695652173913043
1196 289 0.8695652173913043
1197 289 0.8695652173913043
1198 289 0.8181818181818182
1199 289 0.6923076923076923
1200 289 0.6923076923076923
1201 289 0.7586206896551724
1202 289 0.7586206896551724
1203 289 0.9600000000000001
1204 289 0.9600000000000001
1205 289 0.888888888888889
1206 289 0.888888888888889
1207 289 0.9166666666666666
1208 289 0.9166666666666666
1209 289 0.75
1210 289 0.75
1211 289 0.9600000000000001
1212 289 0.9600000000000001
1213 289 0.9090909090909091
1214 289 0.9090909090909091
1215 289 0.9600000000000001
1216 289 0.9600000000000001
1217 289 0.88
1218 289 0.88
1219 280 1.0
1220 280 0.967741935483871
1221 280 0.967741935483871
1222 280 0.9230769230769231
1223 280 0.9230769230769231
1224 280 0.923076923076923
1225 280 0.923076923076923
1226 280 0.88
1227 280 0.88
1228 280 0.9090909090909091
1229 280 0.9090909090909091
1230 280 0.9090909090909091
1231 280 0.9090909090909091
1232 280 0.8333333333333333
1233 280 0.8333333333333333
1234 280 0.8148148148148148
1235 280 0.8148148148148148
1236 280 0.9166666666666666
1237 280 0.9166666666666666
1238 280 0.8333333333333333
1239 280 0.8333333333333333
1240 280 0.9
1241 280 0.8
1242 280 0.8
1243 280 0.9166666666666666
1244 280 0.9166666666666666
1245 280 0.9565217391304348
1246 280 0.9565217391304348
1247 280 0.9565217391304348
1248 280 0.9565217391304348
1249 280 0.9565217391304348
1250 280 0.9565217391304348
1251 280 0.8000000000000002
1252 280 0.8000000000000002
1253 280 0.9
1254 280 0.9
1255 280 0.761904761904762
1256 280 0.761904761904762
1257 280 0.7499999999999999
1258 280 0.7499999999999999
1259 280 0.7777777777777778
1260 280 0.7777777777777778
1261 280 0.888888888888889
1262 280 0.7499999999999999
1263 280 0.7499999999999999
1264 280 0.7058823529411764
1265 280 0.7058823529411764
1266 280 0.7499999999999999
1267 280 0.7499999999999999
1268 280 0.8
1269 280 0.8
1270 280 0.923076923076923
1271 280 0.923076923076923
1272 280 0.875
1273 280 0.875
1274 280 0.8888888888888888
1275 280 0.8888888888888888
1276 280 0.875
1277 280 0.875
1278 280 0.923076923076923
1279 280 0.923076923076923
1280 280 0.9333333333333333
1281 280 0.9333333333333333
1282 271 0.9411764705882353
1283 271 0.8571428571428571
1284 271 0.8571428571428571
1285 271 0.7142857142857143
1286 271 0.7142857142857143
1287 271 0.8750000000000001
1288 271 0.8750000000000001
1289 271 0.888888888888889
1290 271 0.888888888888889
1291 271 0.8571428571428572
1292 271 0.8571428571428572
1293 271 0.8235294117647058
1294 271 0.8235294117647058
1295 271 0.7692307692307692
1296 271 0.7692307692307692
1297 271 0.6666666666666667
1298 271 0.6666666666666667
1299 271 0.923076923076923
1300 271 0.923076923076923
1301 271 0.8571428571428571
1302 271 0.8571428571428571
1303 271 0.7999999999999999
1304 271 0.75
1305 271 0.75
1306 271 0.8333333333333334
1307 271 0.8333333333333334
1308 271 0.7999999999999999
1309 271 0.7999999999999999
1310 271 0.8750000000000001
1311 271 0.8750000000000001
1312 271 0.9473684210526316
1313 271 0.9473684210526316
1314 271 0.8421052631578948
1315 271 0.8421052631578948
1316 271 0.8181818181818182
1317 271 0.8181818181818182
1318 271 0.8695652173913043
1319 271 0.8695652173913043
1320 271 0.8571428571428572
1321 271 0.8571428571428572
1322 271 0.9090909090909091
1323 271 0.9090909090909091
1324 271 0.7999999999999999
1325 271 0.9
1326 271 0.9
1327 271 0.7999999999999999
1328 271 0.7999999999999999
1329 271 0.8181818181818182
1330 271 0.8181818181818182
1331 271 0.8181818181818182
1332 271 0.8181818181818182
1333 271 0.8695652173913043
1334 271 0.8695652173913043
1335 271 0.8333333333333333
1336 271 0.8333333333333333
1337 271 0.7826086956521738
1338 271 0.7826086956521738
1339 271 0.9565217391304348
1340 271 0.9565217391304348
1341 271 0.8695652173913043
1342 271 0.8695652173913043
1343 271 0.8571428571428571
1344 271 0.8571428571428571
1345 285 0.9166666666666666
1346 285 0.888888888888889
1347 285 0.888888888888889
1348 285 0.8333333333333333
1349 285 0.8333333333333333
1350 285 1.0
1351 285 1.0
1352 285 0.9333333333333333
1353 285 0.9333333333333333
1354 285 0.8571428571428571
1355 285 0.8571428571428571
1356 285 0.9411764705882353
1357 285 0.9411764705882353
1358 285 0.8484848484848485
1359 285 0.8484848484848485
1360 285 0.8275862068965517
1361 285 0.8275862068965517
1362 285 0.8888888888888888
1363 285 0.8888888888888888
1364 285 0.9375
1365 285 0.9375
1366 285 0.8823529411764706
1367 285 0.8387096774193549
1368 285 0.8387096774193549
1369 285 0.923076923076923
1370 285 0.923076923076923
1371 285 0.7999999999999999
1372 285 0.7999999999999999
1373 285 0.8571428571428571
1374 285 0.8571428571428571
1375 285 0.896551724137931
1376 285 0.896551724137931
1377 285 0.8484848484848485
1378 285 0.8484848484848485
1379 285 0.9285714285714286
1380 285 0.9285714285714286
1381 285 0.888888888888889
1382 285 0.888888888888889
1383 285 0.7692307692307693
1384 285 0.7692307692307693
1385 285 0.896551724137931
1386 285 0.896551724137931
1387 285 0.896551724137931
1388 285 0.8275862068965518
1389 285 0.8275862068965518
1390 285 0.8666666666666666
1391 285 0.8666666666666666
1392 285 0.9285714285714286
1393 285 0.9285714285714286
1394 285 0.8823529411764706
1395 285 0.8823529411764706
1396 285 0.896551724137931
1397 285 0.896551724137931
1398 285 0.967741935483871
1399 285 0.967741935483871
1400 285 0.9285714285714286
1401 285 0.9285714285714286
1402 285 0.9333333333333333
1403 285 0.9333333333333333
1404 285 0.896551724137931
1405 285 0.896551724137931
1406 285 0.8823529411764706
1407 285 0.8823529411764706
1408 298 0.9090909090909091
1409 298 0.8750000000000001
1410 298 0.8750000000000001
1411 298 0.8108108108108109
1412 298 0.8108108108108109
1413 298 0.8648648648648648
1414 298 0.8648648648648648
1415 298 0.9189189189189189
1416 298 0.9189189189189189
1417 298 0.8571428571428572
1418 298 0.8571428571428572
1419 298 0.8648648648648648
1420 298 0.8648648648648648
1421 298 0.972972972972973
1422 298 0.972972972972973
1423 298 0.8947368421052632
1424 298 0.8947368421052632
1425 298 0.923076923076923
1426 298 0.923076923076923
1427 298 0.9743589743589743
1428 298 0.9743589743589743
1429 298 0.9500000000000001
1430 298 0.9047619047619048
1431 298 0.9047619047619048
1432 298 0.9166666666666666
1433 298 0.9166666666666666
1434 298 0.8181818181818182
1435 298 0.8181818181818182
1436 298 0.8749999999999999
1437 298 0.8749999999999999
1438 298 0.7999999999999999
1439 298 0.7999999999999999
1440 298 0.7999999999999999
1441 298 0.7999999999999999
1442 298 0.8936170212765957
1443 298 0.8936170212765957
1444 298 0.9387755102040817
1445 298 0.9387755102040817
1446 298 0.88
1447 298 0.88
1448 298 0.8627450980392156
1449 298 0.8627450980392156
1450 298 0.851851851851852
1451 298 0.8518518518518519
1452 298 0.8518518518518519
1453 298 0.9166666666666666
1454 298 0.9166666666666666
1455 298 0.923076923076923
1456 298 0.923076923076923
1457 298 0.8727272727272728
1458 298 0.8727272727272728
1459 298 0.8461538461538461
1460 298 0.8461538461538461
1461 298 0.8518518518518519
1462 298 0.8518518518518519
1463 298 0.7777777777777777
1464 298 0.7777777777777777
1465 298 0.8627450980392156
1466 298 0.8627450980392156
1467 298 0.8461538461538461
1468 298 0.8461538461538461
1469 298 0.8301886792452831
1470 298 0.8301886792452831
1471 289 0.7999999999999999
1472 289 0.8800000000000001
1473 289 0.8800000000000001
1474 289 0.830188679245283
1475 289 0.830188679245283
1476 289 0.8148148148148149
1477 289 0.8148148148148149
1478 289 0.8275862068965517
1479 289 0.8275862068965517
1480 289 0.8666666666666665
1481 289 0.8666666666666665
1482 289 0.8363636363636363
1483 289 0.8363636363636363
1484 289 0.9056603773584906
1485 289 0.9056603773584906
1486 289 0.8679245283018867
1487 289 0.8679245283018867
1488 289 0.8253968253968254
1489 289 0.8253968253968254
1490 289 0.8333333333333334
1491 289 0.8333333333333334
1492 289 0.8437500000000001
1493 289 0.8333333333333334
1494 289 0.8333333333333334
1495 289 0.8275862068965517
1496 289 0.8275862068965517
1497 289 0.7777777777777779
1498 289 0.7777777777777779
1499 289 0.7692307692307693
1500 289 0.7692307692307693
1501 289 0.830188679245283
1502 289 0.830188679245283
1503 289 0.7755102040816326
1504 289 0.7755102040816326
1505 289 0.816326530612245
1506 289 0.816326530612245
1507 289 0.8636363636363636
1508 289 0.8636363636363636
1509 289 0.8260869565217391
1510 289 0.8260869565217391
1511 289 0.8627450980392156
1512 289 0.8627450980392156
1513 289 0.8695652173913043
1514 289 0.8979591836734695
1515 289 0.8979591836734695
1516 289 0.7826086956521738
1517 289 0.7826086956521738
1518 289 0.8571428571428571
1519 289 0.8571428571428571
1520 289 0.8181818181818182
1521 289 0.8181818181818182
1522 289 0.8636363636363636
1523 289 0.8636363636363636
1524 289 0.8837209302325582
1525 289 0.8837209302325582
1526 289 0.7999999999999999
1527 289 0.7999999999999999
1528 289 0.8
1529 289 0.8
1530 289 0.8
1531 289 0.8
1532 289 0.9189189189189189
1533 289 0.9189189189189189
1534 280 0.8571428571428571
1535 280 0.8292682926829269
1536 280 0.8292682926829269
1537 280 0.8108108108108107
1538 280 0.8108108108108107
1539 280 0.8780487804878049
1540 280 0.8780487804878049
1541 280 0.9268292682926829
1542 280 0.9268292682926829
1543 280 0.7727272727272727
1544 280 0.7727272727272727
1545 280 0.9019607843137256
1546 280 0.9019607843137256
1547 280 0.8846153846153846
1548 280 0.8846153846153846
1549 280 0.9199999999999999
1550 280 0.9199999999999999
1551 280 0.75
1552 280 0.75
1553 280 0.7234042553191489
1554 280 0.7234042553191489
1555 280 0.8163265306122449
1556 280 0.7346938775510203
1557 280 0.7346938775510203
1558 280 0.8627450980392156
1559 280 0.8627450980392156
1560 280 0.75
1561 280 0.75
1562 280 0.875
1563 280 0.875
1564 280 0.8292682926829269
1565 280 0.8292682926829269
1566 280 0.6808510638297872
1567 280 0.6808510638297872
1568 280 0.8837209302325582
1569 280 0.8837209302325582
1570 280 0.8571428571428571
1571 280 0.8571428571428571
1572 280 0.9302325581395349
1573 280 0.9302325581395349
1574 280 0.9047619047619048
1575 280 0.9047619047619048
1576 293 0.8636363636363636
1577 293 0.8636363636363636
1578 293 0.8636363636363636
1579 293 0.9500000000000001
1580 293 0.9500000000000001
1581 293 0.8636363636363636
1582 293 0.8636363636363636
1583 293 0.8095238095238095
1584 293 0.8095238095238095
1585 293 0.8181818181818182
1586 293 0.8181818181818182
1587 293 0.85
1588 293 0.85
1589 293 0.8444444444444444
1590 293 0.8444444444444444
1591 293 0.8571428571428571
1592 293 0.8571428571428571
1593 293 0.8636363636363636
1594 293 0.8636363636363636
1595 293 0.8333333333333333
1596 293 0.8333333333333333
1597 293 0.7659574468085107
1598 293 0.8333333333333333
1599 293 0.8333333333333333
1600 293 0.9333333333333332
1601 293 0.9333333333333332
1602 293 0.8636363636363636
1603 293 0.8636363636363636
1604 293 0.8085106382978724
1605 293 0.8085106382978724
1606 293 0.8260869565217392
1607 293 0.8260869565217392
1608 293 0.9130434782608696
1609 293 0.9130434782608696
1610 293 0.84
1611 293 0.84
1612 293 0.8518518518518519
1613 293 0.8518518518518519
1614 293 0.8363636363636364
1615 293 0.8363636363636364
1616 293 0.8771929824561403
1617 293 0.8771929824561403
1618 275 0.7719298245614036
1619 275 0.8679245283018867
1620 275 0.8679245283018867
1621 275 0.8421052631578947
1622 275 0.8421052631578947
1623 275 0.8
1624 275 0.8
1625 275 0.8076923076923077
1626 275 0.8076923076923077
1627 275 0.84
1628 275 0.84
1629 275 0.8727272727272727
1630 275 0.8727272727272727
1631 275 0.8627450980392156
1632 275 0.8627450980392156
1633 275 0.7586206896551725
1634 275 0.7586206896551725
1635 275 0.819672131147541
1636 275 0.819672131147541
1637 275 0.888888888888889
1638 275 0.888888888888889
1639 275 0.7407407407407407
1640 275 0.8620689655172414
1641 275 0.8620689655172414
1642 275 0.7719298245614036
1643 275 0.7719298245614036
1644 275 0.8275862068965518
1645 275 0.8275862068965518
1646 275 0.847457627118644
1647 275 0.847457627118644
1648 275 0.8923076923076922
1649 275 0.8923076923076922
1650 275 0.8813559322033899
1651 275 0.8813559322033899
1652 275 0.9374999999999999
1653 275 0.9374999999999999
1654 275 0.8615384615384616
1655 275 0.8615384615384616
1656 275 0.88
1657 275 0.88
1658 275 0.8405797101449275
1659 275 0.8405797101449275
1660 275 0.8529411764705883
1661 275 0.8923076923076922
1662 275 0.8923076923076922
1663 275 0.8493150684931509
1664 275 0.8493150684931509
1665 275 0.8219178082191781
1666 275 0.8219178082191781
1667 275 0.8461538461538461
1668 275 0.8461538461538461
1669 275 0.7714285714285715
1670 275 0.7714285714285715
1671 275 0.7887323943661972
1672 275 0.7887323943661972
1673 275 0.793103448275862
1674 275 0.793103448275862
1675 275 0.7812500000000001
1676 275 0.7812500000000001
1677 275 0.8484848484848485
1678 275 0.8484848484848485
1679 275 0.7567567567567567
1680 275 0.7567567567567567
1681 266 0.7826086956521738
1682 266 0.8529411764705883
1683 266 0.8529411764705883
1684 266 0.8125000000000001
1685 266 0.8125000000000001
1686 266 0.8
1687 266 0.8
1688 266 0.8378378378378378
1689 266 0.8378378378378378
1690 266 0.8450704225352113
1691 266 0.8450704225352113
1692 266 0.861111111111111
1693 266 0.861111111111111
1694 266 0.84375
1695 266 0.84375
1696 266 0.8214285714285714
1697 266 0.8214285714285714
1698 266 0.870967741935484
1699 266 0.870967741935484
1700 266 0.8181818181818182
1701 266 0.8181818181818182
1702 266 0.8787878787878788
1703 266 0.8405797101449276
1704 266 0.8405797101449276
1705 266 0.8484848484848485
1706 266 0.8484848484848485
1707 266 0.819672131147541
1708 266 0.819672131147541
1709 266 0.8524590163934426
1710 266 0.8524590163934426
1711 266 0.8275862068965517
1712 266 0.8275862068965517
1713 266 0.8387096774193549
1714 266 0.8387096774193549
1715 266 0.90625
1716 266 0.90625
1717 266 0.7761194029850745
1718 266 0.7761194029850745
1719 266 0.8813559322033898
1720 266 0.8813559322033898
1721 266 0.8518518518518519
1722 266 0.8518518518518519
1723 280 0.8620689655172413
1724 280 0.8
1725 280 0.8
1726 280 0.8275862068965517
1727 280 0.8275862068965517
1728 280 0.8275862068965517
1729 280 0.8275862068965517
1730 280 0.8363636363636363
1731 280 0.8363636363636363
1732 280 0.8214285714285714
1733 280 0.8214285714285714
1734 280 0.8333333333333334
1735 280 0.8333333333333334
1736 280 0.8363636363636363
1737 280 0.8363636363636363
1738 280 0.8437500000000001
1739 280 0.8437500000000001
1740 280 0.870967741935484
1741 280 0.870967741935484
1742 280 0.9032258064516129
1743 280 0.9032258064516129
1744 280 0.912280701754386
1745 280 0.9152542372881356
1746 280 0.9152542372881356
1747 280 0.8571428571428572
1748 280 0.8571428571428572
1749 280 0.8275862068965518
1750 280 0.8275862068965518
1751 280 0.8148148148148148
1752 280 0.8148148148148148
1753 280 0.8771929824561403
1754 280 0.8771929824561403
1755 280 0.8571428571428571
1756 280 0.8571428571428571
1757 280 0.8070175438596492
1758 280 0.8070175438596492
1759 280 0.8214285714285714
1760 280 0.8214285714285714
1761 280 0.8363636363636363
1762 280 0.8363636363636363
1763 280 0.8852459016393442
1764 280 0.8852459016393442
1765 280 0.8275862068965517
1766 280 0.8627450980392156
1767 280 0.8627450980392156
1768 280 0.9454545454545454
1769 280 0.9454545454545454
1770 280 0.8813559322033899
1771 280 0.8813559322033899
1772 280 0.896551724137931
1773 280 0.896551724137931
1774 280 0.8571428571428571
1775 280 0.8571428571428571
1776 280 0.8923076923076922
1777 280 0.8923076923076922
1778 280 0.8474576271186441
1779 280 0.8474576271186441
1780 280 0.8307692307692308
1781 280 0.8307692307692308
1782 280 0.8387096774193549
1783 280 0.8387096774193549
1784 280 0.8666666666666666
1785 280 0.8666666666666666
1786 262 0.8620689655172413
1787 262 0.8
1788 262 0.8
1789 262 0.8571428571428571
1790 262 0.8571428571428571
1791 262 0.7999999999999999
1792 262 0.7999999999999999
1793 262 0.8333333333333334
1794 262 0.8333333333333334
1795 262 0.7999999999999999
1796 262 0.7999999999999999
1797 262 0.8727272727272727
1798 262 0.8727272727272727
1799 262 0.8363636363636363
1800 262 0.8363636363636363
1801 262 0.8070175438596493
1802 262 0.8070175438596493
1803 262 0.7796610169491525
1804 262 0.7796610169491525
1805 262 0.8571428571428571
1806 262 0.8571428571428571
1807 262 0.8727272727272727
1808 262 0.8214285714285715
1809 262 0.8214285714285715
1810 262 0.830188679245283
1811 262 0.830188679245283
1812 262 0.912280701754386
1813 262 0.912280701754386
1814 262 0.8771929824561403
1815 262 0.8771929824561403
1816 262 0.8363636363636364
1817 262 0.8363636363636364
1818 262 0.8571428571428571
1819 262 0.8571428571428571
1820 262 0.9199999999999999
1821 262 0.9199999999999999
1822 262 0.8421052631578947
1823 262 0.8421052631578947
1824 262 0.8363636363636364
1825 262 0.8363636363636364
1826 262 0.8571428571428572
1827 262 0.8571428571428572
1828 262 0.8085106382978724
1829 262 0.816326530612245
1830 262 0.816326530612245
1831 262 0.8571428571428572
1832 262 0.8571428571428572
1833 262 0.7999999999999999
1834 262 0.7999999999999999
1835 262 0.9433962264150944
1836 262 0.9433962264150944
1837 262 0.8214285714285715
1838 262 0.8214285714285715
1839 262 0.9032258064516129
1840 262 0.9032258064516129
1841 262 0.7719298245614034
1842 262 0.7719298245614034
1843 262 0.9032258064516129
1844 262 0.9032258064516129
1845 262 0.8524590163934426
1846 262 0.8524590163934426
1847 262 0.8813559322033899
1848 262 0.8813559322033899
1849 276 0.84375
1850 276 0.8813559322033899
1851 276 0.8813559322033899
1852 276 0.90625
1853 276 0.90625
1854 276 0.8852459016393444
1855 276 0.8852459016393444
1856 276 0.8615384615384615
1857 276 0.8615384615384615
1858 276 0.888888888888889
1859 276 0.888888888888889
1860 276 0.8125
1861 276 0.8125
1862 276 0.7887323943661972
1863 276 0.7887323943661972
1864 276 0.8533333333333333
1865 276 0.8533333333333333
1866 276 0.782608695652174
1867 276 0.782608695652174
1868 276 0.8787878787878788
1869 276 0.8787878787878788
1870 276 0.8571428571428572
1871 276 0.7868852459016394
1872 276 0.7868852459016394
1873 276 0.8571428571428571
1874 276 0.8571428571428571
1875 276 0.9565217391304348
1876 276 0.9565217391304348
1877 276 0.8125
1878 276 0.8125
1879 276 0.8135593220338982
1880 276 0.8135593220338982
1881 276 0.8064516129032258
1882 276 0.8064516129032258
1883 276 0.8181818181818181
1884 276 0.8181818181818181
1885 276 0.84375
1886 276 0.84375
1887 276 0.8307692307692307
1888 276 0.8307692307692307
1889 276 0.8852459016393444
1890 276 0.8852459016393444
1891 276 0.8307692307692307
1892 276 0.7826086956521738
1893 276 0.7826086956521738
1894 276 0.7941176470588236
1895 276 0.7941176470588236
1896 276 0.7692307692307692
1897 276 0.7692307692307692
1898 276 0.8533333333333333
1899 276 0.8533333333333333
1900 276 0.746268656716418
1901 276 0.746268656716418
1902 276 0.8450704225352113
1903 276 0.8450704225352113
1904 276 0.7761194029850746
1905 276 0.7761194029850746
1906 276 0.8620689655172414
1907 276 0.8620689655172414
1908 276 0.911764705882353
1909 276 0.911764705882353
1910 276 0.8787878787878788
1911 276 0.8787878787878788
1912 267 0.8529411764705881
1913 267 0.8055555555555556
1914 267 0.8055555555555556
1915 267 0.7647058823529411
1916 267 0.7647058823529411
1917 267 0.7605633802816901
1918 267 0.7605633802816901
1919 267 0.8732394366197184
1920 267 0.8732394366197184
1921 267 0.7714285714285714
1922 267 0.7714285714285714
1923 267 0.8333333333333334
1924 267 0.8333333333333334
1925 267 0.810126582278481
1926 267 0.810126582278481
1927 267 0.8378378378378379
1928 267 0.8378378378378379
1929 267 0.8101265822784809
1930 267 0.8101265822784809
1931 267 0.8571428571428571
1932 267 0.8571428571428571
1933 267 0.7848101265822784
1934 267 0.8571428571428571
1935 267 0.8571428571428571
1936 267 0.8311688311688312
1937 267 0.8311688311688312
1938 267 0.7945205479452055
1939 267 0.7945205479452055
1940 267 0.8000000000000002
1941 267 0.8000000000000002
1942 267 0.7733333333333333
1943 267 0.7733333333333333
1944 267 0.8533333333333333
1945 267 0.8533333333333333
1946 267 0.7837837837837837
1947 267 0.7837837837837837
1948 267 0.7887323943661971
1949 267 0.7887323943661971
1950 267 0.7605633802816902
1951 267 0.7605633802816902
1952 267 0.8219178082191781
1953 267 0.8219178082191781
1954 267 0.8378378378378377
1955 267 0.8648648648648648
1956 267 0.8648648648648648
1957 267 0.8571428571428571
1958 267 0.8571428571428571
1959 267 0.8405797101449276
1960 267 0.8405797101449276
1961 267 0.7826086956521738
1962 267 0.7826086956521738
1963 267 0.8695652173913043
1964 267 0.8695652173913043
1965 267 0.7878787878787877
1966 267 0.7878787878787877
1967 267 0.7837837837837837
1968 267 0.7837837837837837
1969 267 0.8285714285714286
1970 267 0.8285714285714286
1971 267 0.8157894736842105
1972 267 0.8157894736842105
1973 267 0.8450704225352113
1974 267 0.8450704225352113
1975 281 0.8421052631578948
1976 281 0.8333333333333334
1977 281 0.8333333333333334
1978 281 0.8148148148148148
1979 281 0.8148148148148148
1980 281 0.821917808219178
1981 281 0.821917808219178
1982 281 0.8
1983 281 0.8
1984 281 0.7999999999999999
1985 281 0.7999999999999999
1986 281 0.7948717948717948
1987 281 0.7948717948717948
1988 281 0.7567567567567567
1989 281 0.7567567567567567
1990 281 0.7894736842105262
1991 281 0.7894736842105262
1992 281 0.7777777777777778
1993 281 0.7777777777777778
1994 281 0.7948717948717948
1995 281 0.7948717948717948
1996 281 0.7894736842105262
1997 281 0.8108108108108109
1998 281 0.8108108108108109
1999 281 0.8378378378378378
2000 281 0.8378378378378378
2001 281 0.8354430379746834
2002 281 0.8354430379746834
2003 281 0.7951807228915662
2004 281 0.7951807228915662
2005 281 0.8045977011494253
2006 281 0.8045977011494253
2007 281 0.767123287671233
2008 281 0.767123287671233
2009 281 0.8354430379746834
2010 281 0.8354430379746834
2011 281 0.810810810810811
2012 281 0.810810810810811
2013 281 0.7222222222222221
2014 281 0.7222222222222221
2015 281 0.7428571428571429
2016 281 0.7428571428571429
2017 281 0.7887323943661971
2018 281 0.8125
2019 281 0.8125
2020 281 0.7647058823529411
2021 281 0.7647058823529411
2022 281 0.835820895522388
2023 281 0.835820895522388
2024 281 0.8181818181818181
2025 281 0.8181818181818181
2026 281 0.8421052631578947
2027 281 0.8421052631578947
2028 281 0.7848101265822784
2029 281 0.7999999999999999
2030 281 0.7792207792207791
2031 281 0.7792207792207791
2032 281 0.75
2033 281 0.7341772151898734
2034 281 0.7532467532467532
2035 281 0.7532467532467532
2036 281 0.763157894736842
2037 281 0.763157894736842
2038 294 0.7000000000000001
2039 294 0.7529411764705882
2040 294 0.7529411764705882
2041 294 0.6987951807228915
2042 294 0.6987951807228915
2043 294 0.8169014084507042
2044 294 0.8169014084507042
2045 294 0.7341772151898734
2046 294 0.7341772151898734
2047 294 0.7792207792207791
2048 294 0.7792207792207791
2049 294 0.7816091954022988
2050 294 0.7816091954022988
2051 294 0.8275862068965517
2052 294 0.8275862068965517
2053 294 0.7654320987654321
2054 294 0.7654320987654321
2055 294 0.7792207792207793
2056 294 0.7792207792207793
2057 294 0.8536585365853658
2058 294 0.8536585365853658
2059 294 0.8470588235294118
2060 294 0.8461538461538461
2061 294 0.8461538461538461
2062 294 0.8205128205128205
2063 294 0.8205128205128205
2064 294 0.7764705882352942
2065 294 0.7764705882352942
2066 294 0.813953488372093
2067 294 0.813953488372093
2068 294 0.8333333333333333
2069 294 0.8333333333333333
2070 294 0.8
2071 294 0.8
2072 294 0.761904761904762
2073 294 0.761904761904762
2074 294 0.7710843373493975
2075 294 0.7710843373493975
2076 294 0.8048780487804877
2077 294 0.8048780487804877
2078 294 0.8095238095238095
2079 294 0.8095238095238095
2080 294 0.7727272727272727
2081 294 0.7872340425531914
2082 294 0.7872340425531914
2083 294 0.8478260869565218
2084 294 0.8478260869565218
2085 294 0.7741935483870968
2086 294 0.7741935483870968
2087 294 0.746987951807229
2088 294 0.746987951807229
2089 294 0.8048780487804877
2090 294 0.8048780487804877
2091 294 0.7727272727272727
2092 294 0.7727272727272727
2093 294 0.7560975609756098
2094 294 0.7560975609756098
2095 294 0.7948717948717948
2096 294 0.7948717948717948
2097 294 0.7727272727272727
2098 294 0.7727272727272727
2099 294 0.8192771084337348
2100 294 0.8192771084337348
2101 294 0.8354430379746834
2102 294 0.8354430379746834
2103 294 0.8354430379746834
2104 294 0.8292682926829267
2105 294 0.8292682926829267
2106 294 0.860759493670886
2107 294 0.860759493670886
2108 294 0.7848101265822784
2109 294 0.7848101265822784
2110 294 0.8051948051948051
2111 294 0.8051948051948051
2112 294 0.7341772151898734
2113 294 0.7341772151898734
2114 294 0.8461538461538461
2115 294 0.8461538461538461
2116 294 0.8354430379746837
2117 294 0.8354430379746837
2118 294 0.8421052631578947
2119 294 0.8421052631578947
2120 294 0.8421052631578948
2121 294 0.8421052631578948
2122 285 0.8421052631578947
2123 285 0.8205128205128205
2124 285 0.8205128205128205
2125 285 0.775
2126 285 0.775
2127 285 0.8108108108108109
2128 285 0.8108108108108109
2129 285 0.7536231884057972
2130 285 0.7536231884057972
2131 285 0.8115942028985507
2132 285 0.8115942028985507
2133 285 0.8378378378378379
2134 285 0.8378378378378379
2135 285 0.75
2136 285 0.75
2137 285 0.7826086956521738
2138 285 0.7826086956521738
2139 285 0.8169014084507042
2140 285 0.8169014084507042
2141 285 0.8450704225352113
2142 285 0.8450704225352113
2143 285 0.7536231884057971
2144 285 0.8059701492537314
2145 285 0.8059701492537314
2146 285 0.7999999999999999
2147 285 0.7999999999999999
2148 285 0.8437500000000001
2149 285 0.8437500000000001
2150 285 0.8307692307692307
2151 285 0.8307692307692307
2152 285 0.7692307692307692
2153 285 0.7692307692307692
2154 285 0.7241379310344828
2155 285 0.7241379310344828
2156 285 0.75
2157 285 0.75
2158 285 0.6875000000000001
2159 285 0.6875000000000001
2160 285 0.7692307692307693
2161 285 0.7692307692307693
2162 285 0.7575757575757577
2163 285 0.7575757575757577
2164 285 0.7499999999999999
2165 285 0.7936507936507938
2166 285 0.7936507936507938
2167 285 0.7741935483870968
2168 285 0.7741935483870968
2169 285 0.7692307692307693
2170 285 0.7692307692307693
2171 285 0.8196721311475409
2172 285 0.8196721311475409
2173 285 0.7692307692307692
2174 285 0.7692307692307692
2175 285 0.7666666666666667
2176 285 0.7666666666666667
2177 285 0.7796610169491526
2178 285 0.7796610169491526
2179 285 0.8253968253968254
2180 285 0.8253968253968254
2181 285 0.7272727272727273
2182 285 0.7272727272727273
2183 285 0.8529411764705883
2184 285 0.8529411764705883
2185 298 0.7941176470588235
2186 298 0.823529411764706
2187 298 0.823529411764706
2188 298 0.7692307692307692
2189 298 0.7692307692307692
2190 298 0.8571428571428571
2191 298 0.8571428571428571
2192 298 0.835820895522388
2193 298 0.835820895522388
2194 298 0.787878787878788
2195 298 0.787878787878788
2196 298 0.823529411764706
2197 298 0.823529411764706
2198 298 0.8059701492537312
2199 298 0.8059701492537312
2200 298 0.7761194029850748
2201 298 0.7761194029850748
2202 298 0.7878787878787877
2203 298 0.7878787878787877
2204 298 0.8169014084507044
2205 298 0.8169014084507044
2206 298 0.7352941176470588
2207 298 0.8115942028985507
2208 298 0.8115942028985507
2209 298 0.8181818181818182
2210 298 0.8181818181818182
2211 298 0.7179487179487178
2212 298 0.7179487179487178
2213 298 0.8493150684931506
2214 298 0.8493150684931506
2215 298 0.8169014084507041
2216 298 0.8169014084507041
2217 298 0.8529411764705881
2218 298 0.8529411764705881
2219 298 0.8484848484848485
2220 298 0.8484848484848485
2221 298 0.8115942028985509
2222 298 0.8115942028985509
2223 298 0.8656716417910448
2224 298 0.8656716417910448
2225 298 0.8749999999999999
2226 298 0.8749999999999999
2227 298 0.84375
2228 298 0.870967741935484
2229 298 0.870967741935484
2230 298 0.8749999999999999
2231 298 0.8749999999999999
2232 298 0.7945205479452055
2233 298 0.7945205479452055
2234 298 0.7941176470588235
2235 298 0.7941176470588235
2236 298 0.8181818181818181
2237 298 0.8181818181818181
2238 298 0.8666666666666666
2239 298 0.8333333333333334
2240 298 0.7719298245614036
2241 298 0.7719298245614036
2242 298 0.8253968253968255
2243 298 0.8253968253968255
2244 298 0.8405797101449275
2245 298 0.787878787878788
2246 298 0.8125
2247 298 0.8125
2248 289 0.875
2249 289 0.8787878787878788
2250 289 0.8787878787878788
2251 289 0.7931034482758621
2252 289 0.7931034482758621
2253 289 0.806451612903226
2254 289 0.806451612903226
2255 289 0.8615384615384616
2256 289 0.8615384615384616
2257 289 0.8253968253968255
2258 289 0.8253968253968255
2259 289 0.7878787878787877
2260 289 0.7878787878787877
2261 289 0.8787878787878788
2262 289 0.8787878787878788
2263 289 0.8709677419354839
2264 289 0.8709677419354839
2265 289 0.8727272727272727
2266 289 0.8727272727272727
2267 289 0.7719298245614035
2268 289 0.7719298245614035
2269 289 0.8076923076923076
2270 289 0.8076923076923077
2271 289 0.8076923076923077
2272 289 0.7924528301886793
2273 289 0.7924528301886793
2274 289 0.8421052631578947
2275 289 0.8421052631578947
2276 289 0.7857142857142857
2277 289 0.7857142857142857
2278 289 0.7755102040816326
2279 289 0.7755102040816326
2280 289 0.7659574468085106
2281 289 0.7659574468085106
2282 289 0.7391304347826088
2283 289 0.7391304347826088
2284 289 0.7272727272727272
2285 289 0.7272727272727272
2286 289 0.8260869565217392
2287 289 0.8260869565217392
2288 289 0.7391304347826088
2289 289 0.7391304347826088
2290 289 0.851063829787234
2291 289 0.8936170212765958
2292 289 0.8936170212765958
2293 289 0.8181818181818181
2294 289 0.8181818181818181
2295 289 0.8636363636363636
2296 289 0.8636363636363636
2297 289 0.8260869565217391
2298 289 0.8260869565217391
2299 289 0.8363636363636364
2300 289 0.8363636363636364
2301 289 0.7843137254901961
2302 289 0.7843137254901961
2303 289 0.830188679245283
2304 289 0.830188679245283
2305 289 0.7500000000000001
2306 289 0.7500000000000001
2307 289 0.8085106382978724
2308 289 0.8085106382978724
2309 289 0.8510638297872342
2310 289 0.8510638297872342
2311 280 0.9166666666666666
2312 280 0.8936170212765958
2313 280 0.8936170212765958
2314 280 0.84
2315 280 0.84
2316 280 0.8571428571428572
2317 280 0.8571428571428572
2318 280 0.8095238095238095
2319 280 0.8095238095238095
2320 280 0.7894736842105263
2321 280 0.7894736842105263
2322 280 0.9
2323 280 0.9
2324 280 0.8292682926829269
2325 280 0.8292682926829269
2326 280 0.8095238095238095
2327 280 0.8095238095238095
2328 280 0.744186046511628
2329 280 0.744186046511628
2330 280 0.7999999999999999
2331 280 0.7999999999999999
2332 280 0.7692307692307693
2333 280 0.8421052631578947
2334 280 0.8421052631578947
2335 280 0.7826086956521738
2336 280 0.7826086956521738
2337 280 0.7804878048780488
2338 280 0.7804878048780488
2339 280 0.8648648648648648
2340 280 0.8648648648648648
2341 280 0.8571428571428571
2342 280 0.8571428571428571
2343 280 0.8333333333333334
2344 280 0.8333333333333334
2345 280 0.9
2346 280 0.9
2347 280 0.8571428571428571
2348 280 0.8571428571428571
2349 280 0.7878787878787878
2350 280 0.7878787878787878
2351 280 0.8421052631578948
2352 280 0.8421052631578948
2353 280 0.7567567567567567
2354 280 0.787878787878788
2355 280 0.787878787878788
2356 280 0.7692307692307693
2357 280 0.7692307692307693
2358 280 0.9142857142857143
2359 280 0.9142857142857143
2360 280 0.6842105263157894
2361 280 0.6842105263157894
2362 280 0.8333333333333333
2363 280 0.8333333333333333
2364 280 0.8372093023255814
2365 280 0.8372093023255814
2366 280 0.8
2367 280 0.8
2368 280 0.8205128205128205
2369 280 0.8205128205128205
2370 280 0.8235294117647058
2371 280 0.8484848484848485
2372 280 0.7500000000000001
2373 280 0.7500000000000001
2374 271 0.923076923076923
2375 271 0.8148148148148148
2376 271 0.8148148148148148
2377 271 0.8333333333333334
2378 271 0.8333333333333334
2379 271 0.8108108108108109
2380 271 0.8108108108108109
2381 271 0.7999999999999999
2382 271 0.7999999999999999
2383 271 0.8484848484848485
2384 271 0.8484848484848485
2385 271 0.8000000000000002
2386 271 0.8000000000000002
2387 271 0.7317073170731707
2388 271 0.7317073170731707
2389 271 0.8205128205128205
2390 271 0.8205128205128205
2391 271 0.8823529411764706
2392 271 0.8823529411764706
2393 271 0.8749999999999999
2394 271 0.8749999999999999
2395 271 0.8125
2396 271 0.8749999999999999
2397 271 0.8749999999999999
2398 271 0.8823529411764706
2399 271 0.8823529411764706
2400 271 0.972972972972973
2401 271 0.972972972972973
2402 271 0.8888888888888888
2403 271 0.8888888888888888
2404 271 0.75
2405 271 0.75
2406 271 0.7857142857142857
2407 271 0.7857142857142857
2408 271 0.8
2409 271 0.8
2410 271 0.875
2411 271 0.875
2412 271 0.8235294117647058
2413 271 0.8235294117647058
2414 271 0.8484848484848485
2415 271 0.8484848484848485
2416 271 0.7058823529411764
2417 271 0.7999999999999999
2418 271 0.7999999999999999
2419 271 0.8387096774193549
2420 271 0.8387096774193549
2421 271 0.8275862068965517
2422 271 0.8275862068965517
2423 271 0.7857142857142857
2424 271 0.7857142857142857
2425 271 0.9375
2426 271 0.9375
2427 271 0.8000000000000002
2428 271 0.8000000000000002
2429 271 0.9142857142857143
2430 271 0.9142857142857143
2431 271 0.896551724137931
2432 271 0.896551724137931
2433 271 0.7407407407407408
2434 271 0.7407407407407408
2435 271 0.7741935483870968
2436 271 0.7741935483870968
2437 285 0.7407407407407408
2438 285 0.7692307692307692
2439 285 0.7692307692307692
2440 285 0.846153846153846
2441 285 0.846153846153846
2442 285 0.9600000000000001
2443 285 0.9600000000000001
2444 285 0.8
2445 285 0.8
2446 285 0.7826086956521738
2447 285 0.7826086956521738
2448 285 0.8333333333333334
2449 285 0.8333333333333334
2450 285 0.8333333333333333
2451 285 0.8333333333333333
2452 285 0.888888888888889
2453 285 0.888888888888889
2454 285 0.923076923076923
2455 285 0.923076923076923
2456 285 1.0
2457 285 1.0
2458 285 0.8695652173913043
2459 285 0.9090909090909091
2460 285 0.9090909090909091
2461 285 0.9090909090909091
2462 285 0.9090909090909091
2463 285 0.88
2464 285 0.88
2465 285 0.888888888888889
2466 285 0.888888888888889
2467 285 0.9285714285714286
2468 285 0.9285714285714286
2469 285 0.8799999999999999
2470 285 0.8799999999999999
2471 285 0.846153846153846
2472 285 0.846153846153846
2473 285 0.7826086956521738
2474 285 0.7826086956521738
2475 285 0.9523809523809523
2476 285 0.9523809523809523
2477 285 0.9
2478 285 0.9
2479 285 0.8421052631578948
2480 285 0.8
2481 285 0.8
2482 285 0.9230769230769231
2483 285 0.9230769230769231
2484 285 0.9090909090909091
2485 285 0.9090909090909091
2486 285 0.9523809523809523
2487 285 0.9523809523809523
2488 285 0.9166666666666666
2489 285 0.9166666666666666
2490 285 0.7999999999999999
2491 285 0.7999999999999999
2492 285 0.6956521739130435
2493 285 0.8333333333333333
2494 285 0.8695652173913044
2495 285 0.8695652173913044
2496 285 0.75
2497 285 0.75
2498 285 0.6153846153846154
2499 285 0.6153846153846154
2500 285 0.7272727272727274
2501 285 0.7777777777777778
2502 285 0.7777777777777778
2503 285 0.8571428571428572
2504 285 0.8571428571428572
2505 285 0.7826086956521738
2506 285 0.7826086956521738
2507 285 0.9090909090909091
2508 285 0.9090909090909091
2509 285 0.8695652173913043
2510 285 0.8695652173913043
2511 285 0.8181818181818181
2512 285 0.8181818181818181
2513 285 0.8421052631578948
2514 285 0.8421052631578948
2515 285 0.6956521739130435
2516 285 0.6956521739130435
2517 285 0.8148148148148148
2518 285 0.8148148148148148
2519 285 0.9166666666666666
2520 285 0.9166666666666666
2521 298 0.9166666666666666
2522 298 0.9230769230769231
2523 298 0.9230769230769231
2524 298 0.7857142857142858
2525 298 0.7857142857142858
2526 298 0.888888888888889
2527 298 0.888888888888889
2528 298 0.8461538461538461
2529 298 0.8461538461538461
2530 298 0.846153846153846
2531 298 0.846153846153846
2532 298 0.8571428571428571
2533 298 0.8571428571428571
2534 298 0.8666666666666666
2535 298 0.8666666666666666
2536 298 0.9655172413793104
2537 298 0.9655172413793104
2538 298 0.7857142857142858
2539 298 0.7857142857142858
2540 298 0.8750000000000001
2541 298 0.8750000000000001
2542 298 0.888888888888889
2543 298 1.0
2544 298 1.0
2545 298 0.9285714285714286
2546 298 0.9285714285714286
2547 298 0.923076923076923
2548 298 0.923076923076923
2549 298 0.9285714285714286
2550 298 0.9285714285714286
2551 298 0.9285714285714286
2552 298 0.9285714285714286
2553 298 0.8750000000000001
2554 298 0.8750000000000001
2555 298 0.8823529411764706
2556 298 0.8823529411764706
2557 298 0.9696969696969697
2558 298 0.9696969696969697
2559 298 0.9090909090909091
2560 298 0.9090909090909091
2561 298 0.9444444444444444
2562 298 0.9444444444444444
2563 289 0.75
2564 289 0.8125
2565 289 0.8125
2566 289 0.7999999999999999
2567 289 0.7999999999999999
2568 289 0.8947368421052632
2569 289 0.8947368421052632
2570 289 0.8484848484848485
2571 289 0.8484848484848485
2572 289 0.8484848484848485
2573 289 0.8484848484848485
2574 289 0.9444444444444444
2575 289 0.9444444444444444
2576 289 0.8125
2577 289 0.8125
2578 289 0.8125000000000001
2579 289 0.8125000000000001
2580 289 0.8666666666666666
2581 289 0.8666666666666666
2582 289 0.8571428571428571
2583 289 0.8571428571428571
2584 289 0.875
2585 289 0.9032258064516129
2586 289 0.9032258064516129
2587 289 0.8421052631578947
2588 289 0.8421052631578947
2589 289 0.6486486486486486
2590 289 0.6486486486486486
2591 289 0.7741935483870969
2592 289 0.7741935483870969
2593 289 0.85
2594 289 0.85
2595 289 0.8421052631578947
2596 289 0.8421052631578947
2597 289 0.8947368421052632
2598 289 0.8947368421052632
2599 289 0.85
2600 289 0.85
2601 289 0.8372093023255814
2602 289 0.8372093023255814
2603 289 0.8235294117647058
2604 289 0.8235294117647058
2605 289 0.8333333333333334
2606 289 0.9473684210526316
2607 289 0.9473684210526316
2608 289 0.918918918918919
2609 289 0.918918918918919
2610 289 0.8205128205128205
2611 289 0.8205128205128205
2612 289 0.7777777777777777
2613 289 0.7777777777777777
2614 289 0.7894736842105262
2615 289 0.7894736842105262
2616 289 0.9142857142857143
2617 289 0.8888888888888888
2618 289 0.8571428571428571
2619 289 0.8571428571428571
2620 289 0.8095238095238095
2621 289 0.8095238095238095
2622 289 0.8
2623 289 0.8
2624 289 0.8387096774193549
2625 289 0.8387096774193549
2626 280 0.8484848484848485
2627 280 0.8749999999999999
2628 280 0.8749999999999999
2629 280 0.8387096774193549
2630 280 0.8387096774193549
2631 280 0.8
2632 280 0.8
2633 280 0.8125
2634 280 0.8125
2635 280 0.9333333333333333
2636 280 0.9333333333333333
2637 280 0.787878787878788
2638 280 0.787878787878788
2639 280 0.8275862068965517
2640 280 0.8275862068965517
2641 280 0.8571428571428571
2642 280 0.8571428571428571
2643 280 0.8275862068965517
2644 280 0.8275862068965517
2645 280 0.8148148148148148
2646 280 0.8148148148148148
2647 280 0.7586206896551724
2648 280 0.8571428571428571
2649 280 0.8571428571428571
2650 280 0.7407407407407406
2651 280 0.7407407407407406
2652 280 0.8
2653 280 0.8
2654 280 0.7741935483870968
2655 280 0.7741935483870968
2656 280 0.8571428571428571
2657 280 0.8571428571428571
2658 280 0.8000000000000002
2659 280 0.8000000000000002
2660 280 0.7407407407407408
2661 280 0.7407407407407408
2662 280 0.7272727272727272
2663 280 0.7272727272727272
2664 280 0.7428571428571429
2665 280 0.7428571428571429
2666 280 0.75
2667 280 0.75
2668 280 0.7692307692307692
2669 280 0.8
2670 280 0.8
2671 280 0.846153846153846
2672 280 0.846153846153846
2673 280 0.8799999999999999
2674 280 0.8799999999999999
2675 280 0.8571428571428571
2676 280 0.8571428571428571
2677 280 0.9032258064516129
2678 280 0.9032258064516129
2679 280 0.8
2680 280 0.8
2681 280 0.75
2682 280 0.75
2683 280 0.7200000000000001
2684 280 0.7200000000000001
2685 280 1.0
2686 280 1.0
2687 280 0.9166666666666666
2688 280 0.9166666666666666
2689 271 0.6896551724137931
2690 271 0.888888888888889
2691 271 0.888888888888889
2692 271 0.9166666666666666
2693 271 0.9166666666666666
2694 271 0.888888888888889
2695 271 0.888888888888889
2696 271 0.9166666666666666
2697 271 0.9166666666666666
2698 271 0.8695652173913043
2699 271 0.8695652173913043
2700 271 0.846153846153846
2701 271 0.846153846153846
2702 271 0.888888888888889
2703 271 0.888888888888889
2704 271 0.8275862068965517
2705 271 0.8275862068965517
2706 271 0.7741935483870968
2707 271 0.7741935483870968
2708 271 0.8275862068965517
2709 271 0.8275862068965517
2710 271 0.846153846153846
2711 271 0.8461538461538461
2712 271 0.8461538461538461
2713 271 0.8333333333333333
2714 271 0.8333333333333333
2715 271 0.88
2716 271 0.88
2717 271 0.896551724137931
2718 271 0.896551724137931
2719 271 0.896551724137931
2720 271 0.896551724137931
2721 271 0.9090909090909091
2722 271 0.9090909090909091
2723 271 0.9166666666666666
2724 271 0.9166666666666666
2725 271 0.962962962962963
2726 271 0.962962962962963
2727 271 0.8750000000000001
2728 271 0.8750000000000001
2729 271 0.888888888888889
2730 271 0.888888888888889
2731 271 0.888888888888889
2732 271 0.846153846153846
2733 271 0.846153846153846
2734 271 0.8275862068965517
2735 271 0.8275862068965517
2736 271 0.896551724137931
2737 271 0.896551724137931
2738 271 1.0
2739 271 1.0
2740 271 0.8666666666666667
2741 271 0.8666666666666667
2742 271 0.8666666666666666
2743 271 0.8666666666666666
2744 271 0.8125000000000001
2745 271 0.8125000000000001
2746 271 0.9375
2747 271 0.9375
2748 271 0.7692307692307693
2749 271 0.7692307692307693
2750 271 0.7741935483870968
2751 271 0.7741935483870968
2752 271 0.7272727272727272
2753 271 0.787878787878788
2754 271 0.787878787878788
2755 271 0.8125000000000001
2756 271 0.8125000000000001
2757 271 0.7567567567567567
2758 271 0.7567567567567567
2759 271 0.7999999999999999
2760 271 0.7999999999999999
2761 271 0.8648648648648648
2762 271 0.8648648648648648
2763 271 0.8947368421052632
2764 271 0.8947368421052632
2765 271 0.8372093023255814
2766 271 0.8372093023255814
2767 271 0.8421052631578947
2768 271 0.8421052631578947
2769 271 0.8780487804878048
2770 271 0.8780487804878048
2771 271 0.8333333333333333
2772 271 0.8333333333333333
2773 271 0.9743589743589743
2774 271 0.9142857142857143
2775 271 0.9142857142857143
2776 271 0.9189189189189189
2777 271 0.9189189189189189
2778 271 0.8095238095238095
2779 271 0.8095238095238095
2780 271 0.8717948717948718
2781 271 0.8717948717948718
2782 271 0.8387096774193548
2783 271 0.8387096774193548
2784 271 0.8823529411764706
2785 271 0.8823529411764706
2786 271 0.8275862068965517
2787 271 0.8275862068965517
2788 271 0.7647058823529412
2789 271 0.7647058823529412
2790 271 0.7272727272727272
2791 271 0.7272727272727272
2792 271 0.8888888888888888
2793 271 0.8888888888888888
2794 271 0.8823529411764706
2795 271 0.823529411764706
2796 271 0.823529411764706
2797 271 0.8484848484848484
2798 271 0.8484848484848484
2799 271 0.8275862068965517
2800 271 0.8275862068965517
2801 271 0.8
2802 271 0.8
2803 271 0.8235294117647058
2804 271 0.8235294117647058
2805 271 0.8947368421052632
2806 271 0.8947368421052632
2807 271 0.9411764705882353
2808 271 0.9411764705882353
2809 271 0.787878787878788
2810 271 0.787878787878788
2811 271 0.8235294117647058
2812 271 0.8235294117647058
2813 271 0.8387096774193549
2814 271 0.8387096774193549
2815 271 0.7142857142857143
2816 271 0.8333333333333333
2817 271 0.8333333333333333
2818 271 0.7333333333333334
2819 271 0.7333333333333334
2820 271 0.8461538461538461
2821 271 0.8461538461538461
2822 271 0.896551724137931
2823 271 0.896551724137931
2824 271 0.875
2825 271 0.875
2826 271 0.8484848484848484
2827 271 0.8484848484848484
2828 271 0.8125000000000001
2829 271 0.8125000000000001
2830 271 0.7741935483870968
2831 271 0.7741935483870968
2832 271 0.8148148148148148
2833 271 0.8148148148148148
2834 271 0.8666666666666666
2835 271 0.8666666666666666
2836 271 0.8125000000000001
2837 271 0.9032258064516129
2838 271 0.9032258064516129
2839 271 0.9285714285714286
2840 271 0.9285714285714286
2841 271 0.962962962962963
2842 271 0.962962962962963
2843 271 0.7333333333333333
2844 271 0.7333333333333333
2845 271 0.896551724137931
2846 271 0.896551724137931
2847 271 0.9333333333333333
2848 271 0.9333333333333333
2849 271 0.896551724137931
2850 271 0.896551724137931
2851 271 0.7428571428571428
2852 271 0.7428571428571428
2853 271 0.7027027027027027
2854 271 0.7027027027027027
2855 271 0.9230769230769231
2856 271 0.9230769230769231
2857 271 0.8125
2858 271 0.8108108108108109
2859 271 0.8108108108108109
2860 271 0.7878787878787878
2861 271 0.7878787878787878
2862 271 0.9333333333333333
2863 271 0.9333333333333333
2864 271 0.742857142857143
2865 271 0.742857142857143
2866 271 0.8823529411764706
2867 271 0.8823529411764706
2868 271 0.8571428571428571
2869 271 0.8571428571428571
2870 271 0.8125000000000001
2871 271 0.8125000000000001
2872 271 0.7333333333333334
2873 271 0.7333333333333334
2874 271 0.7586206896551725
2875 271 0.7586206896551725
2876 271 0.7777777777777778
2877 271 0.7777777777777778
2878 271 0.967741935483871
2879 271 0.9473684210526315
2880 271 0.9473684210526315
2881 271 0.9411764705882353
2882 271 0.9411764705882353
2883 271 0.9142857142857143
2884 271 0.9142857142857143
2885 271 0.8666666666666666
2886 271 0.8666666666666666
2887 271 0.9333333333333333
2888 271 0.9333333333333333
2889 271 0.8749999999999999
2890 271 0.8749999999999999
2891 271 0.9032258064516129
2892 271 0.9032258064516129
2893 271 0.896551724137931
2894 271 0.896551724137931
2895 271 0.9333333333333333
2896 271 0.9333333333333333
2897 271 0.962962962962963
2898 271 0.962962962962963
2899 271 0.896551724137931
2900 271 0.9333333333333333
2901 271 0.9333333333333333
2902 271 0.967741935483871
2903 271 0.967741935483871
2904 271 1.0
2905 271 1.0
2906 271 0.9032258064516129
2907 271 0.9032258064516129
2908 271 0.9333333333333333
2909 271 0.9333333333333333
2910 271 0.9696969696969697
2911 271 0.9696969696969697
2912 271 0.8666666666666666
2913 271 0.8666666666666666
2914 271 0.8749999999999999
2915 271 0.8749999999999999
2916 271 0.787878787878788
2917 271 0.787878787878788
2918 271 0.9473684210526316
2919 271 0.9473684210526316
2920 271 0.9473684210526316
2921 271 0.8571428571428571
2922 271 0.8571428571428571
2923 271 0.9142857142857143
2924 271 0.9142857142857143
2925 271 0.8421052631578948
2926 271 0.8421052631578948
2927 271 0.8421052631578947
2928 271 0.8421052631578947
2929 271 0.9500000000000001
2930 271 0.9500000000000001
2931 271 0.9302325581395349
2932 271 0.9302325581395349
2933 271 0.8571428571428571
2934 271 0.8571428571428571
2935 271 0.8108108108108109
2936 271 0.8108108108108109
2937 271 0.8648648648648649
2938 271 0.8648648648648649
2939 271 0.8500000000000001
2940 271 0.8500000000000001
2941 271 0.8421052631578947
2942 271 0.8205128205128205
2943 271 0.8205128205128205
2944 271 0.7777777777777778
2945 271 0.7777777777777778
2946 271 0.9090909090909091
2947 271 0.9090909090909091
2948 271 0.7692307692307693
2949 271 0.7692307692307693
2950 271 0.8
2951 271 0.8
2952 271 0.9444444444444444
2953 271 0.9444444444444444
2954 271 0.7999999999999999
2955 271 0.7999999999999999
2956 271 0.8947368421052632
2957 271 0.8947368421052632
2958 271 0.8947368421052632
2959 271 0.8947368421052632
2960 271 0.7894736842105262
2961 271 0.7894736842105262
2962 271 0.7727272727272727
2963 271 0.7346938775510204
2964 271 0.7346938775510204
2965 271 0.8095238095238095
2966 271 0.8095238095238095
2967 271 0.8260869565217391
2968 271 0.8260869565217391
2969 271 0.8510638297872342
2970 271 0.8510638297872342
2971 271 0.9268292682926829
2972 271 0.9268292682926829
2973 271 0.9743589743589743
2974 271 0.9743589743589743
2975 271 0.8780487804878048
2976 271 0.8780487804878048
2977 271 0.8292682926829269
2978 271 0.8292682926829269
2979 271 0.8085106382978724
2980 271 0.8085106382978724
2981 271 0.8947368421052632
2982 271 0.8947368421052632
2983 271 0.8749999999999999
2984 271 0.823529411764706
2985 271 0.823529411764706
2986 271 0.7999999999999999
2987 271 0.7999999999999999
2988 271 0.896551724137931
2989 271 0.896551724137931
2990 271 0.8750000000000001
2991 271 0.8750000000000001
2992 271 0.875
2993 271 0.875
2994 271 0.8571428571428572
2995 271 0.8571428571428572
2996 271 0.8571428571428571
2997 271 0.8571428571428571
2998 271 0.8888888888888888
2999 271 0.8888888888888888
3000 271 0.7368421052631579
3001 271 0.7368421052631579
3002 271 0.7647058823529412
3003 271 0.7647058823529412
3004 271 0.8235294117647058
3005 271 0.8387096774193548
3006 271 0.8387096774193548
3007 271 0.8484848484848485
3008 271 0.8484848484848485
3009 271 0.8
3010 271 0.8
3011 271 0.888888888888889
3012 271 0.888888888888889
3013 271 0.846153846153846
3014 271 0.846153846153846
3015 271 0.7741935483870968
3016 271 0.7741935483870968
3017 271 0.8275862068965517
3018 271 0.8275862068965517
3019 271 0.7407407407407408
3020 271 0.7407407407407408
3021 271 0.8275862068965517
3022 271 0.8275862068965517
3023 271 0.896551724137931
3024 271 0.896551724137931
3025 271 0.7407407407407406
3026 271 0.8148148148148148
3027 271 0.8148148148148148
3028 271 0.896551724137931
3029 271 0.896551724137931
3030 271 0.8666666666666666
3031 271 0.8666666666666666
3032 271 0.7142857142857143
3033 271 0.7142857142857143
3034 271 0.8
3035 271 0.8
3036 271 0.88
3037 271 0.88
3038 271 0.8799999999999999
3039 271 0.8799999999999999
3040 271 0.7826086956521738
3041 271 0.7826086956521738
3042 271 0.8333333333333333
3043 271 0.8333333333333333
3044 271 0.7741935483870969
3045 271 0.7741935483870969
3046 271 0.6666666666666666
3047 271 0.7857142857142856
3048 271 0.7857142857142856
3049 271 0.8275862068965518
3050 271 0.8275862068965518
3051 271 0.888888888888889
3052 271 0.888888888888889
3053 271 0.8695652173913044
3054 271 0.8695652173913044
3055 271 0.888888888888889
3056 271 0.888888888888889
3057 271 0.6666666666666666
3058 271 0.6666666666666666
3059 271 0.8571428571428571
3060 271 0.8571428571428571
3061 271 0.8333333333333334
3062 271 0.8333333333333334
3063 271 0.8571428571428571
3064 271 0.8571428571428571
3065 271 0.8125000000000001
3066 271 0.8125000000000001
3067 271 0.9090909090909091
3068 271 0.7999999999999999
3069 271 0.7999999999999999
3070 271 0.888888888888889
3071 271 0.888888888888889
3072 271 0.8484848484848485
3073 271 0.8484848484848485
3074 271 0.8666666666666667
3075 271 0.8666666666666667
3076 271 0.962962962962963
3077 271 0.962962962962963
3078 271 0.9090909090909091
3079 271 0.9090909090909091
3080 271 0.8750000000000001
3081 271 0.8750000000000001
3082 271 0.7647058823529413
3083 271 0.7647058823529413
3084 271 0.8666666666666667
3085 271 0.8666666666666667
3086 271 0.9285714285714286
3087 271 0.9285714285714286
3088 271 0.8750000000000001
3089 271 0.9714285714285714
3090 271 0.9714285714285714
3091 271 0.7999999999999999
3092 271 0.7999999999999999
3093 271 0.9285714285714286
3094 271 0.9285714285714286
3095 271 0.8
3096 271 0.8
3097 271 0.8749999999999999
3098 271 0.8749999999999999
3099 271 0.8148148148148148
3100 271 0.8148148148148148
3101 271 0.8461538461538461
3102 271 0.8461538461538461
3103 271 0.8275862068965517
3104 271 0.8275862068965517
3105 271 0.9166666666666666
3106 271 0.9166666666666666
3107 271 0.8275862068965517
3108 271 0.8275862068965517
3109 271 0.8387096774193548
3110 271 0.8387096774193548
3111 271 0.8387096774193548
3112 271 0.8571428571428571
3113 271 0.8571428571428571
3114 271 0.9166666666666666
3115 271 0.9166666666666666
3116 271 0.8148148148148148
3117 271 0.8148148148148148
3118 271 0.9565217391304348
3119 271 0.9565217391304348
3120 271 0.8
3121 271 0.8
3122 271 0.8461538461538461
3123 271 0.8461538461538461
3124 271 0.8275862068965517
3125 271 0.8275862068965517
3126 271 0.9166666666666666
3127 271 0.9166666666666666
3128 271 0.8695652173913044
3129 271 0.8695652173913044
3130 271 0.88
3131 271 0.9166666666666666
3132 271 0.9166666666666666
3133 271 0.8333333333333333
3134 271 0.8333333333333333
3135 271 0.7857142857142857
3136 271 0.7857142857142857
3137 271 0.8235294117647058
3138 271 0.8235294117647058
3139 271 0.9655172413793104
3140 271 0.9655172413793104
3141 271 0.9032258064516129
3142 271 0.9032258064516129
3143 271 0.8148148148148148
3144 271 0.8148148148148148
3145 271 0.9166666666666666
3146 271 0.9166666666666666
3147 271 0.8148148148148148
3148 271 0.8148148148148148
3149 271 0.8148148148148148
3150 271 0.8148148148148148
3151 271 0.8
3152 271 0.8000000000000002
3153 271 0.8000000000000002
3154 271 0.8666666666666666
3155 271 0.8666666666666666
3156 271 0.9375
3157 271 0.9375
3158 271 0.9655172413793104
3159 271 0.9655172413793104
3160 271 0.9696969696969697
3161 271 0.9696969696969697
3162 271 0.9090909090909091
3163 271 0.9090909090909091
3164 271 0.8387096774193549
3165 271 0.8387096774193549
3166 271 0.8108108108108109
3167 271 0.8108108108108109
3168 271 0.9411764705882353
3169 271 0.9411764705882353
3170 271 0.9473684210526316
3171 271 0.9473684210526316
3172 271 0.8125
3173 271 0.8421052631578948
3174 271 0.8421052631578948
3175 271 0.8749999999999999
3176 271 0.8749999999999999
3177 271 0.8823529411764706
3178 271 0.8823529411764706
3179 271 0.9444444444444444
3180 271 0.9444444444444444
3181 271 0.8749999999999999
3182 271 0.8749999999999999
3183 271 0.9032258064516129
3184 271 0.9032258064516129
3185 271 0.8666666666666666
3186 271 0.8666666666666666
3187 271 0.8666666666666666
3188 271 0.8666666666666666
3189 271 0.7857142857142857
3190 271 0.7857142857142857
3191 271 0.896551724137931
3192 271 0.896551724137931
3193 271 0.8125
3194 271 0.8125
3195 271 0.8125
3196 271 0.8666666666666666
3197 271 0.8666666666666666
3198 271 0.8333333333333333
3199 271 0.8333333333333333
3200 271 0.8421052631578948
3201 271 0.8421052631578948
3202 271 0.8947368421052632
3203 271 0.8947368421052632
3204 271 0.8571428571428571
3205 271 0.8571428571428571
3206 271 0.8444444444444444
3207 271 0.8444444444444444
3208 271 0.888888888888889
3209 271 0.888888888888889
3210 271 0.9047619047619048
3211 271 0.9047619047619048
3212 271 0.8837209302325583
3213 271 0.8837209302325583
3214 271 0.8717948717948718
3215 271 0.8717948717948718
3216 271 0.8717948717948718
