0.21562853455543518 0.26040515303611755 0.2872724235057831 0.3005935251712799
0.42221468687057495 0.1652286946773529 0.5677081942558289 0.2489558756351471
0.3540862500667572 0.4474780261516571 0.4617365896701813 0.49950507283210754
0.4290010333061218 0.28861671686172485 0.5802919268608093 0.35760700702667236
0.13466998934745789 0.2083948850631714 0.18785181641578674 0.2562268376350403
0.24229565262794495 0.42217665910720825 0.3160628378391266 0.46648311614990234
0.20638389885425568 0.33236151933670044 0.28034311532974243 0.36722421646118164
0.08771299570798874 0.278971403837204 0.13365429639816284 0.3037305772304535
0.18245193362236023 0.4048551917076111 0.24426546692848206 0.441196084022522
0.006363630294799805 0.035013288259506226 0.8858449459075928 0.9015291929244995
0.09814411401748657 0.3739129602909088 0.1354338675737381 0.39849719405174255
0.11165111511945724 0.3827736973762512 0.1474268138408661 0.4103032946586609
0.03877002000808716 0.3138321042060852 0.0684853196144104 0.3333926200866699
0.12771041691303253 0.39174318313598633 0.1925986260175705 0.4313330054283142
0.05843157321214676 0.3591465950012207 0.09123144298791885 0.383169949054718
0.13997846841812134 0.2246789187192917 0.18699809908866882 0.2554062008857727
0.07632127404212952 0.31994491815567017 0.17917406558990479 0.3573552966117859
0.0742136687040329 0.20584461092948914 0.1108744889497757 0.21459800004959106
0.4266485571861267 0.1646573394536972 0.5682995319366455 0.24835975468158722
0.037104323506355286 0.2796666622161865 0.08091189712285995 0.300062358379364
0.12815190851688385 0.3922571539878845 0.19324879348278046 0.4311125874519348
0.02182391844689846 0.28211095929145813 0.04989892989397049 0.30094674229621887
0.11556054651737213 0.3233317732810974 0.1809055656194687 0.3583153486251831
0.007911592721939087 0.13647541403770447 0.34618520736694336 0.4840359389781952
0.07632127404212952 0.31994491815567017 0.17917406558990479 0.3573552966117859
0.1818963587284088 0.40505602955818176 0.24408665299415588 0.4407391846179962
0.08895878493785858 0.3665969669818878 0.11879889667034149 0.3933880627155304
0.24229565262794495 0.42217665910720825 0.3160628378391266 0.46648311614990234
0.058319903910160065 0.35918501019477844 0.0914061889052391 0.38371172547340393
