0.5894826650619507 0.04246453195810318 0.8249590396881104 0.17698407173156738
0.27796411514282227 0.23423640429973602 0.35597318410873413 0.28351107239723206
0.27803224325180054 0.3146401047706604 0.3868523836135864 0.3647363781929016
0.17273060977458954 0.32881584763526917 0.235962375998497 0.3621654808521271
0.13135233521461487 0.20899400115013123 0.18915334343910217 0.25576576590538025
0.5075991153717041 0.25811123847961426 0.7278764247894287 0.3501380681991577
0.08820777386426926 0.2784523367881775 0.1225266233086586 0.3016844391822815
0.5243396759033203 0.4751986563205719 0.7283695936203003 0.5504255890846252
0.10921785980463028 0.32972031831741333 0.15122051537036896 0.35447919368743896
0.2800596058368683 0.44233983755111694 0.4376526176929474 0.5094106197357178
0.2154938131570816 0.4145004153251648 0.2773098945617676 0.4505379796028137
0.27065807580947876 0.23998063802719116 0.33625930547714233 0.2873586416244507
0.2780919075012207 0.44180893898010254 0.43870431184768677 0.5100688934326172
0.5086060166358948 0.2582436203956604 0.7290478348731995 0.34974896907806396
0.2122812271118164 0.15189123153686523 0.26895877718925476 0.16621842980384827
0.10804407298564911 0.3837713301181793 0.17056973278522491 0.4187874495983124
0.09261483699083328 0.37446609139442444 0.1184629574418068 0.4010356366634369
0.27643322944641113 0.4416372776031494 0.43958932161331177 0.5109599232673645
0.26165980100631714 0.42858272790908813 0.32835960388183594 0.46152549982070923
0.049266837537288666 0.27968183159828186 0.07684759050607681 0.30032142996788025
0.03214628994464874 0.3117077350616455 0.10590265691280365 0.3439832925796509
0.16405341029167175 0.40005189180374146 0.22562691569328308 0.4328088164329529
0.0320129357278347 0.31134170293807983 0.10623754560947418 0.3434417247772217
0.011338084936141968 0.06102490425109863 0.7758382558822632 0.8072986602783203
0.3182292580604553 0.3148026764392853 0.3919185996055603 0.3631652295589447
0.16816644370555878 0.1603376269340515 0.2134273499250412 0.1720341444015503
0.07986976206302643 0.3664279580116272 0.1128246933221817 0.3899495601654053
0.08793099224567413 0.37064704298973083 0.11345633864402771 0.3998098075389862
0.03985718637704849 0.35183146595954895 0.0697699710726738 0.3740507662296295
0.01501375436782837 0.10574363172054291 0.40731993317604065 0.4981767535209656
0.16410572826862335 0.40016958117485046 0.22539983689785004 0.4334946572780609
0.20399001240730286 0.13170258700847626 0.25026386976242065 0.14467208087444305
0.06300181150436401 0.35839614272117615 0.09346328675746918 0.3831072151660919
0.09347991645336151 0.3765454888343811 0.1350397765636444 0.401162326335907
0.23478341102600098 0.4179164469242096 0.27769237756729126 0.4493696391582489
0.27550601959228516 0.3170260787010193 0.3429145812988281 0.36348462104797363
0.10847505927085876 0.38378244638442993 0.1706703007221222 0.4190053343772888
0.01647365093231201 0.07960650324821472 0.6175262331962585 0.5728394985198975
0.26062631607055664 0.42850473523139954 0.33849602937698364 0.4656970798969269
0.006846368312835693 0.21627040207386017 0.18232163786888123 0.40067237615585327
