0.4225645065307617 0.164127379655838 0.5747917890548706 0.25063198804855347
0.3255927562713623 0.3091347813606262 0.4235970973968506 0.35859817266464233
0.25611820816993713 0.25003233551979065 0.33350297808647156 0.2951456606388092
0.12924502789974213 0.22312398254871368 0.18710772693157196 0.25483444333076477
0.37556904554367065 0.45533517003059387 0.49414926767349243 0.5060380101203918
0.11305094510316849 0.32530930638313293 0.15557943284511566 0.35227546095848083
0.6668758392333984 0.4460424482822418 0.9116135835647583 0.5294139385223389
0.06537079066038132 0.31990575790405273 0.09945497661828995 0.34399986267089844
0.14342771470546722 0.2714478671550751 0.21966074407100677 0.30588480830192566
0.11991564929485321 0.37742331624031067 0.16848032176494598 0.4090608060359955
0.17741821706295013 0.3280095160007477 0.25498145818710327 0.36196014285087585
0.08282138407230377 0.36742904782295227 0.12099526822566986 0.3918256461620331
0.4797583520412445 0.46060848236083984 0.6402201652526855 0.5257284045219421
0.18005326390266418 0.4049605131149292 0.24247139692306519 0.4444323778152466
0.01316078007221222 0.3401223123073578 0.045094944536685944 0.35837623476982117
0.26364919543266296 0.4411257803440094 0.3733060657978058 0.49809858202934265
0.016895711421966553 0.03967401385307312 0.8670293092727661 0.8806579113006592
0.2176322340965271 0.4267755150794983 0.31159865856170654 0.47258061170578003
0.2176322340965271 0.4267755150794983 0.31159865856170654 0.47258061170578003
0.263013631105423 0.4409956634044647 0.372873455286026 0.4977193772792816
0.48067665100097656 0.4609583616256714 0.6399303674697876 0.5250064134597778
0.12575308978557587 0.18817254900932312 0.1664026528596878 0.19768884778022766
0.17741821706295013 0.3280095160007477 0.25498145818710327 0.36196014285087585
0.12914589047431946 0.24868667125701904 0.17234814167022705 0.2633378505706787
0.7406056523323059 0.725663959980011 1.0 0.8552290797233582
0.6669281125068665 0.4451753497123718 0.9136894345283508 0.5314732193946838
0.48067665100097656 0.4609583616256714 0.6399303674697876 0.5250064134597778
0.01191595196723938 0.07534229755401611 0.6786513328552246 0.6159143447875977
