0.3604018986225128 0.1885603666305542 0.4792679250240326 0.260039746761322
0.19168032705783844 0.3287345767021179 0.2605486512184143 0.364474892616272
0.10683903843164444 0.2766474485397339 0.14628645777702332 0.3022732734680176
0.1285979002714157 0.21935363113880157 0.18858830630779266 0.2553999722003937
0.28915518522262573 0.4443546235561371 0.4520871639251709 0.5116757154464722
0.6287819743156433 0.20606932044029236 0.925248920917511 0.326752632856369
0.3321683406829834 0.3065569996833801 0.44074082374572754 0.36178523302078247
0.1152372881770134 0.3301352858543396 0.1610603928565979 0.3563094735145569
0.2135067582130432 0.4139360785484314 0.28161102533340454 0.45092183351516724
0.31695419549942017 0.3080156147480011 0.4003069996833801 0.36175456643104553
0.5974485874176025 0.4747110605239868 0.8496673107147217 0.5560574531555176
0.28958410024642944 0.44400113821029663 0.4529052972793579 0.5116725564002991
0.059652410447597504 0.27848783135414124 0.09200441092252731 0.30068638920783997
0.0809154361486435 0.36729344725608826 0.11584214866161346 0.39002886414527893
0.2056104987859726 0.15474238991737366 0.26454558968544006 0.1691010296344757
0.04349168390035629 0.3539257347583771 0.07525207102298737 0.37512609362602234
0.1677536815404892 0.4015149176120758 0.22842852771282196 0.4333854615688324
0.6320130825042725 0.20534726977348328 0.924114465713501 0.3274137079715729
0.5974485874176025 0.4747110605239868 0.8496673107147217 0.5560574531555176
0.11202029883861542 0.3854888081550598 0.1735406368970871 0.42062634229660034
0.1631447672843933 0.16171260178089142 0.20802786946296692 0.17301882803440094
0.2634865343570709 0.4300408363342285 0.3454364240169525 0.4662827253341675
0.11209550499916077 0.38524290919303894 0.17525222897529602 0.42060586810112
0.034891657531261444 0.3128538131713867 0.11232910305261612 0.3452058434486389
0.08923441916704178 0.3725319802761078 0.11841285973787308 0.4004640281200409
0.09780406206846237 0.3772321045398712 0.13125231862068176 0.4034947454929352
0.014842003583908081 0.13026916980743408 0.42958611249923706 0.49732255935668945
0.03456917032599449 0.31256863474845886 0.11509943008422852 0.3442624509334564
0.2640396058559418 0.42910945415496826 0.3456510603427887 0.4653851389884949
0.1677536815404892 0.4015149176120758 0.22842852771282196 0.4333854615688324
0.006926417350769043 0.02274799346923828 0.9170008301734924 0.8694874048233032
0.02728666178882122 0.30356281995773315 0.06560619920492172 0.32752078771591187
0.2634601593017578 0.4296441674232483 0.34613215923309326 0.4661099314689636
0.2858666181564331 0.4452418386936188 0.4515482783317566 0.5121368765830994
0.06758379936218262 0.35887598991394043 0.09828896820545197 0.3823074698448181
0.37902185320854187 0.3078657388687134 0.4470394551753998 0.3582630753517151
0.013311658054590225 0.3036606013774872 0.03869512677192688 0.3287107050418854
0.035657066851854324 0.30340442061424255 0.06624923646450043 0.32120850682258606
0.00677064061164856 0.2169763147830963 0.1825929880142212 0.4011782705783844
