0.13000471889972687 0.21302025020122528 0.187996968626976 0.2587577700614929
0.39766615629196167 0.4557878077030182 0.5294118523597717 0.5107250809669495
0.2101718783378601 0.3189706802368164 0.28089234232902527 0.35800009965896606
0.3790360391139984 0.29172375798225403 0.49899813532829285 0.3538570702075958
0.06539465487003326 0.35930100083351135 0.10504564642906189 0.3818719685077667
0.18873557448387146 0.4103218913078308 0.2541799545288086 0.4486759901046753
0.15650051832199097 0.39250215888023376 0.214921772480011 0.4302450716495514
0.2726854085922241 0.4443175494670868 0.38945597410202026 0.5015018582344055
0.02980101853609085 0.3464246988296509 0.06752162426710129 0.367670476436615
0.12679016590118408 0.38482600450515747 0.17282268404960632 0.41208547353744507
0.22846047580242157 0.4318416118621826 0.32436931133270264 0.47787219285964966
0.0250091552734375 0.31019169092178345 0.060761794447898865 0.3331214189529419
0.2722448408603668 0.4441157579421997 0.3895591199398041 0.501044511795044
0.01160171627998352 0.013496607542037964 0.9796054363250732 0.9172669649124146
0.25638267397880554 0.43960440158843994 0.3613962233066559 0.49211061000823975
0.22887632250785828 0.4314204156398773 0.32376745343208313 0.4774804413318634
0.1088346615433693 0.19373898208141327 0.1482170820236206 0.20388783514499664
0.017361467704176903 0.3095429539680481 0.0598297193646431 0.3333355784416199
0.012551892548799515 0.33681926131248474 0.045888181775808334 0.3580147922039032
