0.2549059987068176 0.24860833585262299 0.33381587266921997 0.2951488494873047
0.4947117269039154 0.2683044970035553 0.6653994917869568 0.3429965078830719
0.25473538041114807 0.42521923780441284 0.3337753713130951 0.4693782329559326
0.5322540402412415 0.09653536975383759 0.730400025844574 0.21013955771923065
0.37704384326934814 0.449823796749115 0.4916715621948242 0.5038667917251587
0.22732912003993988 0.33065879344940186 0.30615246295928955 0.367819607257843
0.13347166776657104 0.22168099880218506 0.18777528405189514 0.25512954592704773
0.1020897701382637 0.27864721417427063 0.14937454462051392 0.3062296211719513
0.18649539351463318 0.4072740375995636 0.24935561418533325 0.4435103237628937
0.002287924289703369 0.06716081500053406 0.9340343475341797 0.9165679216384888
0.1115664690732956 0.3824284076690674 0.1451176553964615 0.4107277989387512
0.12995578348636627 0.39229512214660645 0.19260622560977936 0.4316914677619934
0.1296820491552353 0.39213332533836365 0.19329549372196198 0.4319182336330414
0.10031159222126007 0.3744019865989685 0.13631460070610046 0.3998793363571167
0.05939633771777153 0.35924774408340454 0.09108532965183258 0.3836093544960022
0.04489490017294884 0.31493037939071655 0.07255866378545761 0.333252489566803
0.029272152110934258 0.2815192937850952 0.061765044927597046 0.30131077766418457
0.5318083763122559 0.09721148014068604 0.7301676273345947 0.2107190191745758
0.11324962973594666 0.32222798466682434 0.1952369511127472 0.35963597893714905
0.10707153379917145 0.3787152171134949 0.13809676468372345 0.4087308645248413
0.07432589679956436 0.2059595137834549 0.10932733863592148 0.21432743966579437
0.1340445727109909 0.20424935221672058 0.19620133936405182 0.25475963950157166
0.37698325514793396 0.44979986548423767 0.49211856722831726 0.5039629936218262
0.07250859588384628 0.28167524933815 0.09399867802858353 0.29812291264533997
0.08795177936553955 0.36593490839004517 0.11779889464378357 0.39294588565826416
0.11324962973594666 0.32222798466682434 0.1952369511127472 0.35963597893714905
0.04365970939397812 0.28065213561058044 0.07332051545381546 0.29928824305534363
0.1735745221376419 0.16827860474586487 0.22543279826641083 0.18036261200904846
0.4947117269039154 0.2683044970035553 0.6653994917869568 0.3429965078830719
