0.4149985909461975 0.15845529735088348 0.5694247484207153 0.24711953103542328
0.4784080386161804 0.47090402245521545 0.6575517058372498 0.5426844954490662
0.2096448540687561 0.2593047618865967 0.2757146954536438 0.29849112033843994
0.7396643161773682 0.15068255364894867 0.9972209930419922 0.29099076986312866
0.13081219792366028 0.20778340101242065 0.18885883688926697 0.2568510174751282
0.20968636870384216 0.4122428297996521 0.27376312017440796 0.44940078258514404
0.4252820312976837 0.2891055643558502 0.6030109524726868 0.36131325364112854
0.10314792394638062 0.3277758061885834 0.14359214901924133 0.3526935875415802
0.15573839843273163 0.32892167568206787 0.21386294066905975 0.36018919944763184
0.2682502865791321 0.44060593843460083 0.4314119219779968 0.5094770193099976
0.10385910421609879 0.3809211850166321 0.16340138018131256 0.4150335192680359
0.16300532221794128 0.39713406562805176 0.2204798460006714 0.43053925037384033
0.25778067111968994 0.4281710386276245 0.3281729817390442 0.46000057458877563
0.27866649627685547 0.32328000664711 0.3473283052444458 0.36522552371025085
0.24455828964710236 0.3235899806022644 0.3060394823551178 0.36482709646224976
0.07352660596370697 0.2790534198284149 0.1023339033126831 0.30110958218574524
0.2682502865791321 0.44060593843460083 0.4314119219779968 0.5094770193099976
0.08669370412826538 0.37511807680130005 0.11192257702350616 0.3985150456428528
0.013447999954223633 0.05257934331893921 0.7853526473045349 0.8653220534324646
0.0719887912273407 0.3644331991672516 0.10709609091281891 0.385310560464859
0.42415666580200195 0.28884297609329224 0.5967286825180054 0.35919201374053955
0.2712688446044922 0.44081711769104004 0.43246781826019287 0.5098541378974915
0.035566434264183044 0.28172749280929565 0.06277332454919815 0.3006895184516907
0.027521155774593353 0.3117589056491852 0.10314365476369858 0.3427271544933319
0.21881535649299622 0.1481180340051651 0.27843424677848816 0.16369761526584625
0.20586371421813965 0.2665674090385437 0.25898295640945435 0.3012358546257019
0.014621764421463013 0.11961239576339722 0.37385791540145874 0.4971415400505066
0.17593088746070862 0.15937863290309906 0.21817252039909363 0.17000435292720795
0.16331839561462402 0.3964481055736542 0.2208147644996643 0.43007567524909973
0.7375320196151733 0.14763948321342468 1.0 0.29256099462509155
0.7375320196151733 0.14763948321342468 1.0 0.29256099462509155
0.03248114138841629 0.34977635741233826 0.06524454057216644 0.37171855568885803
0.05006357282400131 0.3535522520542145 0.08538893610239029 0.3760134279727936
0.10385910421609879 0.3809211850166321 0.16340138018131256 0.4150335192680359
0.07863229513168335 0.3679305911064148 0.10852046310901642 0.3926877975463867
0.029603272676467896 0.31284403800964355 0.10691109299659729 0.3432309031486511
0.25895941257476807 0.42817485332489014 0.3335593342781067 0.45937490463256836
0.0 0.2892543375492096 0.03312397748231888 0.3143579065799713
0.05679953470826149 0.35879993438720703 0.08750230073928833 0.38138294219970703
0.08277107775211334 0.22645580768585205 0.11793734133243561 0.24890166521072388
0.031109029427170753 0.273547500371933 0.062464796006679535 0.2995058596134186
