0.4820983111858368 0.24151380360126495 0.705229640007019 0.3348492681980133
0.16860058903694153 0.27113816142082214 0.22685617208480835 0.3042072355747223
0.12747344374656677 0.2133122831583023 0.18816903233528137 0.2554457485675812
0.0995328426361084 0.275599867105484 0.13993877172470093 0.3009742200374603
0.2486359179019928 0.3261372447013855 0.333700031042099 0.36643850803375244
0.3292902112007141 0.44901028275489807 0.5225554704666138 0.5246521234512329
0.1385248750448227 0.33194899559020996 0.19377706944942474 0.3606570363044739
0.274373322725296 0.431740403175354 0.3594677746295929 0.47894883155822754
0.3292902112007141 0.44901028275489807 0.5225554704666138 0.5246521234512329
0.04231490194797516 0.2860448956489563 0.08465205132961273 0.31120407581329346
0.08631131052970886 0.36975517868995667 0.12467075884342194 0.3930562436580658
0.21730950474739075 0.4163662791252136 0.28641530871391296 0.45425766706466675
0.024160828441381454 0.3144414722919464 0.04526657238602638 0.33575204014778137
0.10307709872722626 0.3814423978328705 0.1436535120010376 0.4061468541622162
0.041775867342948914 0.3132637143135071 0.131500244140625 0.3484218120574951
0.11897168308496475 0.3877846896648407 0.18110696971416473 0.4256431758403778
0.09463674575090408 0.3735305070877075 0.12603580951690674 0.3975098133087158
0.1551433503627777 0.16752152144908905 0.196795254945755 0.17805074155330658
0.1928374171257019 0.1585872769355774 0.24766522645950317 0.17364978790283203
0.3292110860347748 0.4498266279697418 0.5243492126464844 0.52541184425354
0.1724359691143036 0.4034312665462494 0.23660403490066528 0.43812474608421326
0.0404469333589077 0.3139241337776184 0.13164617121219635 0.3481029272079468
0.008640140295028687 0.014713495969772339 0.9462815523147583 0.912408709526062
0.1724359691143036 0.4034312665462494 0.23660403490066528 0.43812474608421326
0.9172619581222534 0.0004456937313079834 1.0 0.04585571587085724
0.09065306931734085 0.20762638747692108 0.1233222559094429 0.21513010561466217
0.11905717849731445 0.3877464532852173 0.18193167448043823 0.4256594181060791
0.24889151751995087 0.3264283835887909 0.3039298951625824 0.363004595041275
0.06828872114419937 0.3582649230957031 0.10505912452936172 0.38301336765289307
0.021768443286418915 0.27878057956695557 0.057371363043785095 0.30281639099121094
0.052055809646844864 0.3569367825984955 0.08488982915878296 0.3800256550312042
0.1862267404794693 0.14185449481010437 0.23274199664592743 0.15542176365852356
0.09110242128372192 0.228773832321167 0.12618066370487213 0.23845523595809937
0.274373322725296 0.431740403175354 0.3594677746295929 0.47894883155822754
