0.3391982614994049 0.20274418592453003 0.46164044737815857 0.2709849774837494
0.7243636250495911 0.0004208311438560486 0.998932421207428 0.1356726586818695
0.3856510519981384 0.30207082629203796 0.5364271402359009 0.364863783121109
0.45442068576812744 0.4689347445964813 0.624840259552002 0.5389431715011597
0.1745147407054901 0.26936817169189453 0.23565900325775146 0.3033874034881592
0.2074335813522339 0.41075244545936584 0.2724970579147339 0.44878891110420227
0.13107243180274963 0.20794600248336792 0.1883547306060791 0.25593456625938416
0.6428881883621216 0.1886434555053711 0.9194628000259399 0.3168298602104187
0.14602209627628326 0.3282874822616577 0.20020802319049835 0.35935139656066895
0.7300653457641602 0.4472038447856903 0.9987857341766357 0.5496724247932434
0.09679270535707474 0.32732072472572327 0.13875547051429749 0.3520931899547577
0.06537340581417084 0.3628578782081604 0.1036328673362732 0.3842942714691162
0.2558400630950928 0.42656946182250977 0.33256441354751587 0.45982885360717773
0.26848867535591125 0.4429444372653961 0.4265076816082001 0.5080549716949463
0.22042831778526306 0.1463153213262558 0.2798594534397125 0.1611107438802719
0.1006758064031601 0.3798929750919342 0.16137869656085968 0.413738876581192
0.02934543788433075 0.279418408870697 0.054928332567214966 0.2987927794456482
0.17601031064987183 0.15821361541748047 0.22227731347084045 0.1695196032524109
0.15951398015022278 0.3963371515274048 0.21676695346832275 0.42763859033584595
0.26848867535591125 0.4429444372653961 0.4265076816082001 0.5080549716949463
0.2264789193868637 0.3243982791900635 0.3208993077278137 0.36411237716674805
0.026435494422912598 0.3134326636791229 0.10085880756378174 0.3429130017757416
0.05865418538451195 0.28023776412010193 0.09070920944213867 0.3009409010410309
0.013555556535720825 0.033852189779281616 0.8559900522232056 0.8457309007644653
0.011040866374969482 0.10839952528476715 0.4073173701763153 0.4971826672554016
0.2691595256328583 0.4422467052936554 0.4236048758029938 0.5086009502410889
0.0849786326289177 0.37288185954093933 0.11173323541879654 0.3977750837802887
0.1590556651353836 0.3968122899532318 0.21659766137599945 0.42817017436027527
0.045216839760541916 0.3516403138637543 0.08160300552845001 0.37408462166786194
0.2664967179298401 0.3249170482158661 0.32151859998703003 0.3665311634540558
0.028454763814806938 0.34847259521484375 0.060196682810783386 0.37032151222229004
0.2570406496524811 0.4255027770996094 0.33334097266197205 0.461725115776062
0.21483667194843292 0.127675861120224 0.2634288966655731 0.1400478482246399
0.3321083188056946 0.45002007484436035 0.4276689887046814 0.5061624050140381
0.026435494422912598 0.3134326636791229 0.10085880756378174 0.3429130017757416
0.032377779483795166 0.3492613136768341 0.07002203166484833 0.37287625670433044
0.0807708129286766 0.22655251622200012 0.11682423204183578 0.24857589602470398
0.020209819078445435 0.0757652223110199 0.5456750392913818 0.552897572517395
0.3840915262699127 0.31129148602485657 0.4464644491672516 0.3605823814868927
0.1006758064031601 0.3798929750919342 0.16137869656085968 0.413738876581192
