0.2901589274406433 0.4401785433292389 0.3917621374130249 0.4920865595340729
0.12987679243087769 0.20783743262290955 0.19112694263458252 0.25667938590049744
0.43357568979263306 0.4550178647041321 0.5926786065101624 0.5152403116226196
0.1481955498456955 0.3884890675544739 0.2066434770822525 0.4231780767440796
0.09909618645906448 0.35103365778923035 0.14807143807411194 0.37846729159355164
0.061427097767591476 0.35781973600387573 0.0969567745923996 0.38126665353775024
0.009203579276800156 0.3359433710575104 0.02833949401974678 0.3508583605289459
0.20605069398880005 0.4171404540538788 0.27822408080101013 0.45908722281455994
0.20605069398880005 0.4171404540538788 0.27822408080101013 0.45908722281455994
0.1087828129529953 0.30807381868362427 0.1777687817811966 0.35681092739105225
0.14226754009723663 0.31119588017463684 0.23576165735721588 0.36135533452033997
0.14226754009723663 0.31119588017463684 0.23576165735721588 0.36135533452033997
0.9406844973564148 0.0 0.9995473027229309 0.16589504480361938
0.0095176100730896 0.025601565837860107 0.9766245484352112 0.95978844165802
0.2080850899219513 0.4170922040939331 0.2789643406867981 0.45655083656311035
0.11000332981348038 0.3087669909000397 0.1754046082496643 0.35721907019615173
