0.1303919106721878 0.20963826775550842 0.18801112473011017 0.25922611355781555
0.3066056966781616 0.4433261752128601 0.4082244038581848 0.4920957684516907
0.2882730960845947 0.23091404139995575 0.36806434392929077 0.26862838864326477
0.11335431039333344 0.3767080008983612 0.16432081162929535 0.40277841687202454
0.15158094465732574 0.39454448223114014 0.20730598270893097 0.42755556106567383
0.5609090924263 0.4475448429584503 0.8185566067695618 0.5288918614387512
0.05102534219622612 0.30794453620910645 0.13388730585575104 0.34648895263671875
0.20667406916618347 0.4142295718193054 0.2827177941799164 0.45862877368927
0.1636303961277008 0.24511292576789856 0.6051602363586426 0.35790714621543884
0.5609090924263 0.4475448429584503 0.8185566067695618 0.5288918614387512
0.20667406916618347 0.4142295718193054 0.2827177941799164 0.45862877368927
0.0628778338432312 0.35794559121131897 0.11383417248725891 0.3843877613544464
0.07397753745317459 0.20437093079090118 0.10988844186067581 0.21279655396938324
0.14944210648536682 0.39377671480178833 0.20803433656692505 0.42746812105178833
0.20667406916618347 0.4142295718193054 0.2827177941799164 0.45862877368927
0.19214946031570435 0.24439571797847748 0.6145402789115906 0.35900381207466125
0.1136392131447792 0.37693673372268677 0.16385361552238464 0.4028240442276001
0.05962032824754715 0.3575599491596222 0.1056189015507698 0.38307109475135803
