0.1305353343486786 0.2138393521308899 0.18892902135849 0.258789598941803
0.31766408681869507 0.4521552324295044 0.44792288541793823 0.5034171938896179
0.099118672311306 0.2786584198474884 0.14120325446128845 0.3023119866847992
0.15929792821407318 0.3952343463897705 0.22218860685825348 0.43512845039367676
0.22033432126045227 0.421178936958313 0.29317066073417664 0.4622637629508972
0.5431907773017883 0.4698762893676758 0.8017423748970032 0.5523531436920166
0.13044947385787964 0.3866514563560486 0.1812523901462555 0.4143823981285095
0.10118377208709717 0.3734793961048126 0.1512754261493683 0.3974868953227997
0.1740737110376358 0.31935763359069824 0.2579050064086914 0.368386447429657
0.014283252879977226 0.3045900762081146 0.05605848878622055 0.3334156572818756
0.057020291686058044 0.35759928822517395 0.10357022285461426 0.38236114382743835
0.17066100239753723 0.31922727823257446 0.2578907907009125 0.36800724267959595
0.5431907773017883 0.4698762893676758 0.8017423748970032 0.5523531436920166
0.015021240338683128 0.3055207133293152 0.05647534132003784 0.33349722623825073
0.2196478545665741 0.4213947653770447 0.29352399706840515 0.4614616632461548
0.12105686962604523 0.3159027695655823 0.1897508054971695 0.3653002381324768
0.1626209169626236 0.3943197727203369 0.22208963334560394 0.43579572439193726
0.1189456358551979 0.31530243158340454 0.19426971673965454 0.36543160676956177
0.08072055876255035 0.201772078871727 0.11924363672733307 0.21182020008563995
