0.48848775029182434 0.4531504809856415 0.6645655035972595 0.5243276357650757
0.3202016353607178 0.4467579126358032 0.4383469820022583 0.5024037957191467
0.12878729403018951 0.2074461430311203 0.18924857676029205 0.2556946873664856
0.16370311379432678 0.39537307620048523 0.22795504331588745 0.43190333247184753
0.46606048941612244 0.8505698442459106 0.6105059385299683 0.9449191093444824
0.06589175760746002 0.3597571551799774 0.1012018471956253 0.3821770250797272
0.10945742577314377 0.34077557921409607 0.15904083847999573 0.3725844919681549
0.1778320074081421 0.3087626099586487 0.28507739305496216 0.36523526906967163
0.2291100174188614 0.4257308840751648 0.30847203731536865 0.4689708352088928
0.015824439004063606 0.33779633045196533 0.036941394209861755 0.3533116579055786
0.14467968046665192 0.3068130910396576 0.2483338564634323 0.3616233766078949
0.2291100174188614 0.4257308840751648 0.30847203731536865 0.4689708352088928
0.13691926002502441 0.30575641989707947 0.22337296605110168 0.359730988740921
0.1748911291360855 0.3089367151260376 0.28112661838531494 0.36412477493286133
0.010845392942428589 0.004355937242507935 0.9541741609573364 0.9019150733947754
0.14467968046665192 0.3068130910396576 0.2483338564634323 0.3616233766078949
0.2291100174188614 0.4257308840751648 0.30847203731536865 0.4689708352088928
