0.2609545588493347 0.631230890750885 0.30009204149246216 0.6898748278617859
0.3298585116863251 0.6648727059364319 0.38700786232948303 0.7420809864997864
0.5360352993011475 0.6503854393959045 0.7111470699310303 0.7423805594444275
0.24065397679805756 0.6159997582435608 0.2746768891811371 0.6694397330284119
0.22637435793876648 0.608402669429779 0.26255109906196594 0.660031259059906
0.16018632054328918 0.5717030763626099 0.1871003806591034 0.6076388359069824
0.1721033751964569 0.55133056640625 0.198278546333313 0.5714296102523804
0.15205909311771393 0.5654683113098145 0.17964844405651093 0.5970093011856079
0.3098475933074951 0.5606205463409424 0.3564624786376953 0.576377272605896
0.22561706602573395 0.6158448457717896 0.251748263835907 0.6607792377471924
0.5360352993011475 0.6503854393959045 0.7111470699310303 0.7423805594444275
0.25676441192626953 0.627636194229126 0.29104846715927124 0.680598258972168
0.7674155831336975 0.633102297782898 0.900929868221283 0.6675611734390259
