0.2068604677915573 0.26937761902809143 0.2765643298625946 0.3080703914165497
0.2267444133758545 0.4254251718521118 0.30187278985977173 0.4706461429595947
0.12831011414527893 0.21870078146457672 0.18700554966926575 0.2552679777145386
0.48995912075042725 0.4571351408958435 0.6711763143539429 0.5264309048652649
0.1291731297969818 0.38421785831451416 0.1753098964691162 0.41256821155548096
0.05851609259843826 0.28554996848106384 0.09059291332960129 0.30598488450050354
0.04911018908023834 0.3506070077419281 0.08085225522518158 0.37151965498924255
0.12917204201221466 0.3842383921146393 0.17518435418605804 0.4129836857318878
0.0071095628663897514 0.33235830068588257 0.028112050145864487 0.3504505157470703
0.48995912075042725 0.4571351408958435 0.6711763143539429 0.5264309048652649
