0.299846351146698 0.4424934685230255 0.39517027139663696 0.48828694224357605
0.13202665746212006 0.2089187204837799 0.1883632391691208 0.25748565793037415
0.2521250545978546 0.24327602982521057 0.32985827326774597 0.28000614047050476
0.20171098411083221 0.4117338955402374 0.27330896258354187 0.4558492600917816
0.11175326257944107 0.37559598684310913 0.16309183835983276 0.402033269405365
0.14867974817752838 0.39157047867774963 0.20340882241725922 0.42469194531440735
0.5226021409034729 0.4487345814704895 0.7508921027183533 0.5280460119247437
0.04533341899514198 0.3069881200790405 0.12779776751995087 0.3451160192489624
0.18703030049800873 0.2614644169807434 0.5541558265686035 0.3628849983215332
0.5226021409034729 0.4487345814704895 0.7508921027183533 0.5280460119247437
0.06360957026481628 0.3576141893863678 0.11383160948753357 0.3847176134586334
0.1901264488697052 0.26140132546424866 0.5541132688522339 0.36109301447868347
0.07462375611066818 0.20375767350196838 0.10964385420084 0.2118038535118103
0.19923916459083557 0.41164156794548035 0.2719798684120178 0.4572671353816986
