0.1281525194644928 0.2105654627084732 0.1882535219192505 0.2585434913635254
0.35234707593917847 0.4501684308052063 0.4700009822845459 0.5002411603927612
0.16566988825798035 0.40054652094841003 0.22985297441482544 0.4383997619152069
0.123332679271698 0.3811422884464264 0.1768210232257843 0.40860435366630554
0.48522016406059265 0.11960242688655853 0.6496487259864807 0.1908845752477646
0.5004873871803284 0.11039754748344421 0.993532121181488 0.30765846371650696
0.2368324249982834 0.42499884963035583 0.3166326582431793 0.4699409306049347
0.07732351124286652 0.3066854774951935 0.1670609563589096 0.3550325334072113
0.05758761242032051 0.35655876994132996 0.12198495864868164 0.3835069239139557
0.07043130695819855 0.20706714689731598 0.10679908096790314 0.2154814451932907
0.2365630865097046 0.4252108931541443 0.31600648164749146 0.4698644280433655
0.05758761242032051 0.35655876994132996 0.12198495864868164 0.3835069239139557
0.07603836059570312 0.3071437478065491 0.16683949530124664 0.3557531237602234
0.23657895624637604 0.42517638206481934 0.31787109375 0.469781756401062
0.006667535752058029 0.3281618654727936 0.12299241125583649 0.3798278868198395
