0.5589046478271484 0.7825119495391846 0.7779103517532349 0.9001448154449463
0.12982529401779175 0.2078007310628891 0.1888272762298584 0.25593796372413635
0.534315288066864 0.4546078145503998 0.7415303587913513 0.525093674659729
0.3535674810409546 0.45163673162460327 0.4826265573501587 0.5120337009429932
0.17916452884674072 0.40071871876716614 0.24867331981658936 0.4408715069293976
0.0711614340543747 0.3626839816570282 0.10840027034282684 0.3854577839374542
0.12339389324188232 0.3332151770591736 0.17867916822433472 0.36388278007507324
0.17389938235282898 0.3005732297897339 0.34159567952156067 0.3625396490097046
0.2502918541431427 0.43455934524536133 0.3398285210132599 0.4779245853424072
0.02108832448720932 0.34077152609825134 0.04526305943727493 0.3576103746891022
0.2502918541431427 0.43455934524536133 0.3398285210132599 0.4779245853424072
0.3529013395309448 0.45107826590538025 0.4827014207839966 0.5125556588172913
0.012731939554214478 0.015168190002441406 0.9404571056365967 0.9213918447494507
0.3535674810409546 0.45163673162460327 0.4826265573501587 0.5120337009429932
0.5349052548408508 0.4541165232658386 0.7398074269294739 0.5246805548667908
