0.1295863837003708 0.20830532908439636 0.18759401142597198 0.2562672197818756
0.46198153495788574 0.4636825919151306 0.6374739408493042 0.53635174036026
0.30968183279037476 0.447905033826828 0.42096394300460815 0.5003131031990051
0.3559134304523468 0.2063905894756317 0.6454987525939941 0.35088321566581726
0.18591073155403137 0.3184449076652527 0.26419439911842346 0.3569740653038025
0.09059038013219833 0.3698902428150177 0.13138286769390106 0.3958638608455658
0.22617900371551514 0.42064765095710754 0.31050485372543335 0.46257326006889343
0.4316241443157196 0.1993214339017868 0.660637378692627 0.332782506942749
0.04557354375720024 0.3497544825077057 0.0684686005115509 0.36606886982917786
0.33317455649375916 0.20626986026763916 0.6574478149414062 0.35946571826934814
0.09059038013219833 0.3698902428150177 0.13138286769390106 0.3958638608455658
0.3291248083114624 0.22077611088752747 0.555852472782135 0.35570260882377625
0.05870591849088669 0.21339558064937592 0.09260020405054092 0.2214554101228714
0.1846977174282074 0.3231591284275055 0.24176496267318726 0.3558817207813263
0.012056887149810791 0.06028938293457031 0.8225513100624084 0.8320114016532898
0.3088717758655548 0.447799414396286 0.42177823185920715 0.4999454915523529
0.46198153495788574 0.4636825919151306 0.6374739408493042 0.53635174036026
