0.4406956136226654 0.4611664414405823 0.6032145619392395 0.5268889665603638
0.12901048362255096 0.20727218687534332 0.18862976133823395 0.2562953233718872
0.3063315153121948 0.4395853877067566 0.42072850465774536 0.49079984426498413
0.4739435315132141 0.15338577330112457 0.688141405582428 0.2724998891353607
0.07792039215564728 0.3634677529335022 0.11369369924068451 0.3852773904800415
0.011285978369414806 0.33605754375457764 0.03352399170398712 0.3517710566520691
0.13598397374153137 0.38937777280807495 0.1860392987728119 0.4200470447540283
0.13542073965072632 0.38910776376724243 0.1863025724887848 0.4202151298522949
0.8280428647994995 0.46810680627822876 0.9975599050521851 0.5658027529716492
0.02424681931734085 0.2948410212993622 0.051470205187797546 0.31217536330223083
0.47309035062789917 0.15440733730793 0.6869643330574036 0.2733449637889862
0.05346541851758957 0.2170187085866928 0.08478505164384842 0.22454805672168732
0.4406956136226654 0.4611664414405823 0.6032145619392395 0.5268889665603638
0.0 0.00951164960861206 0.9896191358566284 0.9795116782188416
