0.3930566608905792 0.4588092565536499 0.5335509777069092 0.5183476805686951
0.12890805304050446 0.20728440582752228 0.18841837346553802 0.256203830242157
0.06802496314048767 0.35865318775177 0.10128350555896759 0.38009166717529297
0.34139716625213623 0.24857863783836365 0.4832855463027954 0.3250023424625397
0.12043077498674393 0.3827790915966034 0.16725456714630127 0.4123397767543793
0.286026269197464 0.4356614351272583 0.3911930024623871 0.48392564058303833
0.12037403136491776 0.3824847936630249 0.16782347857952118 0.4118155837059021
0.3425385355949402 0.24906939268112183 0.48500436544418335 0.32717233896255493
0.6497229933738708 0.4633054733276367 0.9879530072212219 0.5671274662017822
0.0025469623506069183 0.3306024968624115 0.02368253841996193 0.3466361463069916
0.006590775214135647 0.2968910038471222 0.030165106058120728 0.3122642934322357
0.6491951942443848 0.46568408608436584 0.9856505393981934 0.5654692053794861
0.28566262125968933 0.4355055093765259 0.3909848630428314 0.48398327827453613
0.05412394180893898 0.21629388630390167 0.08574345707893372 0.2241389900445938
0.39380156993865967 0.4591379165649414 0.5333618521690369 0.5180250406265259
