0.34420642256736755 0.4507942795753479 0.46988555788993835 0.5108713507652283
0.522201657295227 0.8009718656539917 0.7267904281616211 0.9144068956375122
0.12890706956386566 0.20878878235816956 0.18806423246860504 0.2566182315349579
0.518177330493927 0.45524153113365173 0.72297602891922 0.5242494344711304
0.1629979908466339 0.30127060413360596 0.32281753420829773 0.3637959957122803
0.17534781992435455 0.4004167914390564 0.24260009825229645 0.4389890432357788
0.0686412900686264 0.36228272318840027 0.10576707124710083 0.38442519307136536
0.11990240216255188 0.334671288728714 0.16821840405464172 0.36725422739982605
0.24608942866325378 0.4322357177734375 0.3321656882762909 0.47451841831207275
0.017441438511013985 0.3408547639846802 0.04178765416145325 0.3572409749031067
0.1629979908466339 0.30127060413360596 0.32281753420829773 0.3637959957122803
0.12011285871267319 0.3345569670200348 0.1672743260860443 0.36744675040245056
0.24608942866325378 0.4322357177734375 0.3321656882762909 0.47451841831207275
