0.47818103432655334 0.22870302200317383 0.6515458822250366 0.31346988677978516
0.0847398191690445 0.28673622012138367 0.12888970971107483 0.31103023886680603
0.12931737303733826 0.20667965710163116 0.1870938241481781 0.2558613717556
0.23865093290805817 0.4274355173110962 0.3177405595779419 0.468298077583313
0.4457715153694153 0.4621829688549042 0.5878916382789612 0.5189175605773926
0.06417174637317657 0.33181819319725037 0.09892655909061432 0.3527298867702484
0.03573113679885864 0.3167514503002167 0.06643195450305939 0.33592525124549866
0.44562962651252747 0.4624452292919159 0.5876691341400146 0.5187156200408936
0.004514534026384354 0.33033183217048645 0.022335529327392578 0.3461739718914032
0.23777799308300018 0.425826758146286 0.3166002631187439 0.4689390957355499
0.006560145877301693 0.283992201089859 0.023826491087675095 0.3010025918483734
