0.2609368860721588 0.6312877535820007 0.3000696003437042 0.6899256110191345
0.33000215888023376 0.664746105670929 0.38696321845054626 0.7424154877662659
0.45571866631507874 0.6017037034034729 0.5853084325790405 0.7115430235862732
0.2394264042377472 0.6150493025779724 0.27388688921928406 0.6677877306938171
0.22603093087673187 0.607964277267456 0.26238951086997986 0.6602182388305664
0.1601819396018982 0.5708211660385132 0.18737298250198364 0.6080410480499268
0.166838601231575 0.5482290387153625 0.19424764811992645 0.5683318972587585
0.15394330024719238 0.5667884945869446 0.18091332912445068 0.599342405796051
0.34839576482772827 0.5607131123542786 0.40198814868927 0.5733701586723328
0.3256687521934509 0.5689615607261658 0.3733561635017395 0.5865866541862488
0.14980265498161316 0.5642795562744141 0.17550316452980042 0.5923570394515991
0.45690757036209106 0.6025910377502441 0.5851719975471497 0.7125940322875977
0.2564632296562195 0.627627968788147 0.290840744972229 0.680575966835022
