0.2609870731830597 0.6313693523406982 0.29995813965797424 0.6902247667312622
0.3298990726470947 0.6646465063095093 0.38679176568984985 0.7425721883773804
0.5702240467071533 0.599066436290741 0.6718592643737793 0.6282349228858948
0.24053937196731567 0.6168637871742249 0.27444225549697876 0.6694808602333069
0.1602800339460373 0.5714665055274963 0.18623559176921844 0.6067586541175842
0.2269219011068344 0.6092325448989868 0.2618127763271332 0.6599279642105103
0.1990678757429123 0.5612055063247681 0.23029084503650665 0.5836735963821411
0.15203699469566345 0.5647653937339783 0.17867684364318848 0.5967878699302673
0.22546005249023438 0.6158284544944763 0.25123992562294006 0.6608279347419739
0.2564726173877716 0.6277124285697937 0.2906261384487152 0.6805244088172913
