0.2609158456325531 0.631458044052124 0.2996998131275177 0.6902071237564087
0.3305148482322693 0.6637669205665588 0.3862614035606384 0.7426874041557312
0.23870444297790527 0.6141765117645264 0.2735064625740051 0.6697065830230713
0.2252037525177002 0.5723111629486084 0.2677798867225647 0.6002088785171509
0.159877210855484 0.5716330409049988 0.18670347332954407 0.6074762940406799
0.22779417037963867 0.6097956299781799 0.2662607729434967 0.6617651581764221
0.47406935691833496 0.5713047385215759 0.5567300319671631 0.5940888524055481
0.15287506580352783 0.5651794075965881 0.18027430772781372 0.5972570776939392
0.5034124851226807 0.6074427962303162 0.5926783084869385 0.6297363638877869
0.22551201283931732 0.6142203211784363 0.25189530849456787 0.6603370308876038
