0.2608993351459503 0.6318722367286682 0.2992837727069855 0.6897028088569641
0.33026811480522156 0.663968563079834 0.38625863194465637 0.7422631978988647
0.2654324173927307 0.5889281034469604 0.3231582045555115 0.6241577863693237
0.15945714712142944 0.5717743039131165 0.18632519245147705 0.6077942252159119
0.6149541139602661 0.6193404793739319 0.7119957208633423 0.6431087851524353
0.23789317905902863 0.6127310395240784 0.27444902062416077 0.6679337620735168
0.15238040685653687 0.5650323033332825 0.17932265996932983 0.5963528752326965
0.22714823484420776 0.608290433883667 0.26660338044166565 0.6613260507583618
0.5108896493911743 0.0722692459821701 0.587146520614624 0.09981077909469604
0.22684934735298157 0.6187378764152527 0.25107285380363464 0.6600379347801208
