0.26113560795783997 0.6314858198165894 0.29934629797935486 0.6898981332778931
0.3302280008792877 0.6646475195884705 0.386825293302536 0.7427918314933777
0.30095168948173523 0.6029835343360901 0.3723033368587494 0.6466527581214905
0.1597471535205841 0.5718393325805664 0.1859576404094696 0.6072076559066772
0.2390834242105484 0.6157541871070862 0.2741766571998596 0.6696421504020691
0.7029639482498169 0.628343939781189 0.8137671947479248 0.6560417413711548
0.15142518281936646 0.5642349720001221 0.17898914217948914 0.5951858758926392
0.22612611949443817 0.6083047986030579 0.26306936144828796 0.6599145531654358
0.3717532753944397 0.5562637448310852 0.4335331320762634 0.5735211968421936
0.3004927635192871 0.6041314601898193 0.3708680272102356 0.647217869758606
0.22550003230571747 0.6156367063522339 0.25193914771080017 0.6602436304092407
