0.26117950677871704 0.6314989328384399 0.299205482006073 0.6899154186248779
0.3305107355117798 0.6652939319610596 0.38694173097610474 0.7426042556762695
0.29581642150878906 0.6004384160041809 0.36404693126678467 0.6426640152931213
0.15982845425605774 0.5718114376068115 0.18598529696464539 0.607064962387085
0.2390158474445343 0.6160675287246704 0.2742023766040802 0.6696145534515381
0.1514783501625061 0.5642324686050415 0.1789494752883911 0.5951565504074097
0.22627393901348114 0.6085678935050964 0.26309216022491455 0.6599124073982239
0.6915276050567627 0.6267262697219849 0.811119794845581 0.6551846265792847
0.5300488471984863 0.02896944433450699 0.6594926118850708 0.10705041140317917
0.29626086354255676 0.6014739274978638 0.3643744885921478 0.6437579393386841
0.22539544105529785 0.615395188331604 0.2518565356731415 0.6603597402572632
