0.26062148809432983 0.6310522556304932 0.2991994619369507 0.6892085075378418
0.33002009987831116 0.6646536588668823 0.38701435923576355 0.7429476976394653
0.2391529381275177 0.6150458455085754 0.27380964159965515 0.6674370169639587
0.16000784933567047 0.5714194178581238 0.18595768511295319 0.6056227087974548
0.2269420325756073 0.608099639415741 0.2629305422306061 0.6594708561897278
0.15396079421043396 0.5656435489654541 0.18044161796569824 0.5974969863891602
0.46277180314064026 0.5850712656974792 0.5463920831680298 0.6088088154792786
0.5893462300300598 0.000530734658241272 0.7335981726646423 0.08606556802988052
0.14187346398830414 0.5444037318229675 0.1607959121465683 0.561970055103302
0.1499311476945877 0.5638135671615601 0.17658735811710358 0.5915485620498657
0.22524170577526093 0.6157654523849487 0.2516803443431854 0.6604577302932739
0.3280085623264313 0.5172829627990723 0.3759445250034332 0.548277735710144
