0.26088738441467285 0.631305992603302 0.29960864782333374 0.6899133324623108
0.32990002632141113 0.6647918224334717 0.38690632581710815 0.7420824766159058
0.23883484303951263 0.6143804788589478 0.27360332012176514 0.6672345399856567
0.15962877869606018 0.5717188119888306 0.18594345450401306 0.6068962812423706
0.2263147383928299 0.6077234745025635 0.2637467086315155 0.6600701808929443
0.15273268520832062 0.5651487112045288 0.17944659292697906 0.5962895154953003
0.6964695453643799 0.6529942154884338 0.9598032236099243 0.7907413840293884
0.6964695453643799 0.6529942154884338 0.9598032236099243 0.7907413840293884
0.2259383499622345 0.6156052350997925 0.2519972622394562 0.6602227687835693
0.6953998804092407 0.6535640358924866 0.9643392562866211 0.8013917803764343
