0.26105308532714844 0.631339430809021 0.2995208501815796 0.6893318891525269
0.33049336075782776 0.6645969748497009 0.3862191140651703 0.7432627081871033
0.5397660732269287 0.029744841158390045 0.6651401519775391 0.12719225883483887
0.23957249522209167 0.6154767870903015 0.2736513912677765 0.6676580309867859
0.16030293703079224 0.570962131023407 0.18607699871063232 0.6066218018531799
0.15350347757339478 0.5651531219482422 0.1808287501335144 0.5964486598968506
0.22748832404613495 0.608339786529541 0.26325640082359314 0.659339427947998
0.14553888142108917 0.5439245104789734 0.1636926382780075 0.5606061816215515
0.225757896900177 0.617216169834137 0.2513422966003418 0.6603482365608215
0.5415083765983582 0.030327871441841125 0.6652598977088928 0.13649824261665344
0.43176987767219543 0.5798330307006836 0.5107970833778381 0.6009678840637207
