0.3731222152709961 0.18500269949436188 0.4999989867210388 0.25956204533576965
0.1482563465833664 0.29810962080955505 0.3728814721107483 0.3673318922519684
0.48329371213912964 0.4620421528816223 0.6441089510917664 0.5317901968955994
0.18019096553325653 0.399469256401062 0.23770000040531158 0.4372937083244324
0.1315353512763977 0.2096238136291504 0.18941158056259155 0.25575295090675354
0.09747081995010376 0.2691445052623749 0.17524585127830505 0.31176117062568665
0.03591696172952652 0.3137032985687256 0.06839104741811752 0.3333020806312561
0.5447134375572205 0.08787582814693451 0.7782121300697327 0.20308880507946014
0.07709182798862457 0.3174493908882141 0.11110056936740875 0.33840006589889526
0.26263654232025146 0.4324842393398285 0.33911216259002686 0.4732604920864105
0.12120860815048218 0.3761221170425415 0.16435790061950684 0.40317660570144653
0.6290614604949951 0.2029385268688202 0.8702770471572876 0.31463953852653503
0.5447134375572205 0.08787582814693451 0.7782121300697327 0.20308880507946014
0.125824436545372 0.3279173970222473 0.15136583149433136 0.3523358702659607
0.017564289271831512 0.2807941436767578 0.06809898465871811 0.30206602811813354
0.262403666973114 0.43213900923728943 0.3383675813674927 0.4707081615924835
0.6292792558670044 0.2033223807811737 0.8683809041976929 0.31360331177711487
0.922251284122467 0.00048707425594329834 0.9986470341682434 0.06307344883680344
0.03877478837966919 0.35017138719558716 0.07339159399271011 0.37269365787506104
0.09808066487312317 0.3709154725074768 0.13137322664260864 0.39720600843429565
0.08712243288755417 0.3664817214012146 0.11830949038267136 0.39283865690231323
0.06554138660430908 0.36167386174201965 0.09849388897418976 0.383016437292099
0.48120301961898804 0.46045970916748047 0.6451594233512878 0.5321183204650879
0.08133042603731155 0.3640483021736145 0.11465197056531906 0.3840739130973816
0.6290614604949951 0.2029385268688202 0.8702770471572876 0.31463953852653503
0.11340183764696121 0.37468764185905457 0.15374401211738586 0.4011354148387909
0.015227945521473885 0.28080594539642334 0.0675727128982544 0.30190426111221313
0.01898166537284851 0.06199336051940918 0.8638641834259033 0.850799560546875
0.0031763017177581787 0.3025602400302887 0.03049629181623459 0.3240949213504791
