0.2798808217048645 0.2122461497783661 0.7108880877494812 0.36584362387657166
0.5607141852378845 0.07618533074855804 0.8077521920204163 0.19884122908115387
0.39802220463752747 0.46043404936790466 0.5157350897789001 0.5142369270324707
0.43058398365974426 0.1551714837551117 0.5741690993309021 0.23012569546699524
0.24384918808937073 0.422872394323349 0.31194648146629333 0.4646874964237213
0.18534104526042938 0.3278582990169525 0.250122606754303 0.3625992238521576
0.12995369732379913 0.20864079892635345 0.18740402162075043 0.257463663816452
0.06184756010770798 0.31575384736061096 0.09729129821062088 0.3376897871494293
0.10841076076030731 0.32095521688461304 0.15118028223514557 0.3450319766998291
0.15912264585494995 0.3886079788208008 0.19823461771011353 0.41820651292800903
0.06069701537489891 0.27591472864151 0.1301206350326538 0.3055272102355957
0.5496575236320496 0.2935948967933655 0.6079242825508118 0.31813108921051025
0.10354262590408325 0.37519413232803345 0.14700523018836975 0.4011056423187256
0.08639667928218842 0.3646305799484253 0.11715304851531982 0.38928812742233276
0.01220613531768322 0.28410804271698 0.04417422413825989 0.30153632164001465
0.047428764402866364 0.3540806472301483 0.08106715232133865 0.37746313214302063
0.1721840649843216 0.25625813007354736 0.2737167775630951 0.31116706132888794
0.1721840649843216 0.25625813007354736 0.2737167775630951 0.31116706132888794
0.006844967603683472 0.07114654779434204 0.7917474508285522 0.858965277671814
0.277150958776474 0.21248075366020203 0.7092705965042114 0.36591294407844543
0.397688090801239 0.4602084755897522 0.5149067640304565 0.5144162774085999
0.060554083436727524 0.2763127088546753 0.1298811286687851 0.30517035722732544
0.013167710974812508 0.3125890791416168 0.04485540837049484 0.3312281668186188
0.038408029824495316 0.3509872257709503 0.06547701358795166 0.3744068443775177
0.07668128609657288 0.36172163486480713 0.11006857454776764 0.3845432996749878
