0.2852049469947815 0.19251690804958344 0.7721793055534363 0.36614710092544556
0.2500794529914856 0.42489269375801086 0.327515184879303 0.46944811940193176
0.19465188682079315 0.32801273465156555 0.26057279109954834 0.3635896146297455
0.13118630647659302 0.20827804505825043 0.18781965970993042 0.2573402523994446
0.4201130270957947 0.4623207747936249 0.548602283000946 0.5178410410881042
0.066321462392807 0.2752606272697449 0.13747777044773102 0.30540597438812256
0.16157972812652588 0.3903806507587433 0.2036626636981964 0.4203483760356903
0.06419970840215683 0.31604617834091187 0.09992507845163345 0.3378461003303528
0.558360755443573 0.07479523122310638 0.8108386397361755 0.19350068271160126
0.5950233936309814 0.27952688932418823 0.6632868051528931 0.3058626055717468
0.11054828763008118 0.3213037848472595 0.15723565220832825 0.34592539072036743
0.10862097889184952 0.3754557967185974 0.1522955596446991 0.4028381109237671
0.4318644106388092 0.15369939804077148 0.5644731521606445 0.22883039712905884
0.0889379158616066 0.36458173394203186 0.11962945014238358 0.3871312439441681
0.29255157709121704 0.19060486555099487 0.7727648615837097 0.3639567494392395
0.015056096017360687 0.28451958298683167 0.04815421253442764 0.30138644576072693
0.4201130270957947 0.4623207747936249 0.548602283000946 0.5178410410881042
0.044212810695171356 0.3531827926635742 0.08188176900148392 0.3780553936958313
0.1830337643623352 0.2545779049396515 0.28361067175865173 0.31118860840797424
0.021590111777186394 0.31336379051208496 0.04650566726922989 0.33315110206604004
0.5605908632278442 0.0760030746459961 0.8101575374603271 0.19328388571739197
0.5584095120429993 0.07506312429904938 0.8097659945487976 0.193862184882164
0.1777580976486206 0.2543485462665558 0.28377678990364075 0.311519056558609
0.4337269961833954 0.19744649529457092 0.7689948081970215 0.3316843807697296
0.03816427290439606 0.35019388794898987 0.06820788979530334 0.3749454915523529
