0.40291881561279297 0.16992098093032837 0.5396044850349426 0.25086426734924316
0.301106721162796 0.44240888953208923 0.3905164301395416 0.48747143149375916
0.1888553649187088 0.2813655734062195 0.4578089714050293 0.3644189238548279
0.20174451172351837 0.4071539044380188 0.26468217372894287 0.4482179880142212
0.5573107004165649 0.08166784048080444 0.7922639846801758 0.20107817649841309
0.13104428350925446 0.20864711701869965 0.1905396431684494 0.257183700799942
0.12854090332984924 0.3788006603717804 0.17237883806228638 0.40687283873558044
0.14458321034908295 0.3267093896865845 0.18917261064052582 0.3560370206832886
0.12669256329536438 0.2655797600746155 0.21267741918563843 0.31154125928878784
0.04648822918534279 0.3144325017929077 0.07929140329360962 0.33465051651000977
0.08619175851345062 0.31774747371673584 0.12539632618427277 0.34093767404556274
0.6399410367012024 0.4643932580947876 0.9011887907981873 0.5590941905975342
0.10281585156917572 0.3716936707496643 0.1350836306810379 0.3972664475440979
0.6451976895332336 0.46482473611831665 0.9005680680274963 0.5595349669456482
0.8964642882347107 0.12787896394729614 0.9995937943458557 0.25374850630760193
0.04883269965648651 0.3520434498786926 0.0789683610200882 0.3750978112220764
0.03177144378423691 0.27887260913848877 0.09045632928609848 0.30433177947998047
0.08485698699951172 0.36364680528640747 0.11541576683521271 0.39035624265670776
0.03212141990661621 0.27920854091644287 0.09052888303995132 0.3039575219154358
0.8936783075332642 0.06274347007274628 1.0 0.253362774848938
0.891749918460846 0.033805668354034424 0.9992350935935974 0.2588568925857544
0.0019004978239536285 0.3067934215068817 0.03504970297217369 0.32760336995124817
0.07233185321092606 0.3615177273750305 0.10386554151773453 0.3828777074813843
0.09225837886333466 0.3694266676902771 0.12791886925697327 0.39752233028411865
0.5575385689735413 0.08161844313144684 0.7934584021568298 0.20124517381191254
0.009936481714248657 0.07177206873893738 0.9403364658355713 0.92693030834198
0.019822001457214355 0.113620325922966 0.5282900929450989 0.5458802580833435
