0.4463777244091034 0.1424371600151062 0.6017100214958191 0.23415467143058777
0.404602587223053 0.4626406133174896 0.5373504161834717 0.5232709646224976
0.36114823818206787 0.3064422309398651 0.4811926484107971 0.3643607795238495
0.13109131157398224 0.2091992199420929 0.19040344655513763 0.25697532296180725
0.23956729471683502 0.4235909879207611 0.3117084503173828 0.4662316143512726
0.6186995506286621 0.04667931795120239 0.8297593593597412 0.17987506091594696
0.11070241034030914 0.3200615346431732 0.1569763571023941 0.34664079546928406
0.2641768753528595 0.22287413477897644 0.39123663306236267 0.2999272644519806
0.1280663162469864 0.26386842131614685 0.227040097117424 0.3048567473888397
0.0798032134771347 0.3668905198574066 0.11378151178359985 0.389613538980484
0.062062107026576996 0.27916231751441956 0.11141619831323624 0.3026258647441864
0.118508480489254 0.37683409452438354 0.1626642346382141 0.4030134677886963
0.191630020737648 0.32071778178215027 0.24976976215839386 0.3570009768009186
0.16149790585041046 0.39821240305900574 0.22288475930690765 0.43478867411613464
0.030326664447784424 0.2834338843822479 0.050118304789066315 0.29810217022895813
0.05613800883293152 0.3569774329662323 0.08926495909690857 0.37944892048835754
0.0365627259016037 0.3176165819168091 0.06736718118190765 0.3355424404144287
0.01272428035736084 0.08520781993865967 0.8295749425888062 0.863238513469696
0.7833775877952576 0.0 0.9997394680976868 0.23452506959438324
0.23975181579589844 0.42351844906806946 0.31220710277557373 0.46668317914009094
0.11797097325325012 0.3765019178390503 0.1624876856803894 0.40320366621017456
0.045106664299964905 0.3550807535648346 0.08614076673984528 0.37790152430534363
0.006738083437085152 0.31224870681762695 0.026045745238661766 0.3275935649871826
0.027500294148921967 0.3153614103794098 0.059289753437042236 0.3344338834285736
0.3604150414466858 0.30632027983665466 0.4803650379180908 0.36438247561454773
0.23855295777320862 0.2296460121870041 0.3644479215145111 0.3014097809791565
0.2109450399875641 0.3260265588760376 0.251004159450531 0.3576212525367737
0.40523216128349304 0.4633151590824127 0.5369972586631775 0.5234296917915344
