0.4437125325202942 0.14519676566123962 0.600863516330719 0.23471254110336304
0.3232101500034332 0.316184937953949 0.4282276928424835 0.3675605058670044
0.24676933884620667 0.22692054510116577 0.37793615460395813 0.30285781621932983
0.10143396258354187 0.31894606351852417 0.14507876336574554 0.3444497585296631
0.368656724691391 0.4558677077293396 0.4812835156917572 0.513126790523529
0.1301802098751068 0.21094055473804474 0.18985575437545776 0.25789934396743774
0.21889923512935638 0.4134884178638458 0.29075491428375244 0.4564647972583771
0.11069609224796295 0.3735065162181854 0.15162153542041779 0.39884713292121887
0.1693384051322937 0.3210761845111847 0.23226773738861084 0.3550320565700531
0.15375782549381256 0.3926124572753906 0.20664633810520172 0.4268913269042969
0.05316159874200821 0.2799769639968872 0.09882525354623795 0.302678644657135
0.11756522208452225 0.26606249809265137 0.21367046236991882 0.30584055185317993
0.6395392417907715 0.001348063349723816 0.998571515083313 0.2862696051597595
0.03733391314744949 0.31781816482543945 0.06522838771343231 0.33641529083251953
0.08254072070121765 0.36459460854530334 0.10938763618469238 0.3881935179233551
0.055341675877571106 0.357481986284256 0.0873689204454422 0.3807286322116852
0.022308725863695145 0.2842853367328644 0.04234534874558449 0.2986524999141693
0.0026589632034301758 0.004131942987442017 0.9824866056442261 0.9320271015167236
0.029568254947662354 0.3157939016819 0.061266086995601654 0.3354276716709137
0.21889923512935638 0.4134884178638458 0.29075491428375244 0.4564647972583771
0.006321923807263374 0.3116367757320404 0.0249310452491045 0.3268604576587677
0.0427607037127018 0.3536941111087799 0.08413240313529968 0.37721624970436096
0.3683111071586609 0.45586836338043213 0.4817388653755188 0.5129313468933105
