0.4784914255142212 0.12257549166679382 0.6516993045806885 0.22155225276947021
0.6728600263595581 0.20072467625141144 0.9435776472091675 0.3210609257221222
0.3844466507434845 0.46061816811561584 0.5046570301055908 0.5177901387214661
0.17137864232063293 0.3231589198112488 0.2315082550048828 0.35757744312286377
0.12960965931415558 0.2186278998851776 0.1869966834783554 0.25547870993614197
0.17452919483184814 0.3934376537799835 0.22931557893753052 0.4287807047367096
0.2382994294166565 0.4303503632545471 0.3295150399208069 0.4785410761833191
0.32169193029403687 0.1979227215051651 0.45058780908584595 0.28457528352737427
0.10891327261924744 0.2746984660625458 0.16942080855369568 0.30343571305274963
0.720808744430542 0.0006634145975112915 0.9966897964477539 0.14109668135643005
0.06073916703462601 0.3229345977306366 0.09235549718141556 0.34359297156333923
0.0661456510424614 0.2796567380428314 0.09950441867113113 0.30111435055732727
0.10688216984272003 0.3786397874355316 0.14956365525722504 0.40420207381248474
0.06356997787952423 0.36210379004478455 0.10909898579120636 0.38476476073265076
0.2897128760814667 0.31617727875709534 0.3845931589603424 0.359894722700119
0.16618554294109344 0.25423213839530945 0.2846503257751465 0.3051615059375763
0.014681696891784668 0.3130004107952118 0.03947732225060463 0.3308722674846649
0.16618554294109344 0.25423213839530945 0.2846503257751465 0.3051615059375763
0.274539589881897 0.21916818618774414 0.3571400046348572 0.2855050563812256
0.002274841070175171 0.10755568742752075 0.9351553916931152 0.9348487257957458
0.0428055077791214 0.3155571520328522 0.07120025902986526 0.3350914418697357
0.288470983505249 0.3160395622253418 0.38346463441848755 0.3595331311225891
0.720808744430542 0.0006634145975112915 0.9966897964477539 0.14109668135643005
0.13160376250743866 0.2048548012971878 0.1964416354894638 0.2562899589538574
0.379304438829422 0.45833316445350647 0.458439439535141 0.5093154311180115
0.013549387454986572 0.11671513319015503 0.6831734776496887 0.74510258436203
0.6740508079528809 0.2020988017320633 0.9421991109848022 0.32052427530288696
