0.501262903213501 0.2681140601634979 0.6709237098693848 0.3473794758319855
0.4592808783054352 0.13584503531455994 0.6191426515579224 0.2314787209033966
0.3029617369174957 0.44291746616363525 0.399715393781662 0.49392837285995483
0.1309497058391571 0.20784053206443787 0.1886182725429535 0.25665533542633057
0.6603085994720459 0.011925891041755676 0.961388111114502 0.1598220318555832
0.1411796659231186 0.32211992144584656 0.19451956450939178 0.3516004979610443
0.28820887207984924 0.20765946805477142 0.42053189873695374 0.2933969795703888
0.08757025003433228 0.2764110565185547 0.14356723427772522 0.3028131127357483
0.2026641070842743 0.4135185778141022 0.27289533615112305 0.4562806785106659
0.14768703281879425 0.3857037127017975 0.1962452381849289 0.41546115279197693
0.05198755860328674 0.3208484649658203 0.08086210489273071 0.3405357599258423
0.09440010786056519 0.37228983640670776 0.1327124983072281 0.39720726013183594
0.550595223903656 0.479917973279953 0.7617427706718445 0.5554272532463074
0.26170840859413147 0.3232261836528778 0.31498417258262634 0.3612609803676605
0.008235573768615723 0.03988727927207947 0.8546470403671265 0.9117637872695923
0.1531662493944168 0.2577361464500427 0.25913771986961365 0.30528783798217773
0.035060882568359375 0.3136745095252991 0.0628512054681778 0.33527088165283203
0.5527732968330383 0.4800240993499756 0.7610756754875183 0.555572509765625
0.2026641070842743 0.4135185778141022 0.27289533615112305 0.4562806785106659
0.05446133762598038 0.3577490746974945 0.09760860353708267 0.3812122642993927
0.010014930739998817 0.31273433566093445 0.03391178697347641 0.3293282091617584
0.2360720932483673 0.3230305016040802 0.30824676156044006 0.36048319935798645
0.15337175130844116 0.2584344446659088 0.2596055567264557 0.3053268492221832
0.14697229862213135 0.3857547640800476 0.19611528515815735 0.41560477018356323
0.6564279794692993 0.012675009667873383 0.9601786136627197 0.1612595021724701
0.047606952488422394 0.28099825978279114 0.07534667104482651 0.2995348870754242
0.08731899410486221 0.27641505002975464 0.14338305592536926 0.30299049615859985
0.2655404210090637 0.22105208039283752 0.3678547739982605 0.29309162497520447
