0.6208726763725281 0.03043089061975479 0.8654374480247498 0.16697663068771362
0.29329872131347656 0.43018782138824463 0.38319504261016846 0.48165208101272583
0.13086391985416412 0.2066018432378769 0.19036950170993805 0.2564230263233185
0.4788628816604614 0.46895042061805725 0.6529707908630371 0.5426062345504761
0.5500733852386475 0.2235988825559616 0.7609070539474487 0.32476651668548584
0.29878100752830505 0.3158421814441681 0.39583370089530945 0.36493220925331116
0.123118557035923 0.27736109495162964 0.16490158438682556 0.30348020792007446
0.16747279465198517 0.40139782428741455 0.2268526703119278 0.43556493520736694
0.10673269629478455 0.32873430848121643 0.14651012420654297 0.35284551978111267
0.3838415741920471 0.14928342401981354 0.5485706925392151 0.2627365291118622
0.16157019138336182 0.2673833668231964 0.23599278926849365 0.30498185753822327
0.06729787588119507 0.31933340430259705 0.10059137642383575 0.34146079421043396
0.029216688126325607 0.315104216337204 0.057150620967149734 0.33419397473335266
0.0038057565689086914 0.06656646728515625 0.8437405824661255 0.9252954125404358
0.3300033211708069 0.18534110486507416 0.46385258436203003 0.27140334248542786
0.0921231359243393 0.37243586778640747 0.1535838395357132 0.40448886156082153
0.2052731066942215 0.24082820117473602 0.3441846966743469 0.2995529770851135
0.09257636219263077 0.37263166904449463 0.15358369052410126 0.4045393466949463
0.2052731066942215 0.24082820117473602 0.3441846966743469 0.2995529770851135
0.5483173131942749 0.2240942418575287 0.7592693567276001 0.3245590031147003
0.2052731066942215 0.24082820117473602 0.3441846966743469 0.2995529770851135
0.15893985331058502 0.26875317096710205 0.2363518923521042 0.3039209842681885
0.16747279465198517 0.40139782428741455 0.2268526703119278 0.43556493520736694
0.014877215027809143 0.20337364077568054 0.3911219835281372 0.49118664860725403
