0.5802869200706482 0.054409995675086975 0.8019405007362366 0.18568672239780426
0.4107874035835266 0.4649815261363983 0.5559871196746826 0.5293963551521301
0.26740753650665283 0.42567068338394165 0.3476710319519043 0.4709227681159973
0.4789699912071228 0.25293537974357605 0.6564348340034485 0.3344847857952118
0.3689762353897095 0.16117948293685913 0.5282400250434875 0.2674844563007355
0.11357380449771881 0.27812981605529785 0.1538849025964737 0.304063081741333
0.1980527937412262 0.24418272078037262 0.3318183720111847 0.3006606996059418
0.12993872165679932 0.2198421061038971 0.1880330741405487 0.25562533736228943
0.09826800227165222 0.32802385091781616 0.13513384759426117 0.3511918783187866
0.15294454991817474 0.26934894919395447 0.2253267616033554 0.3062816560268402
0.26879239082336426 0.3225215673446655 0.3565913438796997 0.3658751845359802
0.15249711275100708 0.3955085277557373 0.20791903138160706 0.4280916452407837
0.06182505935430527 0.3179667890071869 0.0949595496058464 0.34029605984687805
0.008003592491149902 0.11179137229919434 0.7956792712211609 0.9128823280334473
0.08480997383594513 0.3700284957885742 0.14356562495231628 0.4000874161720276
0.026838870719075203 0.31457003951072693 0.05454738438129425 0.334082692861557
0.08482500165700912 0.3698805272579193 0.14370863139629364 0.400464802980423
0.31712591648101807 0.1902395337820053 0.4342663884162903 0.273958683013916
0.15324828028678894 0.39526626467704773 0.20775893330574036 0.4280951917171478
0.1316085308790207 0.2038218230009079 0.20131947100162506 0.2569721043109894
0.4789699912071228 0.25293537974357605 0.6564348340034485 0.3344847857952118
0.8848493695259094 0.4719885587692261 0.9982993006706238 0.5743067264556885
0.007654085755348206 0.22335591912269592 0.43729519844055176 0.5067325830459595
