0.7060370445251465 0.0 0.9907341003417969 0.13476154208183289
0.3404052257537842 0.4396219849586487 0.44609856605529785 0.4915025234222412
0.4030994772911072 0.13108253479003906 0.599780261516571 0.25878286361694336
0.3499484062194824 0.30257949233055115 0.4668147563934326 0.3613269031047821
0.12502843141555786 0.3301909863948822 0.16827392578125 0.35693123936653137
0.6889693140983582 0.1593044102191925 0.9810031056404114 0.29309409856796265
0.13070182502269745 0.20775479078292847 0.18909887969493866 0.25607576966285706
0.19304636120796204 0.4102998375892639 0.25864341855049133 0.4489031434059143
0.13681219518184662 0.27493104338645935 0.17954717576503754 0.3038124740123749
0.032164838165044785 0.3151482343673706 0.06290297210216522 0.3353622555732727
0.10737736523151398 0.37832412123680115 0.1733541637659073 0.4123469889163971
0.07721564918756485 0.3213273882865906 0.11240776628255844 0.3435537815093994
0.6234307885169983 0.46771496534347534 0.9125028252601624 0.561648428440094
0.17223414778709412 0.2635341286659241 0.25297263264656067 0.3056005835533142
0.6234307885169983 0.46771496534347534 0.9125028252601624 0.561648428440094
0.21632705628871918 0.2368301898241043 0.36259448528289795 0.29667770862579346
0.21640734374523163 0.23634406924247742 0.36093616485595703 0.2969779670238495
0.6889693140983582 0.1593044102191925 0.9810031056404114 0.29309409856796265
0.6889693140983582 0.1593044102191925 0.9810031056404114 0.29309409856796265
0.01153591275215149 0.07125630974769592 0.8952732086181641 0.8409030437469482
0.17223414778709412 0.2635341286659241 0.25297263264656067 0.3056005835533142
0.3078973591327667 0.44854143261909485 0.33743807673454285 0.47254106402397156
0.3502725660800934 0.30209988355636597 0.46624884009361267 0.36155831813812256
0.19432333111763 0.41077756881713867 0.2594905495643616 0.4485796093940735
0.10641110688447952 0.3782210648059845 0.17332717776298523 0.41203680634498596
