0.2918913662433624 0.4443614184856415 0.3861366808414459 0.48936381936073303
0.19085419178009033 0.3318667411804199 0.2485221028327942 0.36504626274108887
0.5343046188354492 0.018718808889389038 0.8329250812530518 0.20683825016021729
0.5805854201316833 0.21500763297080994 0.8238583207130432 0.3251870572566986
0.16834864020347595 0.27087631821632385 0.2224424183368683 0.3037589490413666
0.13031105697155 0.20747750997543335 0.188293918967247 0.2570585608482361
0.6006292700767517 0.4348023235797882 0.8383781313896179 0.5180652141571045
0.613625705242157 0.014958031475543976 0.8430024981498718 0.1778079867362976
0.15818268060684204 0.3960614800453186 0.24418985843658447 0.4392518997192383
0.11037790775299072 0.32646989822387695 0.1563638150691986 0.3523145318031311
0.2683236598968506 0.21071968972682953 0.4388608932495117 0.28261440992355347
0.04803353175520897 0.3176144063472748 0.08065605163574219 0.3381711542606354
0.20631591975688934 0.25800061225891113 0.29811781644821167 0.30258822441101074
0.2683236598968506 0.21071968972682953 0.4388608932495117 0.28261440992355347
0.007018327713012695 0.09772509336471558 0.9156390428543091 0.9441164135932922
0.20631591975688934 0.25800061225891113 0.29811781644821167 0.30258822441101074
0.4892120957374573 0.07339680939912796 0.7350568175315857 0.21245718002319336
0.6016579270362854 0.43603453040122986 0.8382979035377502 0.5178061127662659
0.5805854201316833 0.21500763297080994 0.8238583207130432 0.3251870572566986
0.01892581209540367 0.28285476565361023 0.043057218194007874 0.29989948868751526
0.2683236598968506 0.21071968972682953 0.4388608932495117 0.28261440992355347
