0.2907118797302246 0.44380635023117065 0.38197261095046997 0.488050639629364
0.5417636036872864 0.023398473858833313 0.829606831073761 0.20511466264724731
0.5719674825668335 0.21757298707962036 0.8127716779708862 0.3263307213783264
0.18898546695709229 0.3317510187625885 0.24695813655853271 0.364652544260025
0.13034701347351074 0.20718838274478912 0.18982413411140442 0.25707927346229553
0.16817516088485718 0.2710950970649719 0.22166001796722412 0.3038094639778137
0.5947748422622681 0.4369392395019531 0.8216291666030884 0.5180196166038513
0.15804876387119293 0.3955603539943695 0.24235795438289642 0.43828126788139343
0.11024641245603561 0.32618647813796997 0.15526363253593445 0.3521299958229065
0.048172056674957275 0.31748074293136597 0.08069097995758057 0.3382147550582886
0.20575451850891113 0.25715550780296326 0.2971409559249878 0.30255696177482605
0.266895592212677 0.21132086217403412 0.43590396642684937 0.28221431374549866
0.266895592212677 0.21132086217403412 0.43590396642684937 0.28221431374549866
0.4851146340370178 0.07543548941612244 0.70332270860672 0.21094191074371338
0.008475691080093384 0.06615200638771057 0.8553961515426636 0.8933084011077881
0.5719674825668335 0.21757298707962036 0.8127716779708862 0.3263307213783264
0.20575451850891113 0.25715550780296326 0.2971409559249878 0.30255696177482605
0.5947748422622681 0.4369392395019531 0.8216291666030884 0.5180196166038513
0.018557479605078697 0.28285375237464905 0.043095722794532776 0.2999099791049957
