0.6906550526618958 0.16872942447662354 0.9973662495613098 0.30356746912002563
0.326051265001297 0.4515349864959717 0.43332985043525696 0.5000484585762024
0.1299028843641281 0.20726314187049866 0.18812622129917145 0.2567741572856903
0.17758019268512726 0.26976466178894043 0.2347051352262497 0.3040626049041748
0.21343693137168884 0.33191871643066406 0.2787059545516968 0.366823673248291
0.2814740538597107 0.20089420676231384 0.46730494499206543 0.2810325622558594
0.12340281903743744 0.3284091353416443 0.17041955888271332 0.3558949828147888
0.1747557818889618 0.39968645572662354 0.26820108294487 0.4501175880432129
0.051391132175922394 0.3178814947605133 0.08528982847929001 0.3393019139766693
0.6887712478637695 0.0008450150489807129 0.9533684253692627 0.1364687979221344
0.21764594316482544 0.2539929151535034 0.31441640853881836 0.2996046543121338
0.5393377542495728 0.00922231376171112 0.9435175657272339 0.19005411863327026
0.2814740538597107 0.20089420676231384 0.46730494499206543 0.2810325622558594
0.025024157017469406 0.28183600306510925 0.05057802423834801 0.3012572228908539
0.5393377542495728 0.00922231376171112 0.9435175657272339 0.19005411863327026
0.7603466510772705 0.4259295165538788 0.9951181411743164 0.5215575098991394
0.28140321373939514 0.2003377377986908 0.46627262234687805 0.280504435300827
0.1745516061782837 0.3998446464538574 0.26774129271507263 0.45010805130004883
0.009145766496658325 0.10057052969932556 0.9667279720306396 0.9536103010177612
0.21764594316482544 0.2539929151535034 0.31441640853881836 0.2996046543121338
