0.14084355533123016 0.3248511552810669 0.19345490634441376 0.3563913106918335
0.12849408388137817 0.2761581838130951 0.1764226257801056 0.3044654428958893
0.7227283120155334 0.14441992342472076 0.9974426627159119 0.2780628800392151
0.1295253485441208 0.20790384709835052 0.19031701982021332 0.25697579979896545
0.3571591377258301 0.20670132339000702 0.46981751918792725 0.2672930955886841
0.053376007825136185 0.35717180371284485 0.08327827602624893 0.37937799096107483
0.5641148090362549 0.03806295245885849 0.8571881055831909 0.18268311023712158
0.04416855052113533 0.280982106924057 0.07241445034742355 0.30172982811927795
0.015613286755979061 0.3096897304058075 0.043101031333208084 0.3270074427127838
0.021380066871643066 0.34361931681632996 0.04600708931684494 0.35992684960365295
0.5632638931274414 0.038102440536022186 0.8543291091918945 0.1821763515472412
0.833211362361908 0.1830330193042755 0.8638424277305603 0.20468425750732422
