0.29174545407295227 0.23783358931541443 0.3771379292011261 0.2868504226207733
0.1291927844285965 0.20710040628910065 0.1915811449289322 0.25677311420440674
0.1117759719491005 0.32335954904556274 0.15808190405368805 0.35071229934692383
0.09795661270618439 0.2785820960998535 0.14085465669631958 0.3044288754463196
0.4160687327384949 0.2753262519836426 0.5492966771125793 0.3423793911933899
0.43447694182395935 0.13726216554641724 0.6345952749252319 0.23483121395111084
0.7150494456291199 0.0009781233966350555 0.9999151825904846 0.11213727295398712
0.023783737793564796 0.3450857698917389 0.049016259610652924 0.36157605051994324
0.7164811491966248 0.00093044713139534 1.0 0.11339372396469116
0.0037689395248889923 0.33363282680511475 0.023906342685222626 0.3493346571922302
0.43389713764190674 0.13796795904636383 0.635858416557312 0.23488564789295197
0.636283814907074 0.4333938658237457 0.9930376410484314 0.5426326394081116
0.017320994287729263 0.28383880853652954 0.0433182455599308 0.3016586899757385
0.004064603708684444 0.30663001537323 0.023385129868984222 0.3223910927772522
0.4162832796573639 0.275359183549881 0.5490843057632446 0.3427523076534271
