0.16524887084960938 0.2694433033466339 0.22389966249465942 0.30297544598579407
0.18080279231071472 0.32839733362197876 0.24397343397140503 0.3636760115623474
0.12939083576202393 0.2066677361726761 0.1904117465019226 0.2559663653373718
0.4636688530445099 0.1501055657863617 0.6147097945213318 0.2368793785572052
0.07605428993701935 0.27842363715171814 0.11126579344272614 0.3022960126399994
0.794361412525177 0.00035225972533226013 1.0 0.08731916546821594
0.09287703782320023 0.37375107407569885 0.13077183067798615 0.3995908796787262
0.04025813937187195 0.31049129366874695 0.07151187211275101 0.33108827471733093
0.04741466045379639 0.3546849489212036 0.07863113284111023 0.37460219860076904
0.013598661869764328 0.33902421593666077 0.03372053802013397 0.3541206419467926
0.7955726385116577 0.0 1.0 0.08778369426727295
0.09258703887462616 0.37370243668556213 0.1306423842906952 0.39960721135139465
