0.58052659034729 0.07153630256652832 0.7868474721908569 0.193609356880188
0.20257775485515594 0.2608492970466614 0.2703717052936554 0.30080264806747437
0.22525835037231445 0.3280850946903229 0.29852038621902466 0.3677109181880951
0.12974247336387634 0.2062138020992279 0.1904347836971283 0.2561897337436676
0.10783465206623077 0.2780666649341583 0.15040411055088043 0.3034232556819916
0.06433673948049545 0.31531962752342224 0.10033004730939865 0.3354664146900177
0.13509199023246765 0.3904554843902588 0.1822250783443451 0.42069464921951294
0.07578407227993011 0.3656305968761444 0.11260493099689484 0.38940784335136414
0.13497665524482727 0.390482634305954 0.18202847242355347 0.42100563645362854
0.010756099596619606 0.3091576099395752 0.035523317754268646 0.32644981145858765
0.028867386281490326 0.3455662727355957 0.056320808827877045 0.36499112844467163
