0.26077550649642944 0.6311536431312561 0.3000369071960449 0.6893720030784607
0.4490966200828552 0.1193331778049469 0.5410115718841553 0.2174002230167389
0.32990220189094543 0.6644872426986694 0.38729193806648254 0.7423772811889648
0.23926283419132233 0.6149296760559082 0.2738564908504486 0.6673880815505981
0.2257215529680252 0.6073418259620667 0.2629261314868927 0.660255491733551
0.16111576557159424 0.5710119009017944 0.1863853931427002 0.6067484617233276
0.15277278423309326 0.5660609602928162 0.17923283576965332 0.5977781414985657
0.15456406772136688 0.5443025827407837 0.17393116652965546 0.5629928112030029
0.25646597146987915 0.6274880170822144 0.2919180393218994 0.6807564496994019
0.23186121881008148 0.6970131993293762 0.28936922550201416 0.7274952530860901
