0.26075348258018494 0.6312039494514465 0.2998710572719574 0.6894288659095764
0.3298536539077759 0.6643887162208557 0.3868054747581482 0.7423513531684875
0.44137346744537354 0.13442260026931763 0.5300641655921936 0.23687338829040527
0.2393142580986023 0.6148738861083984 0.2737525701522827 0.667189359664917
0.2256893813610077 0.6072105765342712 0.26285815238952637 0.6603198647499084
0.16099540889263153 0.5708030462265015 0.18641714751720428 0.6069682836532593
0.15329040586948395 0.5665149092674255 0.18009068071842194 0.5986153483390808
0.14992788434028625 0.5637690424919128 0.17601633071899414 0.5921333432197571
0.15448476374149323 0.544151782989502 0.17513124644756317 0.5628528594970703
0.25664573907852173 0.6275647878646851 0.2919524908065796 0.6807700395584106
0.3571523427963257 0.5595805048942566 0.42157232761383057 0.5819342732429504
