0.26099395751953125 0.6312622427940369 0.3000488877296448 0.6897234320640564
0.33085525035858154 0.6642036437988281 0.3854798674583435 0.7429517507553101
0.4893323481082916 0.07336055487394333 0.595112144947052 0.1681363582611084
0.23930151760578156 0.6144359707832336 0.2737042009830475 0.6670908331871033
0.22599557042121887 0.6077046394348145 0.2636658847332001 0.6602635383605957
0.16081786155700684 0.5710146427154541 0.18616479635238647 0.6068928241729736
0.15263107419013977 0.5657488703727722 0.17944160103797913 0.5964992642402649
0.487976610660553 0.07453891634941101 0.5946184992790222 0.171039879322052
0.14706647396087646 0.5427842736244202 0.16725140810012817 0.5620127320289612
0.25703006982803345 0.627772331237793 0.291475772857666 0.6805635690689087
0.3301944434642792 0.5169689655303955 0.37752005457878113 0.5491151809692383
