0.575543999671936 0.22966434061527252 0.8151757717132568 0.33585837483406067
0.2577449679374695 0.2519215941429138 0.33623749017715454 0.29700547456741333
0.1993390917778015 0.3237706422805786 0.26584190130233765 0.3597424626350403
0.12981043756008148 0.20629927515983582 0.19088254868984222 0.25669410824775696
0.35518282651901245 0.45538732409477234 0.46491676568984985 0.51259446144104
0.22620350122451782 0.42165908217430115 0.30221593379974365 0.4616861641407013
0.09212866425514221 0.3202092945575714 0.1359393447637558 0.3435108959674835
0.4055429697036743 0.1664385199546814 0.5487566590309143 0.25275540351867676
0.047927793115377426 0.3524826765060425 0.08060966432094574 0.37347739934921265
0.12424373626708984 0.38520193099975586 0.17162540555000305 0.41356438398361206
0.40576279163360596 0.16602952778339386 0.5431007742881775 0.25103121995925903
0.12424373626708984 0.38520193099975586 0.17162540555000305 0.41356438398361206
0.011849671602249146 0.02744099497795105 0.8597652912139893 0.9170650243759155
