0.3500515818595886 0.3109908103942871 0.46480584144592285 0.36733919382095337
0.29268211126327515 0.22998368740081787 0.38316428661346436 0.285508394241333
0.1767502725124359 0.27144455909729004 0.23575752973556519 0.3050875663757324
0.12996815145015717 0.20641854405403137 0.19017939269542694 0.2557108998298645
0.14398439228534698 0.3921474516391754 0.19835977256298065 0.4257979094982147
0.12172435224056244 0.3222084641456604 0.1711374670267105 0.3486441373825073
0.23411384224891663 0.4264458119869232 0.3063720166683197 0.4703598916530609
0.0726054236292839 0.3645188510417938 0.10764428228139877 0.387632817029953
0.04749792069196701 0.31390732526779175 0.08097181469202042 0.3329434394836426
0.017604870721697807 0.342291921377182 0.04254624992609024 0.35853973031044006
0.005188256502151489 0.0 0.9458014965057373 0.9850194454193115
0.23411384224891663 0.4264458119869232 0.3063720166683197 0.4703598916530609
