0.12934133410453796 0.20632882416248322 0.189517080783844 0.25714221596717834
0.19277024269104004 0.41139745712280273 0.2548098564147949 0.4483795762062073
0.3204443156719208 0.44572001695632935 0.43209680914878845 0.494792640209198
0.37326547503471375 0.1981409788131714 0.49236825108528137 0.26924028992652893
0.543681263923645 0.47850605845451355 0.7438215017318726 0.5582443475723267
0.6144406199455261 0.01931489259004593 0.8744688630104065 0.1761012077331543
0.3376230001449585 0.3042314052581787 0.4465908408164978 0.3584224581718445
0.15815265476703644 0.3245431184768677 0.2188795655965805 0.3532891273498535
0.08870740234851837 0.36884865164756775 0.12889933586120605 0.39457711577415466
0.6139664053916931 0.018832892179489136 0.8735402226448059 0.17610421776771545
0.08814888447523117 0.36891651153564453 0.1289011687040329 0.3949246406555176
0.026238709688186646 0.2839686870574951 0.05598987638950348 0.30596834421157837
0.02467408776283264 0.06654280424118042 0.9015558958053589 0.9359462857246399
