0.1298268884420395 0.20947855710983276 0.18995220959186554 0.25638899207115173
0.09759192168712616 0.32590776681900024 0.1394249051809311 0.35159391164779663
0.4869607985019684 0.4667554795742035 0.6535719633102417 0.536993145942688
0.10251855850219727 0.2689834237098694 0.19277650117874146 0.31349098682403564
0.274824857711792 0.44410577416419983 0.36411696672439575 0.4904288947582245
0.08878621459007263 0.274745911359787 0.12023642659187317 0.3082611858844757
0.274824857711792 0.44410577416419983 0.36411696672439575 0.4904288947582245
0.08483517169952393 0.2709871530532837 0.1140911728143692 0.3039119243621826
0.4869607985019684 0.4667554795742035 0.6535719633102417 0.536993145942688
0.09129372984170914 0.2701205015182495 0.13085827231407166 0.30567067861557007
