0.14074113965034485 0.3286631107330322 0.19198277592658997 0.35947132110595703
0.12864454090595245 0.21453289687633514 0.18879248201847076 0.2555335760116577
0.3333236575126648 0.45787355303764343 0.44186538457870483 0.5120402574539185
0.5930542945861816 0.47334784269332886 0.833285927772522 0.5526137948036194
0.14080005884170532 0.26066261529922485 0.24316281080245972 0.31839603185653687
0.12222234159708023 0.26212549209594727 0.1583247035741806 0.30738013982772827
0.004906312562525272 0.31065160036087036 0.03378196805715561 0.327056348323822
0.09655088931322098 0.2760932445526123 0.12261778861284256 0.2969890832901001
0.14184388518333435 0.26014789938926697 0.24427494406700134 0.31859853863716125
0.33365869522094727 0.4566994607448578 0.4412885904312134 0.5114912390708923
