0.09898904711008072 0.3247676193714142 0.14150339365005493 0.3491748869419098
0.13018640875816345 0.20899781584739685 0.18951889872550964 0.25671443343162537
0.37826573848724365 0.28024017810821533 0.5253010988235474 0.3467068672180176
0.027790941298007965 0.27240023016929626 0.11579854041337967 0.3081519901752472
0.37872838973999023 0.28003546595573425 0.5251581072807312 0.34689030051231384
0.1704835146665573 0.2958865165710449 0.2162642627954483 0.3127155900001526
0.002787470817565918 0.0 1.0 0.9842000007629395
0.007924759760499 0.30790913105010986 0.03378826379776001 0.3251038193702698
0.027790941298007965 0.27240023016929626 0.11579854041337967 0.3081519901752472
0.1704835146665573 0.2958865165710449 0.2162642627954483 0.3127155900001526
0.030657023191452026 0.2721436619758606 0.11416694521903992 0.3077675700187683
