0.26234307885169983 0.30619704723358154 0.34813544154167175 0.35012370347976685
0.13085080683231354 0.212066650390625 0.18934111297130585 0.25883814692497253
0.07236151397228241 0.31746575236320496 0.1113983690738678 0.34017065167427063
0.1674484759569168 0.2604741156101227 0.23844261467456818 0.3093247711658478
0.7147812247276306 0.05197152867913246 0.8541178107261658 0.10299879312515259
0.050180234014987946 0.2739347517490387 0.10248983651399612 0.3040657937526703
0.6827301383018494 0.05204983055591583 0.7926366925239563 0.09069174528121948
0.6788000464439392 0.06286986917257309 0.7826302647590637 0.10183600336313248
0.050105489790439606 0.2740079164505005 0.10310987383127213 0.30408167839050293
0.031386084854602814 0.34670504927635193 0.06198413670063019 0.3653028905391693
0.0 0.006063580513000488 0.9753231406211853 0.9265318512916565
0.12628284096717834 0.2592146098613739 0.23108312487602234 0.3111548125743866
0.11025713384151459 0.2589099705219269 0.22468237578868866 0.30981841683387756
0.1674484759569168 0.2604741156101227 0.23844261467456818 0.3093247711658478
