0.29624903202056885 0.29762494564056396 0.3917692303657532 0.34669554233551025
0.13154900074005127 0.2076326310634613 0.1899670660495758 0.25549840927124023
0.08364231884479523 0.3182929456233978 0.12486323714256287 0.34185799956321716
0.056036338210105896 0.27336129546165466 0.12015250325202942 0.3040514290332794
0.056036338210105896 0.27336129546165466 0.12015250325202942 0.3040514290332794
0.038330383598804474 0.34958457946777344 0.06688788533210754 0.36758852005004883
0.1771528720855713 0.25375550985336304 0.2593185603618622 0.3067934513092041
0.1524270474910736 0.25309401750564575 0.25629544258117676 0.30903804302215576
0.0 0.0 1.0 0.9814983606338501
0.0014683464542031288 0.28101423382759094 0.023948531597852707 0.29933372139930725
