0.13005982339382172 0.20732443034648895 0.19043458998203278 0.2567972242832184
0.17466887831687927 0.4019666612148285 0.23271113634109497 0.4363652169704437
0.09336160868406296 0.31965717673301697 0.13334208726882935 0.34334293007850647
0.3298937678337097 0.15782488882541656 0.5350353121757507 0.2650777995586395
0.07481862604618073 0.28107771277427673 0.11328615248203278 0.30411097407341003
0.4324938654899597 0.15226496756076813 0.5891351103782654 0.24539567530155182
0.01503374520689249 0.3115938901901245 0.03869510069489479 0.3278002142906189
0.030170926824212074 0.34436172246932983 0.056008338928222656 0.3643791675567627
0.024931564927101135 0.2829464077949524 0.04705186188220978 0.2981247901916504
0.4385353624820709 0.15218865871429443 0.5910858511924744 0.24315118789672852
0.0 0.0 1.0 0.9861632585525513
