0.1541585475206375 0.3186808228492737 0.20854242146015167 0.3495643734931946
0.1323315054178238 0.2199631780385971 0.1883876472711563 0.2555955648422241
0.22272978723049164 0.4175034463405609 0.2929515838623047 0.45827165246009827
0.10797813534736633 0.27893880009651184 0.15523234009742737 0.3042301833629608
0.029453463852405548 0.3132893741130829 0.05810421705245972 0.332967609167099
0.05265292897820473 0.3552466630935669 0.08282391726970673 0.37488865852355957
0.014507539570331573 0.3433834910392761 0.03308924660086632 0.35847872495651245
0.0360080748796463 0.28114911913871765 0.06494046747684479 0.2985682189464569
0.5574450492858887 0.0 0.9971859455108643 0.1693224012851715
0.5580775737762451 0.0 1.0 0.16955958306789398
0.13107377290725708 0.2033795416355133 0.19772928953170776 0.257118821144104
0.22276155650615692 0.4176170229911804 0.2926173508167267 0.45953184366226196
0.018084324896335602 0.31094086170196533 0.036598797887563705 0.3278823494911194
