0.18609946966171265 0.2691514790058136 0.2554098963737488 0.30404916405677795
0.3518679440021515 0.27348384261131287 0.46448174118995667 0.3319007456302643
0.30843794345855713 0.44323956966400146 0.4014319181442261 0.48774534463882446
0.13116119801998138 0.20908045768737793 0.18869762122631073 0.2573649287223816
0.06288433074951172 0.3184330463409424 0.10067687928676605 0.33992159366607666
0.07010035216808319 0.27869540452957153 0.10400867462158203 0.2992948889732361
0.042260851711034775 0.3535591959953308 0.07047603279352188 0.37394994497299194
0.0954691544175148 0.3762977421283722 0.13569892942905426 0.40293964743614197
0.03684960678219795 0.3149910867214203 0.06526307016611099 0.33514973521232605
0.09553477168083191 0.3763850927352905 0.13571998476982117 0.40318453311920166
0.0 0.0 1.0 0.977348268032074
0.030322100967168808 0.3126569986343384 0.047365952283144 0.32934486865997314
