0.5573528409004211 0.07968880236148834 0.7902693152427673 0.2068835347890854
0.1614316999912262 0.2705278992652893 0.21606820821762085 0.29707133769989014
0.12924127280712128 0.20691651105880737 0.19129054248332977 0.2558905780315399
0.1993781328201294 0.42576608061790466 0.26531314849853516 0.4655607044696808
0.17176607251167297 0.32084083557128906 0.2336483895778656 0.354681134223938
0.5363810658454895 0.46756526827812195 0.7119610905647278 0.5381660461425781
0.10893349349498749 0.38257861137390137 0.15418456494808197 0.4114212989807129
0.04501297324895859 0.31609395146369934 0.07725594937801361 0.33620485663414
0.11152826249599457 0.3231390118598938 0.15470363199710846 0.34838002920150757
0.0805695652961731 0.31923437118530273 0.11131463944911957 0.342917799949646
0.008354734629392624 0.2964411973953247 0.03356624394655228 0.3127056360244751
0.02718183398246765 0.342261403799057 0.05264412611722946 0.3610229194164276
