0.5940139293670654 0.17026007175445557 0.8146265745162964 0.2793262004852295
0.24590939283370972 0.2529101073741913 0.32898271083831787 0.2986010015010834
0.1292685568332672 0.20640356838703156 0.19030839204788208 0.2561407685279846
0.12105964124202728 0.3895990252494812 0.16701699793338776 0.4199317693710327
0.3531619906425476 0.45096856355667114 0.46063005924224854 0.4996233582496643
0.0574377179145813 0.3602205216884613 0.0901101678609848 0.3825417459011078
0.09053017944097519 0.27752742171287537 0.12791481614112854 0.2988254725933075
0.08629844337701797 0.321539968252182 0.12753629684448242 0.3444713056087494
0.05210309103131294 0.31739750504493713 0.08620809018611908 0.3393336832523346
0.013348150998353958 0.3103584349155426 0.03841383755207062 0.3292391002178192
0.04027776047587395 0.31231924891471863 0.06423008441925049 0.33437880873680115
0.006312377750873566 0.22202834486961365 0.18189474940299988 0.4035370647907257
0.3531619906425476 0.45096856355667114 0.46063005924224854 0.4996233582496643
