0.1289249062538147 0.20533357560634613 0.1923975646495819 0.25672322511672974
0.26356416940689087 0.2447585016489029 0.3478723168373108 0.28415316343307495
0.31839025020599365 0.2945640981197357 0.4258255958557129 0.34741654992103577
0.28963702917099 0.4512993097305298 0.37718087434768677 0.4978211522102356
0.19563648104667664 0.3200531005859375 0.25838881731033325 0.355812132358551
0.0649196058511734 0.3568161129951477 0.0978887677192688 0.37974709272384644
0.08609466254711151 0.3193938434123993 0.1270199716091156 0.3453325927257538
0.16503386199474335 0.40408486127853394 0.2234198898077011 0.44122523069381714
0.13980433344841003 0.3268459439277649 0.1897011697292328 0.35825246572494507
0.03688587248325348 0.28760963678359985 0.06827232241630554 0.30809396505355835
0.01674051210284233 0.34234726428985596 0.043141916394233704 0.3590105175971985
0.008523955941200256 0.3111431300640106 0.03265900909900665 0.3268008530139923
0.010738790035247803 0.001627415418624878 0.9371190667152405 0.9582270383834839
0.0 0.0 0.984687328338623 0.996479868888855
