0.23698285222053528 0.31931543350219727 0.3156423270702362 0.36188805103302
0.13756130635738373 0.27727749943733215 0.19003011286258698 0.30635014176368713
0.8287895917892456 0.10557333379983902 0.9989222288131714 0.25057488679885864
0.4337199926376343 0.27171364426612854 0.5837826728820801 0.345643550157547
0.16499820351600647 0.3991329073905945 0.22216925024986267 0.435110867023468
0.1294236183166504 0.20734179019927979 0.1897180676460266 0.25655171275138855
0.3076901137828827 0.4529958665370941 0.40835675597190857 0.5057749152183533
0.07964230328798294 0.3688206374645233 0.12152952700853348 0.395620733499527
0.07504186779260635 0.3202979862689972 0.11283517628908157 0.3422448933124542
0.06413973122835159 0.2822790741920471 0.09796638041734695 0.30230700969696045
0.6392673850059509 0.48880472779273987 0.8948039412498474 0.567962646484375
0.00564911961555481 0.012268751859664917 0.9702824354171753 0.8793507814407349
0.6392673850059509 0.48880472779273987 0.8948039412498474 0.567962646484375
0.43107303977012634 0.27254974842071533 0.5831213593482971 0.34353071451187134
