0.4072771370410919 0.26832476258277893 0.5484526753425598 0.34175530076026917
0.5626710057258606 0.0857437252998352 0.7437605261802673 0.1879832148551941
0.1296459585428238 0.2064172476530075 0.19181449711322784 0.25669485330581665
0.15996840596199036 0.32452601194381714 0.21692144870758057 0.3584771752357483
0.24821794033050537 0.43555817008018494 0.32883918285369873 0.4815647304058075
0.122779481112957 0.3818110525608063 0.16903799772262573 0.41175565123558044
0.2666436731815338 0.3221498429775238 0.3519761860370636 0.3648729622364044
0.08964265882968903 0.2831895053386688 0.12996956706047058 0.308620423078537
0.44955092668533325 0.4761832058429718 0.5939692854881287 0.5401185750961304
0.0527888722717762 0.3565352261066437 0.08700396120548248 0.37864950299263
0.043563198298215866 0.3173414468765259 0.07432067394256592 0.3360527753829956
0.04258224740624428 0.2812219262123108 0.07104593515396118 0.30144190788269043
0.44955092668533325 0.4761832058429718 0.5939692854881287 0.5401185750961304
0.01669710874557495 0.06462240219116211 0.8144506812095642 0.8838925957679749
