0.31609535217285156 0.21449467539787292 0.420102059841156 0.2759648561477661
0.6451160907745361 0.15433861315250397 0.9464516639709473 0.2860645651817322
0.12910370528697968 0.2780936360359192 0.17490635812282562 0.3045022487640381
0.1791662871837616 0.31795787811279297 0.24291613698005676 0.3551279902458191
0.1288422793149948 0.20712409913539886 0.18995301425457 0.25626152753829956
0.498189240694046 0.4750593304634094 0.6721674799919128 0.5456498265266418
0.15155605971813202 0.4008983075618744 0.2141016274690628 0.4364054501056671
0.26658856868743896 0.43497535586357117 0.3494526743888855 0.47913768887519836
0.021558254957199097 0.01465904712677002 0.9122686386108398 0.8577516078948975
0.010478539392352104 0.3100337088108063 0.0495297908782959 0.33511653542518616
0.495685875415802 0.47486093640327454 0.6650083661079407 0.5457442402839661
0.0007071495056152344 0.3018943965435028 0.04890616238117218 0.3350376784801483
0.1517353057861328 0.4007818102836609 0.21395140886306763 0.43619900941848755
