0.26001250743865967 0.24509263038635254 0.33883607387542725 0.2886177897453308
0.13058844208717346 0.20744551718235016 0.19077488780021667 0.257583349943161
0.4360082745552063 0.46501052379608154 0.5454204082489014 0.5227944254875183
0.48853546380996704 0.21331097185611725 0.6873576045036316 0.3045525550842285
0.40412116050720215 0.4611990749835968 0.4778490662574768 0.5108516812324524
0.25406980514526367 0.44117212295532227 0.3500487804412842 0.48822885751724243
0.0014978982508182526 0.30101943016052246 0.10632781684398651 0.34592074155807495
0.4077601432800293 0.4615866243839264 0.5127231478691101 0.5183804035186768
0.021713919937610626 0.2762039303779602 0.0730464980006218 0.3049818277359009
0.25319886207580566 0.44069623947143555 0.3498504161834717 0.4880552887916565
0.001210380345582962 0.29741179943084717 0.10090410709381104 0.3456088900566101
0.021755276247859 0.27385056018829346 0.07304836809635162 0.3052540421485901
