0.48205387592315674 0.8371320366859436 0.6313250064849854 0.9418508410453796
0.3938729166984558 0.18353909254074097 0.5157384276390076 0.2523658275604248
0.1313037872314453 0.20829811692237854 0.19072332978248596 0.2561631202697754
0.3092419505119324 0.4536251127719879 0.4281414747238159 0.5086740255355835
0.47878018021583557 0.4684738218784332 0.6505030393600464 0.5392040610313416
0.01200568675994873 0.3057940900325775 0.11198165267705917 0.35265979170799255
0.03304241597652435 0.27602165937423706 0.10054776072502136 0.30677807331085205
0.033504124730825424 0.27615198493003845 0.1008307933807373 0.3071339428424835
0.02519150823354721 0.3117579519748688 0.14283639192581177 0.3546341359615326
0.3567807972431183 0.3464234173297882 0.4797302186489105 0.3859420716762543
0.0663520023226738 0.3139919936656952 0.14971205592155457 0.3555995523929596
0.3092419505119324 0.4536251127719879 0.4281414747238159 0.5086740255355835
0.48064738512039185 0.4697788953781128 0.6514579653739929 0.5386950969696045
0.0742109939455986 0.3159564435482025 0.15107998251914978 0.3547477424144745
