0.12808193266391754 0.21740756928920746 0.18851087987422943 0.2549927830696106
0.40070459246635437 0.4686020314693451 0.5628106594085693 0.5300910472869873
0.14996400475502014 0.31105151772499084 0.30725908279418945 0.37067660689353943
0.103598952293396 0.26939335465431213 0.18136361241340637 0.31089720129966736
0.6259996891021729 0.4739651083946228 0.8916752338409424 0.5602042078971863
0.05543481558561325 0.2847725749015808 0.09077654033899307 0.30611544847488403
0.1502460390329361 0.31115490198135376 0.3070663809776306 0.37015455961227417
0.40112775564193726 0.46792149543762207 0.5632779598236084 0.5305877327919006
0.02663661539554596 0.28332003951072693 0.05298318713903427 0.3015671670436859
0.0 0.0 0.9904151558876038 0.8957731127738953
0.09843198955059052 0.26603859663009644 0.14658991992473602 0.3093756437301636
0.6239944100379944 0.4751472771167755 0.8940619826316833 0.5591614842414856
