0.12962235510349274 0.21739141643047333 0.18867354094982147 0.25556421279907227
0.37754026055336 0.4665828347206116 0.525848388671875 0.525005042552948
0.5828968286514282 0.47567206621170044 0.812436580657959 0.5553926825523376
0.08125369250774384 0.271432489156723 0.15602250397205353 0.31028464436531067
0.7960041165351868 0.6981735825538635 0.9999496340751648 0.8294863104820251
0.11814145743846893 0.31327134370803833 0.2509586215019226 0.3678877353668213
0.11814145743846893 0.31327134370803833 0.2509586215019226 0.3678877353668213
0.04329947382211685 0.2840840220451355 0.0784849151968956 0.30511462688446045
0.37840694189071655 0.4665473997592926 0.5233495831489563 0.5250036716461182
0.0766630470752716 0.2677904963493347 0.12956503033638 0.30590134859085083
0.5828968286514282 0.47567206621170044 0.812436580657959 0.5553926825523376
