0.12954875826835632 0.21611928939819336 0.18873798847198486 0.2555003762245178
0.3782121539115906 0.4667590856552124 0.5282369256019592 0.525766909122467
0.8120520710945129 0.6989723443984985 1.0 0.8280349969863892
0.08087235689163208 0.2712397277355194 0.15742135047912598 0.31001272797584534
0.5848698019981384 0.4756009578704834 0.8153849244117737 0.55513596534729
0.12670885026454926 0.3133429288864136 0.2551311254501343 0.3681294322013855
0.04456743597984314 0.2845088839530945 0.07849137485027313 0.3050079345703125
0.12563906610012054 0.3133529722690582 0.25590652227401733 0.36830058693885803
0.37933528423309326 0.4665345847606659 0.5261461734771729 0.5257746577262878
0.8127913475036621 0.6979424357414246 1.0 0.8269258141517639
0.5845218896865845 0.47630366683006287 0.8143380880355835 0.5560719966888428
0.01918017491698265 0.2836597263813019 0.04306146502494812 0.3017480671405792
0.06890574842691422 0.2744188606739044 0.09397388249635696 0.3041851222515106
