0.1307058185338974 0.2070949375629425 0.18772022426128387 0.257159948348999
0.10225231945514679 0.28045740723609924 0.15862365067005157 0.3084894120693207
0.05887901782989502 0.28313401341438293 0.08959011733531952 0.30507269501686096
0.5284336805343628 0.47639864683151245 0.7519891262054443 0.5487775206565857
0.9220653772354126 0.45886310935020447 0.9999872446060181 0.5666109323501587
0.1751859337091446 0.24233347177505493 0.32001185417175293 0.3033713102340698
0.013161067850887775 0.3419496417045593 0.043660130351781845 0.3600386381149292
0.18835124373435974 0.2178666591644287 0.726158618927002 0.36199653148651123
0.19485610723495483 0.22054414451122284 0.7248273491859436 0.3680102825164795
0.1751859337091446 0.24233347177505493 0.32001185417175293 0.3033713102340698
0.3737100064754486 0.21540218591690063 0.7248733043670654 0.34676724672317505
0.10197477042675018 0.28068020939826965 0.15867771208286285 0.30859723687171936
