0.14319972693920135 0.2762311100959778 0.21098895370960236 0.30795490741729736
0.32809391617774963 0.005984887480735779 0.9923396110534668 0.35360187292099
0.25008711218833923 0.1879452019929886 0.45669153332710266 0.2988413870334625
0.08312500268220901 0.2802356481552124 0.11962278932332993 0.30423271656036377
0.13010725378990173 0.20952510833740234 0.1900964081287384 0.2562023401260376
0.033216677606105804 0.3523930609226227 0.07221333682537079 0.3744334280490875
0.055528223514556885 0.007970929145812988 0.9856551289558411 0.4508585035800934
0.01060414221137762 0.33172309398651123 0.03325067460536957 0.35019218921661377
0.02606216073036194 0.12394312024116516 0.9830378293991089 0.6436899900436401
0.005270827561616898 0.30880674719810486 0.03285590559244156 0.32611116766929626
