0.142823725938797 0.2763562798500061 0.19454026222229004 0.30461907386779785
0.12891438603401184 0.21638937294483185 0.18876293301582336 0.25527408719062805
0.054761819541454315 0.33393964171409607 0.08987317234277725 0.35450199246406555
0.035480424761772156 0.3121451139450073 0.06701917201280594 0.3336784839630127
0.03453928232192993 0.28348875045776367 0.06458266824483871 0.30255812406539917
0.637353777885437 0.0 1.0 0.15281355381011963
0.26319873332977295 0.23901912569999695 0.3703954219818115 0.2905617654323578
0.086753711104393 0.3789736032485962 0.1428551822900772 0.40741729736328125
0.6361105442047119 0.0 1.0 0.15163534879684448
0.26319873332977295 0.23901912569999695 0.3703954219818115 0.2905617654323578
0.08681303262710571 0.3787797689437866 0.1431867927312851 0.40757423639297485
0.0 0.01723015308380127 1.0 0.9648849964141846
