0.6197721362113953 0.7534140944480896 0.8545106053352356 0.872861921787262
0.2425708770751953 0.2573181688785553 0.3140418529510498 0.3004312217235565
0.13051660358905792 0.20777097344398499 0.1906195729970932 0.25676339864730835
0.5539925694465637 0.06059020012617111 0.8040570616722107 0.18856596946716309
0.07189706712961197 0.28334349393844604 0.11018802970647812 0.30536580085754395
0.13110533356666565 0.3265836536884308 0.1846146583557129 0.3548679053783417
0.07395089417695999 0.3173862099647522 0.1125483587384224 0.3400265574455261
0.16426868736743927 0.41158774495124817 0.24479977786540985 0.45101097226142883
0.16426868736743927 0.41158774495124817 0.24479977786540985 0.45101097226142883
0.13110533356666565 0.3265836536884308 0.1846146583557129 0.3548679053783417
0.5532442331314087 0.06127183884382248 0.8037594556808472 0.18868741393089294
