0.26094889640808105 0.6311686635017395 0.29945385456085205 0.6897609829902649
0.3300779461860657 0.6634865403175354 0.3866739273071289 0.7416598200798035
0.24030280113220215 0.6168103218078613 0.2744501829147339 0.6698455810546875
0.1600799858570099 0.5708906650543213 0.18641161918640137 0.6079750061035156
0.2260810136795044 0.6080741882324219 0.26224204897880554 0.6595818996429443
0.1535649299621582 0.5656690001487732 0.18289202451705933 0.5986161828041077
0.23287126421928406 0.6125695705413818 0.2683674395084381 0.6643496751785278
0.601528525352478 0.6236109733581543 0.7038755416870117 0.6533772945404053
0.16135112941265106 0.5461621880531311 0.18591077625751495 0.5687417387962341
0.22580206394195557 0.6160712242126465 0.25176018476486206 0.6603578329086304
0.25665780901908875 0.6275918483734131 0.2916528284549713 0.681140661239624
