0.6145642995834351 0.8099597692489624 0.738399863243103 0.9475729465484619
0.26083824038505554 0.631195068359375 0.29954764246940613 0.6900922060012817
0.7886318564414978 0.0 0.9593591094017029 0.13904112577438354
0.33028101921081543 0.6635408401489258 0.386865496635437 0.7423193454742432
0.23918625712394714 0.615024745464325 0.27316585183143616 0.66758793592453
0.1600496768951416 0.5721259117126465 0.1861923336982727 0.6062250137329102
0.22556129097938538 0.6077490448951721 0.26238569617271423 0.6600940823554993
0.1524178832769394 0.5647460222244263 0.17927785217761993 0.5953181982040405
0.22492268681526184 0.6155699491500854 0.25193142890930176 0.6608127355575562
0.2560045123100281 0.6274234056472778 0.2910401225090027 0.6804879903793335
