0.6163881421089172 0.8098800778388977 0.7380592226982117 0.9475929141044617
0.26084527373313904 0.631102442741394 0.2995132505893707 0.69051194190979
0.7883480191230774 0.0 0.9598738551139832 0.13900822401046753
0.3302229642868042 0.6638270020484924 0.3867794871330261 0.7417111992835999
0.2393803596496582 0.6151219010353088 0.273622989654541 0.6680163741111755
0.15984250605106354 0.5718344449996948 0.18702708184719086 0.6071882247924805
0.8839061856269836 0.6411356329917908 0.9994712471961975 0.6787651181221008
0.22505518794059753 0.6075941920280457 0.2624378204345703 0.66053706407547
0.15236622095108032 0.5648404359817505 0.17931479215621948 0.59654700756073
0.2563572824001312 0.6275341510772705 0.2912444770336151 0.6807897090911865
