0.6163618564605713 0.8097297549247742 0.7380436658859253 0.9476527571678162
0.26085254549980164 0.6311304569244385 0.2994212210178375 0.6903223991394043
0.788006067276001 0.0 0.9619972705841064 0.13914167881011963
0.3302621841430664 0.664171576499939 0.38677769899368286 0.741675853729248
0.2393798679113388 0.6151406168937683 0.273606538772583 0.6680750250816345
0.15988411009311676 0.5717546939849854 0.18717624247074127 0.6071213483810425
0.2251298874616623 0.607596218585968 0.26246339082717896 0.6604911684989929
0.8664886951446533 0.641213595867157 0.9965054988861084 0.6788890957832336
0.15243656933307648 0.5648677945137024 0.17926473915576935 0.5965744853019714
0.25656694173812866 0.6275953650474548 0.2914326786994934 0.6809007525444031
0.22456000745296478 0.6163302063941956 0.25118833780288696 0.6609278321266174
