0.6162570118904114 0.8100884556770325 0.7382714152336121 0.9475790858268738
0.2607177495956421 0.6311002969741821 0.2994626760482788 0.6903629302978516
0.7875669002532959 0.0 0.9574016332626343 0.13842558860778809
0.33026376366615295 0.6654159426689148 0.3870011270046234 0.7421837449073792
0.2393636405467987 0.61528480052948 0.27368608117103577 0.668067216873169
0.15980421006679535 0.571578323841095 0.18596915900707245 0.6061424612998962
0.22566714882850647 0.6079350709915161 0.2624482810497284 0.6601823568344116
0.7027509212493896 0.613501250743866 0.8252646923065186 0.6436977982521057
0.15324869751930237 0.5654494166374207 0.17945533990859985 0.5975924134254456
0.25625142455101013 0.6275063157081604 0.29157766699790955 0.6811066269874573
0.22484149038791656 0.6171062588691711 0.25115105509757996 0.6607733368873596
