0.6163905262947083 0.8101255893707275 0.7382615208625793 0.9474678039550781
0.2607898712158203 0.6311048269271851 0.2994406223297119 0.6903026103973389
0.7876067161560059 0.0 0.9581646919250488 0.13856005668640137
0.3302406966686249 0.6653996706008911 0.38705500960350037 0.7422138452529907
0.23938289284706116 0.615115761756897 0.27364954352378845 0.6681822538375854
0.1598135083913803 0.5715305805206299 0.1859527975320816 0.60605788230896
0.2255055010318756 0.6078481078147888 0.26244622468948364 0.6602376103401184
0.15334297716617584 0.5655409693717957 0.17951087653636932 0.5974918007850647
0.7195091247558594 0.617146909236908 0.8337756395339966 0.6463355422019958
0.2563348412513733 0.6274908781051636 0.29142844676971436 0.6809816360473633
0.22476205229759216 0.6171013712882996 0.25111281871795654 0.6607746481895447
