0.6176989078521729 0.8079478144645691 0.738375186920166 0.9441638588905334
0.26076841354370117 0.631123960018158 0.2995932698249817 0.6905494332313538
0.33024489879608154 0.6637007594108582 0.38692206144332886 0.7421768307685852
0.7882912755012512 0.0 0.9597662091255188 0.13896071910858154
0.23920685052871704 0.615082323551178 0.27353161573410034 0.6681786179542542
0.15987998247146606 0.571877658367157 0.18602582812309265 0.6060720086097717
0.2253541201353073 0.6077723503112793 0.26269739866256714 0.6602153778076172
0.5123420357704163 0.5879237651824951 0.601743757724762 0.6106957197189331
0.1528993844985962 0.5649013519287109 0.17919260263442993 0.5966336727142334
0.25567781925201416 0.6273950934410095 0.29084569215774536 0.680602490901947
0.22483623027801514 0.6166455149650574 0.2508377730846405 0.6608738303184509
