0.618302583694458 0.7975904941558838 0.7373037338256836 0.9400299787521362
0.2607917785644531 0.631106436252594 0.299624502658844 0.6905407309532166
0.7883807420730591 0.0 0.9600586891174316 0.1391698271036148
0.3303237855434418 0.6637327075004578 0.3869967758655548 0.7424505352973938
0.23922303318977356 0.6147295236587524 0.2735201418399811 0.6682915687561035
0.1597963273525238 0.5716074705123901 0.1862487494945526 0.6062895059585571
0.22528551518917084 0.6075907945632935 0.2629207968711853 0.6605008840560913
0.15307019650936127 0.5651477575302124 0.17941085994243622 0.596979022026062
0.5004433989524841 0.585022509098053 0.5928143858909607 0.608898937702179
0.2560664713382721 0.62743079662323 0.29111531376838684 0.6808358430862427
0.22489340603351593 0.6161625981330872 0.25085195899009705 0.6609558463096619
