0.6177071928977966 0.8086903691291809 0.7386297583580017 0.9461875557899475
0.2607704997062683 0.6311438679695129 0.29957902431488037 0.6905469298362732
0.33020010590553284 0.6636232733726501 0.38693419098854065 0.7422153353691101
0.7883352041244507 0.0 0.958358645439148 0.13856986165046692
0.2391802817583084 0.6149991750717163 0.27348849177360535 0.6680878400802612
0.15986576676368713 0.5719819068908691 0.18614020943641663 0.6059192419052124
0.22533844411373138 0.6076768040657043 0.2628091275691986 0.6602329611778259
0.5201065540313721 0.5890156626701355 0.6105546951293945 0.6127496361732483
0.15298853814601898 0.5651412010192871 0.179359570145607 0.5967283248901367
0.22487938404083252 0.6147935390472412 0.25181302428245544 0.6609594821929932
0.2557070851325989 0.6274082660675049 0.2908257842063904 0.6806207895278931
