0.538972020149231 0.6349874138832092 0.6742587089538574 0.7719348073005676
0.26083871722221375 0.6312955021858215 0.29946669936180115 0.6899042725563049
0.7885660529136658 0.0 0.9633316397666931 0.1385812610387802
0.33026060461997986 0.6651632189750671 0.3871475160121918 0.7427876591682434
0.23959067463874817 0.6152811050415039 0.2735542953014374 0.6676474809646606
0.16108933091163635 0.5718382596969604 0.18642687797546387 0.6072181463241577
0.22595489025115967 0.6078565716743469 0.26315754652023315 0.6599168181419373
0.15192213654518127 0.5639922022819519 0.17803937196731567 0.5957162976264954
0.2565203607082367 0.6276792883872986 0.29176804423332214 0.6811980605125427
0.2253539264202118 0.6149962544441223 0.2522139847278595 0.6603520512580872
0.8780124187469482 0.10147901624441147 0.9977343082427979 0.33995237946510315
0.6145827770233154 0.7667041420936584 0.7045670747756958 0.8675161004066467
