0.2607765197753906 0.631232500076294 0.29945772886276245 0.689777135848999
0.5050333738327026 0.6290363073348999 0.6299842596054077 0.7343845367431641
0.33021822571754456 0.6647536158561707 0.3870753347873688 0.7426345944404602
0.7868952751159668 0.0 0.976994514465332 0.14035828411579132
0.23957037925720215 0.6145902276039124 0.2735690474510193 0.6676673293113708
0.16108357906341553 0.5719174742698669 0.18632778525352478 0.6070502400398254
0.22595791518688202 0.6077446937561035 0.26358067989349365 0.6602704524993896
0.15176630020141602 0.5640087127685547 0.17835280299186707 0.595573902130127
0.8704197406768799 0.09556978195905685 0.9979871511459351 0.33897748589515686
0.22548793256282806 0.614733874797821 0.25219249725341797 0.6603574156761169
