0.260861873626709 0.6312591433525085 0.29943323135375977 0.6897875666618347
0.45072001218795776 0.6241446137428284 0.5529394745826721 0.6930497288703918
0.33035093545913696 0.6651055812835693 0.3868253231048584 0.7429870367050171
0.7870553731918335 0.0 0.9699150323867798 0.13925352692604065
0.23934467136859894 0.6148721575737 0.2734532952308655 0.6674975752830505
0.16097506880760193 0.571852445602417 0.1863509714603424 0.607184886932373
0.22582516074180603 0.6076788902282715 0.2637619078159332 0.6604173183441162
0.15195642411708832 0.5639471411705017 0.17834611237049103 0.5950310826301575
0.3295823931694031 0.5583537817001343 0.3851996660232544 0.5750216245651245
0.25689736008644104 0.6278055906295776 0.29171493649482727 0.6811347007751465
0.8805855512619019 0.0917549878358841 0.9978469610214233 0.3387618064880371
