0.2608777582645416 0.631295919418335 0.29934975504875183 0.6898247003555298
0.44266268610954285 0.6241827607154846 0.5422384142875671 0.6885237097740173
0.33030956983566284 0.665023684501648 0.386880099773407 0.7428559064865112
0.7879367470741272 0.0 0.9682106375694275 0.13870245218276978
0.2394794374704361 0.6150671243667603 0.2734772264957428 0.6676194667816162
0.16109015047550201 0.571815550327301 0.18644849956035614 0.6071284413337708
0.2258457988500595 0.6077747344970703 0.26365822553634644 0.6603497266769409
0.3272761106491089 0.5573421120643616 0.3789542317390442 0.5748212933540344
0.15228603780269623 0.564113974571228 0.17840571701526642 0.5954376459121704
0.25686442852020264 0.6277826428413391 0.29158687591552734 0.6810736060142517
0.2254011183977127 0.6148426532745361 0.25221505761146545 0.6604619026184082
0.8757215142250061 0.09040573239326477 0.997931182384491 0.33771106600761414
