0.2609860301017761 0.6312899589538574 0.29962342977523804 0.68996262550354
0.40931954979896545 0.37639516592025757 0.4818831980228424 0.48846566677093506
0.3299018144607544 0.6643625497817993 0.3865935206413269 0.7415016889572144
0.24045328795909882 0.6165635585784912 0.2742542326450348 0.6697788238525391
0.22675855457782745 0.6083770990371704 0.2624620199203491 0.6596541404724121
0.5005919337272644 0.6110961437225342 0.5788795351982117 0.6348575353622437
0.15971972048282623 0.5694662928581238 0.18807630240917206 0.6064402461051941
0.1629749834537506 0.5468602180480957 0.18757551908493042 0.5687400102615356
0.1523502767086029 0.5660985112190247 0.18221768736839294 0.5980302691459656
0.22624589502811432 0.6172516942024231 0.25163060426712036 0.6603736281394958
0.5025180578231812 0.6111552119255066 0.5885217189788818 0.6350547671318054
0.14954683184623718 0.5646576285362244 0.1766575574874878 0.5920577645301819
0.5232769250869751 0.6142359375953674 0.588067889213562 0.6324921250343323
