0.2609385848045349 0.6311381459236145 0.2996240258216858 0.6898515820503235
0.40732017159461975 0.3607909381389618 0.4809727370738983 0.45264217257499695
0.3302505314350128 0.6646762490272522 0.3865148723125458 0.7418563961982727
0.5418541431427002 0.6153793931007385 0.6174823045730591 0.6415159106254578
0.2403242588043213 0.616247832775116 0.2743614912033081 0.6697779297828674
0.22658291459083557 0.6084244847297668 0.26212581992149353 0.6596834063529968
0.15970534086227417 0.5700380206108093 0.1875513792037964 0.6040598750114441
0.15343314409255981 0.5666596293449402 0.18256545066833496 0.5978850722312927
0.23297064006328583 0.6129406690597534 0.2681238353252411 0.6646436452865601
0.1625937819480896 0.5465787649154663 0.18672776222229004 0.5689820051193237
0.22575430572032928 0.6168946623802185 0.2517070770263672 0.6603513360023499
0.1495964378118515 0.5643972754478455 0.1768338531255722 0.5920402407646179
0.5924976468086243 0.6208755373954773 0.6612234711647034 0.7614734768867493
