0.26101958751678467 0.631269097328186 0.29962044954299927 0.6897735595703125
0.41042786836624146 0.3918455243110657 0.48446476459503174 0.5036818385124207
0.3300425410270691 0.6642046570777893 0.3865804076194763 0.7416762709617615
0.24048328399658203 0.616338849067688 0.2742406725883484 0.6699130535125732
0.2267441302537918 0.6083868741989136 0.2619532346725464 0.6596720218658447
0.23324885964393616 0.6104763746261597 0.27109619975090027 0.6624618768692017
0.16286152601242065 0.5470245480537415 0.18777459859848022 0.5686066746711731
0.16061073541641235 0.5748763680458069 0.18797901272773743 0.6062687039375305
0.15118327736854553 0.5657649040222168 0.1827484667301178 0.5966085195541382
0.2258952558040619 0.6168438792228699 0.25157102942466736 0.6604272723197937
0.2567763030529022 0.6277618408203125 0.29163727164268494 0.6810681819915771
