0.26097315549850464 0.6312030553817749 0.29971152544021606 0.6901236772537231
0.7879371047019958 0.0 0.9746885895729065 0.13938796520233154
0.32996299862861633 0.664969265460968 0.3873017728328705 0.7424291968345642
0.384626179933548 0.6097139120101929 0.4648798406124115 0.6617246866226196
0.2395319938659668 0.6147072315216064 0.2734750509262085 0.6678470373153687
0.16028164327144623 0.5718967914581299 0.18638764321804047 0.6073600053787231
0.22548621892929077 0.6075457334518433 0.2633436620235443 0.6601535081863403
0.1524069905281067 0.5646865963935852 0.1791781187057495 0.5965630412101746
0.7220757603645325 0.03572061285376549 0.7954891324043274 0.06725890934467316
0.2557407319545746 0.627311646938324 0.2899135649204254 0.6801932454109192
0.7209405899047852 0.03523286432027817 0.7959312200546265 0.06610843539237976
0.2253810614347458 0.6152079701423645 0.2521899938583374 0.6605455279350281
0.8753925561904907 0.08633475005626678 0.9980555772781372 0.3367995023727417
