0.26103881001472473 0.6312816143035889 0.29966452717781067 0.6900081634521484
0.33030322194099426 0.6650353670120239 0.38731130957603455 0.7424618005752563
0.33888664841651917 0.5956115126609802 0.40216729044914246 0.6409916281700134
0.7430316209793091 0.00014644116163253784 0.9811176061630249 0.13970232009887695
0.16044887900352478 0.5722104907035828 0.18664416670799255 0.6079991459846497
0.23982204496860504 0.6147874593734741 0.27381694316864014 0.6682435274124146
0.22557786107063293 0.6076400876045227 0.26310643553733826 0.6598526835441589
0.15175564587116241 0.5639406442642212 0.17838545143604279 0.595157265663147
0.22545260190963745 0.6154029965400696 0.2520591616630554 0.6604031920433044
0.2553916871547699 0.6273380517959595 0.2894764840602875 0.679908275604248
