0.2611592710018158 0.6313717365264893 0.299614816904068 0.6902934312820435
0.7873607277870178 0.0 0.9697462916374207 0.13935703039169312
0.3303627371788025 0.663515567779541 0.3871309161186218 0.7424061298370361
0.23383767902851105 0.5665168762207031 0.26883915066719055 0.5922058820724487
0.24033884704113007 0.6153746843338013 0.2746531069278717 0.6698513031005859
0.1609336882829666 0.5716733932495117 0.18729360401630402 0.607176661491394
0.1515454202890396 0.5635196566581726 0.17799289524555206 0.5950503945350647
0.22731010615825653 0.6102571487426758 0.26429426670074463 0.6605502367019653
0.960439920425415 0.6726783514022827 0.9998385906219482 0.7062501907348633
0.35628560185432434 0.8428770899772644 0.4005195200443268 0.8559204936027527
0.2254636138677597 0.6174634099006653 0.2513461709022522 0.6603662371635437
