0.26097074151039124 0.6308778524398804 0.2995770275592804 0.690026044845581
0.3303276300430298 0.6635441184043884 0.3870844841003418 0.7427813410758972
0.7879170775413513 0.0 0.9710801243782043 0.13972458243370056
0.24545729160308838 0.5701907277107239 0.284512460231781 0.5982533097267151
0.23954543471336365 0.6152260303497314 0.27396872639656067 0.6676579713821411
0.16081219911575317 0.5718784332275391 0.18712615966796875 0.6065267324447632
0.2262587547302246 0.608191192150116 0.26248860359191895 0.6598017811775208
0.15194636583328247 0.563866138458252 0.17819368839263916 0.5948402881622314
0.22570127248764038 0.616129457950592 0.2516012489795685 0.6603299975395203
0.2566971182823181 0.6272994875907898 0.2920594811439514 0.68117755651474
