0.26087263226509094 0.631386935710907 0.2995183765888214 0.6902150511741638
0.7888447642326355 0.0 0.9614729285240173 0.13777008652687073
0.3303698003292084 0.6633709669113159 0.3870864808559418 0.7425298690795898
0.23898962140083313 0.6155856847763062 0.2734784781932831 0.667171835899353
0.1610967069864273 0.5717061161994934 0.18702362477779388 0.6072309613227844
0.226762592792511 0.6081265211105347 0.2632761597633362 0.6601269245147705
0.8007317185401917 0.6352394819259644 0.9231629967689514 0.6690113544464111
0.15126702189445496 0.5636267066001892 0.17768481373786926 0.5947087407112122
0.21864891052246094 0.5618088245391846 0.24813851714134216 0.5834593772888184
0.22583059966564178 0.6158700585365295 0.2520028352737427 0.6603334546089172
0.25438833236694336 0.6265944242477417 0.29055625200271606 0.6803181171417236
