0.2609404921531677 0.6314961314201355 0.2999098300933838 0.6903256773948669
0.7888734340667725 0.0 0.9634361267089844 0.13856321573257446
0.3301408588886261 0.6634014844894409 0.3871406018733978 0.7427961826324463
0.5924044251441956 0.6006269454956055 0.6871432662010193 0.6268802881240845
0.24003221094608307 0.6163213849067688 0.2739136219024658 0.6679028868675232
0.16017545759677887 0.5718743801116943 0.18733786046504974 0.6072807312011719
0.22605516016483307 0.6080332398414612 0.261840283870697 0.6597962975502014
0.20272502303123474 0.5578997135162354 0.23250266909599304 0.5771151781082153
0.1518605798482895 0.563643217086792 0.17860163748264313 0.5953130722045898
0.22517532110214233 0.6156530380249023 0.2518123388290405 0.6604387760162354
0.8745560646057129 0.10480549931526184 0.997758150100708 0.3414399325847626
0.25401297211647034 0.6268120408058167 0.2891211211681366 0.679758608341217
