0.26088717579841614 0.6315825581550598 0.2998981773853302 0.6902990937232971
0.7893877029418945 0.0 0.9649739265441895 0.13857483863830566
0.33017316460609436 0.6631678938865662 0.3870309889316559 0.7426086068153381
0.6355501413345337 0.6056925058364868 0.7321137189865112 0.6394146680831909
0.23984059691429138 0.6163455843925476 0.2738390862941742 0.6677476763725281
0.16011561453342438 0.5716835260391235 0.18732227385044098 0.6071501970291138
0.22583183646202087 0.607414960861206 0.2617156505584717 0.6600416898727417
0.2041403353214264 0.5581645965576172 0.233595073223114 0.5776481628417969
0.15239697694778442 0.56427401304245 0.1790241003036499 0.5962473750114441
0.25398266315460205 0.6268112659454346 0.28951817750930786 0.6799572706222534
0.878345787525177 0.09847820550203323 0.9976888298988342 0.3392035663127899
0.2248423993587494 0.616872251033783 0.25101664662361145 0.6602508425712585
