0.26082509756088257 0.6313990354537964 0.30009615421295166 0.6901687383651733
0.7885309457778931 0.0 0.9582583904266357 0.13853633403778076
0.33002594113349915 0.6645848155021667 0.38719263672828674 0.7439042925834656
0.23964805901050568 0.6155985593795776 0.2734372317790985 0.6674593687057495
0.5405449867248535 0.5942150950431824 0.6306942701339722 0.6189443469047546
0.1601073145866394 0.5716956257820129 0.1869899332523346 0.6073543429374695
0.22600464522838593 0.6072386503219604 0.26299041509628296 0.6602340936660767
0.20081648230552673 0.5567780137062073 0.22877946496009827 0.5765110850334167
0.1524982452392578 0.5643603801727295 0.17890959978103638 0.5966614484786987
0.254574179649353 0.6270062327384949 0.2896079421043396 0.6799163222312927
