0.2611111104488373 0.6314360499382019 0.29978665709495544 0.6894059777259827
0.7865338921546936 1.8805265426635742e-05 0.9734622836112976 0.13544383645057678
0.3303437829017639 0.6650740504264832 0.3868974447250366 0.7426136136054993
0.24028050899505615 0.6152965426445007 0.274647057056427 0.6693474650382996
0.1603483259677887 0.5715543627738953 0.18659254908561707 0.6074742674827576
0.2263108640909195 0.6085063219070435 0.26284223794937134 0.660258412361145
0.15414436161518097 0.5661794543266296 0.17936734855175018 0.5989659428596497
0.17388476431369781 0.5452382564544678 0.1945173591375351 0.5610030889511108
0.35886529088020325 0.6352376937866211 0.41228345036506653 0.6499451398849487
0.3150101900100708 0.565781831741333 0.36722463369369507 0.5781236886978149
0.22552822530269623 0.6157593131065369 0.2515619993209839 0.6606029868125916
0.15045113861560822 0.564257800579071 0.17450271546840668 0.5917698740959167
