0.4105818271636963 0.3982169032096863 0.48416024446487427 0.5107386708259583
0.26093044877052307 0.6311299204826355 0.3000992238521576 0.6899455189704895
0.33008596301078796 0.6642571091651917 0.38626155257225037 0.7415607571601868
0.23876550793647766 0.6144475340843201 0.2735895812511444 0.667222797870636
0.22623257339000702 0.6076021194458008 0.2627459168434143 0.6599527597427368
0.1604272723197937 0.5748464465141296 0.18776604533195496 0.6073287129402161
0.1633126437664032 0.5467804074287415 0.1876983642578125 0.5686166882514954
0.1507621556520462 0.5650513768196106 0.18007896840572357 0.5953559279441833
0.22590482234954834 0.6159472465515137 0.2520637512207031 0.6602644920349121
0.25676143169403076 0.6274573802947998 0.2919256091117859 0.6809744834899902
