0.260937362909317 0.6313286423683167 0.2997837960720062 0.6895307898521423
0.3299686312675476 0.665034830570221 0.3870631456375122 0.7429046034812927
0.2391737997531891 0.6148585081100464 0.27373775839805603 0.6677309274673462
0.16018898785114288 0.5722975134849548 0.18672461807727814 0.6074449419975281
0.2261171191930771 0.6081907749176025 0.2624332904815674 0.659868597984314
0.15219733119010925 0.5652972459793091 0.17800724506378174 0.5964763164520264
0.2254963219165802 0.615282416343689 0.251700222492218 0.6605870723724365
0.15451274812221527 0.5370232462882996 0.17072241008281708 0.5525773167610168
0.3552154004573822 0.5777075886726379 0.4153558909893036 0.5921041369438171
0.2568781077861786 0.6275042295455933 0.29183438420295715 0.6810746192932129
