0.26088574528694153 0.6312904357910156 0.2995450794696808 0.6902958154678345
0.3299972414970398 0.6656402349472046 0.38725394010543823 0.7425214052200317
0.4687407612800598 0.08347703516483307 0.5670005679130554 0.1859096735715866
0.2392725944519043 0.6153407096862793 0.27357161045074463 0.6677615642547607
0.1603568196296692 0.5718941688537598 0.18613171577453613 0.6064908504486084
0.22577297687530518 0.6086146235466003 0.26215311884880066 0.6604706645011902
0.15296238660812378 0.5651475191116333 0.17888811230659485 0.5965374708175659
0.43867427110671997 0.590194582939148 0.5158295631408691 0.6057238578796387
0.2547667920589447 0.6271653771400452 0.2897665798664093 0.6801560521125793
0.467471182346344 0.08550165593624115 0.5645645260810852 0.18915168941020966
0.2248014509677887 0.616271436214447 0.2512882947921753 0.6606621146202087
