0.26108771562576294 0.6315454840660095 0.2996337413787842 0.6895883679389954
0.3298480212688446 0.6653150320053101 0.3871288001537323 0.7427051067352295
0.43333956599235535 0.16421851515769958 0.5150797367095947 0.2639891505241394
0.24035975337028503 0.6161817908287048 0.2744583785533905 0.6695080399513245
0.16039155423641205 0.5718498826026917 0.1865980476140976 0.6074190735816956
0.22572745382785797 0.6082693934440613 0.26286476850509644 0.6605097651481628
0.1525154709815979 0.5648030638694763 0.17862075567245483 0.5962170958518982
0.46938374638557434 0.5909735560417175 0.5531446933746338 0.6098305583000183
0.25671663880348206 0.627822756767273 0.2911575138568878 0.6805076599121094
0.22495099902153015 0.616856575012207 0.2511327266693115 0.6604441404342651
