0.261053204536438 0.631472110748291 0.2996765375137329 0.6895005702972412
0.45133063197135925 0.12249677628278732 0.5408563613891602 0.22661557793617249
0.32989928126335144 0.6652165651321411 0.3871106803417206 0.7427699565887451
0.23882684111595154 0.6144685745239258 0.2736998498439789 0.6680450439453125
0.1604577749967575 0.5719470977783203 0.18651007115840912 0.6073592901229858
0.2250387817621231 0.6073042750358582 0.2632026672363281 0.6608880162239075
0.15246011316776276 0.5645920038223267 0.1783972531557083 0.5958255529403687
0.45383724570274353 0.590766191482544 0.5330225229263306 0.607191801071167
0.2566113770008087 0.6276546120643616 0.2909243404865265 0.680472195148468
0.26683923602104187 0.5442858338356018 0.3069542348384857 0.5594199299812317
