0.4075540006160736 0.42181292176246643 0.4851652681827545 0.5347214341163635
0.26097172498703003 0.6311927437782288 0.299690842628479 0.6904496550559998
0.32992643117904663 0.6654223799705505 0.3870805501937866 0.7419541478157043
0.2393949180841446 0.6150146722793579 0.2737666964530945 0.6681278944015503
0.2247476428747177 0.607197642326355 0.26236921548843384 0.660271167755127
0.16041339933872223 0.5718669891357422 0.18654431402683258 0.6080878973007202
0.15192097425460815 0.5638273358345032 0.17865926027297974 0.595628559589386
0.6712552309036255 0.6222848892211914 0.7846502065658569 0.6499446630477905
0.7862331867218018 0.6009125113487244 0.8174524307250977 0.6537306904792786
0.2552555203437805 0.6270558834075928 0.28977346420288086 0.6801251173019409
