0.2609868049621582 0.6312684416770935 0.29958057403564453 0.6902946829795837
0.42076268792152405 0.5017882585525513 0.5163231492042542 0.6222800016403198
0.32987239956855774 0.6656258702278137 0.3870856463909149 0.7419564127922058
0.23920461535453796 0.6151413321495056 0.27372047305107117 0.6676848530769348
0.22475382685661316 0.6070318222045898 0.26285791397094727 0.6603267192840576
0.16060851514339447 0.5718162059783936 0.18624399602413177 0.6073333024978638
0.15149429440498352 0.5639136433601379 0.17831534147262573 0.5954321026802063
0.8102454543113708 0.6433469653129578 0.93479984998703 0.6733072400093079
0.2552368640899658 0.6270286440849304 0.29029762744903564 0.6803159117698669
0.15271054208278656 0.56512451171875 0.18401525914669037 0.6043378114700317
