0.2609611451625824 0.631152331829071 0.2995753586292267 0.690173327922821
0.3300308585166931 0.66574627161026 0.3870876431465149 0.7424102425575256
0.4720764756202698 0.5858593583106995 0.6065542101860046 0.686001718044281
0.23929066956043243 0.6150298118591309 0.27368777990341187 0.6678540706634521
0.931688129901886 0.6648313403129578 0.9993645548820496 0.6991811394691467
0.2245166301727295 0.6071483492851257 0.26217910647392273 0.6604669690132141
0.16057085990905762 0.5719004273414612 0.1861811876296997 0.6075640320777893
0.15147265791893005 0.5640669465065002 0.1784287393093109 0.5952398180961609
0.462691992521286 0.14332711696624756 0.5284016132354736 0.16111311316490173
0.47296854853630066 0.5857354998588562 0.6061011552810669 0.6853041052818298
0.25504806637763977 0.6267309784889221 0.29013124108314514 0.6802460551261902
