0.2608731985092163 0.6310964226722717 0.29948246479034424 0.6903030276298523
0.3296853303909302 0.6654877662658691 0.38708460330963135 0.7418932914733887
0.23877166211605072 0.6150223612785339 0.2738076150417328 0.66755610704422
0.22457128763198853 0.6070469617843628 0.2635243535041809 0.6602526903152466
0.1601014882326126 0.5731579065322876 0.18640609085559845 0.6075410842895508
0.15126636624336243 0.5641704797744751 0.17849963903427124 0.5950309038162231
0.6785956621170044 0.6553602814674377 0.9447203874588013 0.7706676125526428
0.6779400706291199 0.6551035642623901 0.9434531331062317 0.771753191947937
0.25539401173591614 0.6270760297775269 0.290511816740036 0.6804115772247314
0.7466248273849487 0.743777334690094 0.9646741151809692 0.8655634522438049
