0.2610236704349518 0.6311283111572266 0.2994025647640228 0.690485954284668
0.3297855854034424 0.6655657887458801 0.3872866630554199 0.7423130869865417
0.23894663155078888 0.6152732968330383 0.2736300826072693 0.6674744486808777
0.22485722601413727 0.6070356965065002 0.2633841335773468 0.6602210402488708
0.16068677604198456 0.5729050040245056 0.1874697059392929 0.6074814200401306
0.15145649015903473 0.5635926723480225 0.1786809116601944 0.5941166877746582
0.7476546168327332 0.6734143495559692 0.9971968531608582 0.8118833303451538
0.7463561296463013 0.6737403273582458 0.9991556406021118 0.8143536448478699
0.25503209233283997 0.6270161867141724 0.28955313563346863 0.6799540519714355
0.5327742099761963 0.03354203701019287 0.6067888736724854 0.05856257677078247
