0.402828574180603 0.3109726011753082 0.5289853811264038 0.37129440903663635
0.3761312961578369 0.1895587146282196 0.5114872455596924 0.26597604155540466
0.3767612874507904 0.46170774102211 0.49613770842552185 0.523521900177002
0.17554152011871338 0.26758208870887756 0.2353363335132599 0.3014678657054901
0.1297478824853897 0.20758594572544098 0.18878324329853058 0.2563348710536957
0.5889573097229004 0.23338110744953156 0.7852694988250732 0.32861340045928955
0.2949252724647522 0.32337406277656555 0.38338160514831543 0.36603519320487976
0.1068793386220932 0.2774210572242737 0.14943449199199677 0.302026629447937
0.17664338648319244 0.4055725336074829 0.23318539559841156 0.4386937618255615
0.1258191615343094 0.3270309567451477 0.16838301718235016 0.35567206144332886
0.0668078064918518 0.3632170855998993 0.10304759442806244 0.38750186562538147
0.25192371010780334 0.13027770817279816 0.3081003725528717 0.14538522064685822
0.11282413452863693 0.3748358488082886 0.16483423113822937 0.40516310930252075
0.0890495777130127 0.3210946321487427 0.12464514374732971 0.3437459468841553
0.6854672431945801 0.4658569395542145 0.9568701982498169 0.5498397350311279
0.5889573097229004 0.23338110744953156 0.7852694988250732 0.32861340045928955
0.032456595450639725 0.31647297739982605 0.0540073923766613 0.3338984549045563
0.05453372746706009 0.3193780183792114 0.09364818781614304 0.3411197066307068
0.0063934326171875 0.008859038352966309 0.927588164806366 0.8959704041481018
0.22679533064365387 0.429452121257782 0.3026481866836548 0.47215789556503296
0.2519534230232239 0.3222646713256836 0.3078238368034363 0.3584822416305542
0.009064638055860996 0.3374885618686676 0.031954824924468994 0.3543601334095001
0.03726714849472046 0.3526817858219147 0.07156252861022949 0.37542518973350525
0.17658129334449768 0.40534043312072754 0.23311644792556763 0.4387471079826355
0.013144055381417274 0.31344568729400635 0.03313000500202179 0.32824814319610596
0.1825248897075653 0.3298546373844147 0.24627894163131714 0.3633611500263214
0.21614690124988556 0.3220570385456085 0.2957060933113098 0.36035147309303284
0.22736169397830963 0.4296640157699585 0.3026745617389679 0.4721214771270752
0.1825970858335495 0.33189207315444946 0.22059889137744904 0.35911738872528076
