0.30809834599494934 0.44575366377830505 0.40451130270957947 0.5014804005622864
0.6612244844436646 0.0 0.9389026165008545 0.15555688738822937
0.38001418113708496 0.3155878186225891 0.5001661777496338 0.3728484511375427
0.5557979345321655 0.24779850244522095 0.7359437942504883 0.33287322521209717
0.26021432876586914 0.25140509009361267 0.3343200087547302 0.29428669810295105
0.1972358524799347 0.4163467288017273 0.2610298693180084 0.4563376307487488
0.12334237992763519 0.2748306095600128 0.16793037950992584 0.3015412986278534
0.12921109795570374 0.2089182585477829 0.18804195523262024 0.255752295255661
0.0725841075181961 0.27860575914382935 0.1071617603302002 0.30133920907974243
0.2835662364959717 0.3241206705570221 0.366793155670166 0.3652246296405792
0.6377482414245605 0.7473781108856201 0.9245491027832031 0.8771430253982544
0.264851838350296 0.1130751520395279 0.32328900694847107 0.13057686388492584
0.15559640526771545 0.398745596408844 0.2092037796974182 0.4311370849609375
0.5355505347251892 0.4661932587623596 0.7212081551551819 0.536363422870636
0.10802845656871796 0.32459068298339844 0.14689280092716217 0.3511456251144409
0.05396803840994835 0.35797983407974243 0.0885506123304367 0.3819146156311035
0.24704277515411377 0.246984601020813 0.2920840382575989 0.29736262559890747
0.01043623685836792 0.02302679419517517 0.8975770473480225 0.8682910203933716
0.09580163657665253 0.3686397075653076 0.1428333967924118 0.3956097364425659
0.07268279045820236 0.31927645206451416 0.10421035438776016 0.3411129117012024
0.02737169712781906 0.3481552302837372 0.058299630880355835 0.36874327063560486
0.016597896814346313 0.3143736720085144 0.03849533945322037 0.33205825090408325
0.7852400541305542 0.0765906348824501 1.0 0.27488696575164795
0.04342223331332207 0.3174832761287689 0.07503722608089447 0.3364619314670563
0.230586975812912 0.32450026273727417 0.28309932351112366 0.3591035008430481
0.7852230668067932 0.07580441981554031 1.0 0.2728019952774048
0.09633991122245789 0.36845162510871887 0.14263716340065002 0.3957878053188324
0.2795102298259735 0.32496994733810425 0.3295671045780182 0.3624284267425537
0.5568980574607849 0.2485775351524353 0.7355812191963196 0.33346015214920044
0.16587603092193604 0.32555636763572693 0.24739503860473633 0.36169567704200745
0.15559640526771545 0.398745596408844 0.2092037796974182 0.4311370849609375
0.637235164642334 0.7477043867111206 0.9225281476974487 0.8766117095947266
0.028221309185028076 0.058566540479660034 0.6417834162712097 0.5776844024658203
