0.43983373045921326 0.30118048191070557 0.5810586214065552 0.3679947853088379
0.7978903651237488 0.0008888803422451019 0.9982684254646301 0.10461291670799255
0.5050147771835327 0.4762912392616272 0.6925442218780518 0.5566512942314148
0.3022429049015045 0.2291601151227951 0.3946373760700226 0.2821991741657257
0.1768036037683487 0.2647802531719208 0.23595772683620453 0.3000679314136505
0.31970882415771484 0.31997883319854736 0.4140920042991638 0.36479300260543823
0.6673672795295715 0.20216794312000275 0.9017384648323059 0.3135983943939209
0.29073941707611084 0.4466716945171356 0.3859056830406189 0.4931313693523407
0.12904970347881317 0.20754177868366241 0.1887485831975937 0.2565799951553345
0.14678144454956055 0.3299514055252075 0.19397109746932983 0.3599575161933899
0.23304252326488495 0.13889318704605103 0.2869517207145691 0.15372136235237122
0.21176677942276 0.4164137840270996 0.27806320786476135 0.45499730110168457
0.13744643330574036 0.38582536578178406 0.19594904780387878 0.4169194996356964
0.08331182599067688 0.36994755268096924 0.12560223042964935 0.3961876630783081
0.02238624542951584 0.3455008268356323 0.05237703025341034 0.3621610403060913
0.01133701205253601 0.019487589597702026 0.8663084506988525 0.79493248462677
0.04395608603954315 0.2813163697719574 0.0710931196808815 0.2996703088283539
0.20129194855690002 0.3302246928215027 0.26780179142951965 0.36533159017562866
0.6677121520042419 0.20105214416980743 0.9001254439353943 0.31371167302131653
0.23601655662059784 0.3201843798160553 0.3076406419277191 0.35726991295814514
0.10607950389385223 0.32412296533584595 0.14266063272953033 0.34803932905197144
0.04044979065656662 0.3572213351726532 0.08992656320333481 0.38401779532432556
0.0022967755794525146 0.14314250648021698 0.39710748195648193 0.4993712902069092
0.0469544380903244 0.31828364729881287 0.07084891945123672 0.3363301455974579
0.08339585363864899 0.3700861632823944 0.1254829317331314 0.39605405926704407
0.0699368268251419 0.3202330470085144 0.11203049123287201 0.3433036804199219
0.21176677942276 0.4164137840270996 0.27806320786476135 0.45499730110168457
0.20241156220436096 0.3316778242588043 0.2368670403957367 0.3622446358203888
0.23601655662059784 0.3201843798160553 0.3076406419277191 0.35726991295814514
0.04044979065656662 0.3572213351726532 0.08992656320333481 0.38401779532432556
0.21443946659564972 0.32853108644485474 0.2717995047569275 0.36437880992889404
0.015980690717697144 0.2883674204349518 0.0298004150390625 0.3030976951122284
0.02994523011147976 0.3171042203903198 0.047797657549381256 0.33372849225997925
