0.4466576874256134 0.29936450719833374 0.5906171798706055 0.36744987964630127
0.2986800968647003 0.4485468566417694 0.40009066462516785 0.4970090091228485
0.3221786618232727 0.31908467411994934 0.4221310615539551 0.3655698597431183
0.3223867118358612 0.21606086194515228 0.43061384558677673 0.27749207615852356
0.5321528315544128 0.4792710244655609 0.7371248602867126 0.5574565529823303
0.681524932384491 0.19624020159244537 0.9198666214942932 0.309856116771698
0.19201047718524933 0.2603394687175751 0.2529780864715576 0.29844239354133606
0.12914949655532837 0.20766276121139526 0.18784719705581665 0.25654956698417664
0.23047403991222382 0.13966616988182068 0.28605353832244873 0.15382882952690125
0.2178317904472351 0.4185817837715149 0.28593432903289795 0.4575653672218323
0.15074585378170013 0.3305203914642334 0.1979195922613144 0.3599601984024048
0.0503290556371212 0.28067636489868164 0.07905124127864838 0.3002150058746338
0.025562331080436707 0.3461422920227051 0.05460640788078308 0.36419570446014404
0.01544797420501709 0.02216246724128723 0.9319692850112915 0.8294705152511597
0.08578359335660934 0.37080705165863037 0.1288435459136963 0.39715349674224854
0.6814786195755005 0.19599434733390808 0.9186097383499146 0.3097129166126251
0.14020533859729767 0.3872947096824646 0.19988779723644257 0.4190683960914612
0.20555616915225983 0.33113282918930054 0.27123817801475525 0.36556369066238403
0.10898501425981522 0.3237551748752594 0.15005898475646973 0.3486119210720062
0.04370703175663948 0.3585160970687866 0.09335051476955414 0.3855448365211487
0.04820467531681061 0.31753820180892944 0.07282573729753494 0.33663487434387207
0.23918193578720093 0.3181452751159668 0.3196863532066345 0.35845088958740234
0.2178317904472351 0.4185817837715149 0.28593432903289795 0.4575653672218323
0.07176107168197632 0.3204745054244995 0.11284533143043518 0.34359532594680786
0.9084759950637817 0.0 0.9994441270828247 0.058274585753679276
0.017783915624022484 0.2879296541213989 0.03468404710292816 0.3033134341239929
0.08692651987075806 0.3711446523666382 0.12886612117290497 0.3972627520561218
0.227772518992424 0.325823575258255 0.28791555762290955 0.3619425594806671
0.00733184814453125 0.12415558099746704 0.40240028500556946 0.5011498928070068
0.23835904896259308 0.3188384473323822 0.3060762286186218 0.35749027132987976
0.028945565223693848 0.31646203994750977 0.04777819663286209 0.3336605429649353
0.019723445177078247 0.04433715343475342 0.7559007406234741 0.5461993217468262
0.21056212484836578 0.33171772956848145 0.2693041265010834 0.366147518157959
0.2621600329875946 0.31855133175849915 0.33224496245384216 0.35923078656196594
0.041745468974113464 0.3582892119884491 0.09285622835159302 0.3852076232433319
0.15074585378170013 0.3305203914642334 0.1979195922613144 0.3599601984024048
