0.34846556186676025 0.45542219281196594 0.4643290042877197 0.5089226961135864
0.4779980778694153 0.2915647327899933 0.6266363263130188 0.3634454309940338
0.2598455846309662 0.24188081920146942 0.33754822611808777 0.2871807813644409
0.4734416604042053 0.12917447090148926 0.6418326497077942 0.23048430681228638
0.3412933945655823 0.3140984773635864 0.4519891142845154 0.36547601222991943
0.12914520502090454 0.20804299414157867 0.18782401084899902 0.25643134117126465
0.24715615808963776 0.4274682104587555 0.3233624994754791 0.4671854078769684
0.6968279480934143 0.47632303833961487 0.9961650967597961 0.5796292424201965
0.10017603635787964 0.3759390115737915 0.1443580687046051 0.40306204557418823
0.22191379964351654 0.14130748808383942 0.2749599814414978 0.15499331057071686
0.1608947366476059 0.33167076110839844 0.20988501608371735 0.36302733421325684
0.08059670776128769 0.27969595789909363 0.1134578064084053 0.30124643445014954
0.06418465077877045 0.36276134848594666 0.10527335107326508 0.3901073634624481
0.24914254248142242 0.31632548570632935 0.34361976385116577 0.35883188247680664
0.15414854884147644 0.39102882146835327 0.21721339225769043 0.4266701936721802
0.21519383788108826 0.33175554871559143 0.2776033878326416 0.3656054437160492
0.1211051419377327 0.3247608542442322 0.15959665179252625 0.35131198167800903
0.7382369041442871 0.17212443053722382 0.9993042945861816 0.2948172688484192
0.031560566276311874 0.287353515625 0.05414765700697899 0.3046022057533264
0.009499618783593178 0.3375163972377777 0.029388731345534325 0.35374966263771057
0.03594932705163956 0.35086026787757874 0.0660000666975975 0.368576318025589
0.7382369041442871 0.17212443053722382 0.9993042945861816 0.2948172688484192
0.05449164658784866 0.3171564042568207 0.08351518958806992 0.33933714032173157
0.08092677593231201 0.3214527368545532 0.12340472638607025 0.34485167264938354
0.0006359219551086426 0.05513268709182739 0.9349597692489624 0.8982601165771484
0.1542382836341858 0.3910617232322693 0.2167419195175171 0.4263598918914795
0.24914254248142242 0.31632548570632935 0.34361976385116577 0.35883188247680664
0.16303066909313202 0.3315940201282501 0.20900540053844452 0.3634612262248993
0.02758651413023472 0.3161105811595917 0.04861598461866379 0.33341172337532043
0.24774286150932312 0.42753031849861145 0.3237466514110565 0.4673742353916168
0.06418465077877045 0.36276134848594666 0.10527335107326508 0.3901073634624481
0.2082560509443283 0.3318483531475067 0.25414255261421204 0.3641185462474823
0.21519383788108826 0.33175554871559143 0.2776033878326416 0.3656054437160492
0.008495360612869263 0.15674251317977905 0.4251301884651184 0.5172070860862732
