0.4314271807670593 0.15841057896614075 0.5738956332206726 0.24581661820411682
0.33632880449295044 0.45454493165016174 0.44695842266082764 0.5040414929389954
0.46979501843452454 0.2937406301498413 0.6177697777748108 0.3652506470680237
0.3351491689682007 0.3159129023551941 0.44316160678863525 0.3656291961669922
0.24266526103019714 0.24665366113185883 0.31412777304649353 0.290616512298584
0.12929494678974152 0.20795892179012299 0.1879836767911911 0.25699383020401
0.24047936499118805 0.42542657256126404 0.3102763891220093 0.4634789526462555
0.16374550759792328 0.33143603801727295 0.2070111483335495 0.36279726028442383
0.22597038745880127 0.1409536600112915 0.27725887298583984 0.1552475094795227
0.0967567190527916 0.3744240701198578 0.139911949634552 0.40157875418663025
0.14977751672267914 0.390625923871994 0.2125542312860489 0.4248502552509308
0.21673153340816498 0.3328738212585449 0.27659809589385986 0.3659241199493408
0.11697758734226227 0.3245202302932739 0.15656058490276337 0.3504890203475952
0.024271495640277863 0.2869824469089508 0.04885248839855194 0.30508044362068176
0.6345891356468201 0.4794066846370697 0.9246601462364197 0.5775443911552429
0.2502896189689636 0.3168884217739105 0.34186315536499023 0.35867932438850403
0.7255589365959167 0.17648659646511078 0.981593668460846 0.29855477809906006
0.07198412716388702 0.2782885432243347 0.1038585901260376 0.3012756109237671
0.008751928806304932 0.024629533290863037 0.9281217455863953 0.863882839679718
0.06112173944711685 0.3622652590274811 0.10116235166788101 0.3887536823749542
0.032020825892686844 0.34897881746292114 0.06348630785942078 0.36691540479660034
0.7255589365959167 0.17648659646511078 0.981593668460846 0.29855477809906006
0.026478562504053116 0.31599733233451843 0.04909953847527504 0.3338674008846283
0.016480058431625366 0.03693455457687378 0.8064969778060913 0.5988337397575378
0.05109786614775658 0.3170960247516632 0.08058834820985794 0.3372974097728729
0.07816369831562042 0.32146894931793213 0.11786316335201263 0.3447149395942688
0.1495649814605713 0.39056360721588135 0.21256405115127563 0.42451804876327515
0.23931582272052765 0.42450761795043945 0.3112659454345703 0.46601128578186035
0.2502896189689636 0.3168884217739105 0.34186315536499023 0.35867932438850403
0.21012645959854126 0.332416832447052 0.24519434571266174 0.36393749713897705
0.00640940573066473 0.33605170249938965 0.02811039611697197 0.35344934463500977
0.7240871787071228 0.17498818039894104 0.9819640517234802 0.29897263646125793
