0.3922051787376404 0.18069615960121155 0.5207170248031616 0.2564321756362915
0.45847874879837036 0.2949596047401428 0.6070488095283508 0.3667371869087219
0.32441675662994385 0.4527258276939392 0.4297589063644409 0.5009326338768005
0.33085310459136963 0.3174281120300293 0.4358444809913635 0.36547720432281494
0.2221328765153885 0.25227728486061096 0.29202699661254883 0.29506513476371765
0.12913015484809875 0.20733198523521423 0.1883699893951416 0.2568637430667877
0.2272261679172516 0.14051081240177155 0.2800220549106598 0.15481863915920258
0.5885722637176514 0.47737982869148254 0.8476274013519287 0.5674420595169067
0.15966913104057312 0.3309940695762634 0.2044670581817627 0.3624182939529419
0.7102723717689514 0.18086427450180054 0.9632791876792908 0.30154114961624146
0.23186028003692627 0.4218062460422516 0.3022002577781677 0.46286842226982117
0.09480783343315125 0.37354376912117004 0.13647374510765076 0.40021565556526184
0.14666958153247833 0.3892589211463928 0.20760478079319 0.4222995638847351
0.21696723997592926 0.3323736786842346 0.2786330580711365 0.3662704825401306
0.005390822887420654 0.01588502526283264 0.9615795612335205 0.8919836282730103
0.250166118144989 0.3185906708240509 0.32824259996414185 0.3578856885433197
0.11342848837375641 0.32440027594566345 0.15432097017765045 0.3499566614627838
0.029696069657802582 0.3483980596065521 0.06040732562541962 0.3661493957042694
0.06487804651260376 0.2802926301956177 0.09544074535369873 0.30058610439300537
0.06105108559131622 0.3615724742412567 0.09864993393421173 0.388154000043869
0.006772429682314396 0.3364763557910919 0.024937234818935394 0.35135647654533386
0.07654738426208496 0.32110634446144104 0.11672867834568024 0.3442906439304352
0.019259540364146233 0.2882172167301178 0.042779430747032166 0.30461350083351135
0.019076570868492126 0.3150412142276764 0.05085107684135437 0.3330712616443634
0.04908221215009689 0.31674256920814514 0.07835624366998672 0.33691832423210144
0.14666958153247833 0.3892589211463928 0.20760478079319 0.4222995638847351
0.23202192783355713 0.42158862948417664 0.3022167682647705 0.462822824716568
0.04530413821339607 0.3597491383552551 0.08811305463314056 0.38641053438186646
0.23350724577903748 0.319339781999588 0.3019336760044098 0.35921934247016907
0.250166118144989 0.3185906708240509 0.32824259996414185 0.3578856885433197
0.038987092673778534 0.31531503796577454 0.0745367631316185 0.33568301796913147
0.06938113272190094 0.3197927176952362 0.10684937238693237 0.3421749174594879
0.09480783343315125 0.37354376912117004 0.13647374510765076 0.40021565556526184
0.010453075170516968 0.017006784677505493 0.7705000638961792 0.6313143968582153
