0.6533775329589844 0.00205027312040329 0.9123306274414062 0.14784878492355347
0.540723979473114 0.2656749188899994 0.7315215468406677 0.3550529181957245
0.3450208306312561 0.4469834864139557 0.4496031403541565 0.4980659782886505
0.4042985439300537 0.29950255155563354 0.5354779362678528 0.359927773475647
0.1299133598804474 0.20784440636634827 0.18857577443122864 0.25609254837036133
0.21382257342338562 0.2650167644023895 0.2761736512184143 0.3014029562473297
0.2351713478565216 0.33195653557777405 0.31259313225746155 0.3696238696575165
0.1005396693944931 0.28054720163345337 0.13917776942253113 0.30551356077194214
0.061809346079826355 0.3600098490715027 0.09696565568447113 0.37903809547424316
0.030460162088274956 0.34675705432891846 0.0578727126121521 0.36586064100265503
0.19998684525489807 0.15259267389774323 0.25086742639541626 0.16657857596874237
0.897443950176239 0.13451245427131653 0.9991782307624817 0.2621544301509857
0.5939142107963562 0.4767063558101654 0.8353684544563293 0.5583895444869995
0.043339841067790985 0.2823266386985779 0.07057084888219833 0.3030855059623718
0.13398942351341248 0.32781121134757996 0.18004795908927917 0.3571479618549347
0.1365267038345337 0.38849422335624695 0.19029217958450317 0.42127683758735657
0.28246527910232544 0.3112178444862366 0.39434826374053955 0.359757661819458
0.008351489901542664 0.33706703782081604 0.029782280325889587 0.3535671532154083
0.28401610255241394 0.3116011917591095 0.39276817440986633 0.35905948281288147
0.06264983862638474 0.31849974393844604 0.09611529856920242 0.34334391355514526
0.178422749042511 0.33177122473716736 0.23530259728431702 0.3658827245235443
0.009885519742965698 0.034519076347351074 0.8797200918197632 0.9044655561447144
0.5929957628250122 0.47748592495918274 0.8337124586105347 0.5576977729797363
0.19293105602264404 0.4048200249671936 0.26797786355018616 0.44453853368759155
0.0701141506433487 0.3713688552379608 0.13764449954032898 0.4038935601711273
0.09308574348688126 0.32296472787857056 0.14059914648532867 0.34818655252456665
0.17762519419193268 0.33192145824432373 0.23594628274440765 0.36580824851989746
0.8939768075942993 0.12464623898267746 0.9993249177932739 0.2642233371734619
0.13629543781280518 0.38845381140708923 0.19060128927230835 0.42122432589530945
0.039917610585689545 0.3171650469303131 0.07293541729450226 0.33652183413505554
0.19293105602264404 0.4048200249671936 0.26797786355018616 0.44453853368759155
0.19373948872089386 0.40471532940864563 0.2665621340274811 0.4443134367465973
