0.48505574464797974 0.286660373210907 0.6464396119117737 0.3604419231414795
0.35487234592437744 0.31188350915908813 0.4677000045776367 0.36480969190597534
0.37597623467445374 0.45847055315971375 0.5019193887710571 0.5144758820533752
0.3064969778060913 0.22220374643802643 0.3960399031639099 0.2766591012477875
0.7624636888504028 0.16319772601127625 1.0 0.290810763835907
0.26452764868736267 0.4322293996810913 0.3421148359775543 0.47142553329467773
0.12933921813964844 0.20837850868701935 0.1883714199066162 0.25643593072891235
0.5947234630584717 0.04880283772945404 0.8225077390670776 0.1852884739637375
0.10454130172729492 0.37796086072921753 0.15250477194786072 0.40590840578079224
0.17097000777721405 0.3317970633506775 0.2165372222661972 0.3643980026245117
0.041131071746349335 0.3519992530345917 0.07332692295312881 0.37181970477104187
0.09792351722717285 0.2786570191383362 0.13563455641269684 0.3026083707809448
0.21766985952854156 0.1440138816833496 0.27029770612716675 0.15750810503959656
0.1617927998304367 0.3945275545120239 0.22635798156261444 0.429298460483551
0.12363727390766144 0.3251245319843292 0.1625617891550064 0.35247352719306946
0.03968687355518341 0.28374406695365906 0.06674718111753464 0.3045579493045807
0.016021817922592163 0.07006257772445679 0.9137756824493408 0.8958994746208191
0.06906069815158844 0.3645316958427429 0.11104820668697357 0.39435017108917236
0.21384012699127197 0.3315592408180237 0.28849971294403076 0.36643290519714355
0.2546166777610779 0.31461209058761597 0.35057705640792847 0.3584749102592468
0.2530583143234253 0.31444892287254333 0.3494042754173279 0.3583424985408783
0.02713621035218239 0.315568745136261 0.056958895176649094 0.3331410884857178
0.0127214714884758 0.3400663733482361 0.03485006466507912 0.3575246334075928
0.08444398641586304 0.32211530208587646 0.12760311365127563 0.34580695629119873
0.1720103919506073 0.33171993494033813 0.21584069728851318 0.3644264340400696
0.16149970889091492 0.39452019333839417 0.22585055232048035 0.429220050573349
0.057331278920173645 0.31790363788604736 0.0879187285900116 0.34022289514541626
0.21384012699127197 0.3315592408180237 0.28849971294403076 0.36643290519714355
0.10454130172729492 0.37796086072921753 0.15250477194786072 0.40590840578079224
0.02347809076309204 0.07948741316795349 0.7969986796379089 0.6111440658569336
0.016023240983486176 0.2886485159397125 0.03244481980800629 0.3041441738605499
0.06906069815158844 0.3645316958427429 0.11104820668697357 0.39435017108917236
0.5942580103874207 0.04892820119857788 0.8218033909797668 0.18753011524677277
0.594631016254425 0.04865968972444534 0.8228657841682434 0.18712222576141357
0.7624636888504028 0.16319772601127625 1.0 0.290810763835907
