0.30783557891845703 0.4423089027404785 0.4044559597969055 0.4875987768173218
0.5171713829040527 0.2725531756877899 0.7004702091217041 0.35637781023979187
0.38738900423049927 0.3046846091747284 0.50815349817276 0.3620818555355072
0.47967997193336487 0.12328831851482391 0.6393961310386658 0.21893472969532013
0.1287662535905838 0.2188721001148224 0.1874445527791977 0.25546619296073914
0.830496072769165 0.14245033264160156 0.9998782873153687 0.27829402685165405
0.07437755912542343 0.2823471426963806 0.10647348314523697 0.3051989674568176
0.47800976037979126 0.4642440974712372 0.6472843289375305 0.5332642793655396
0.2780493199825287 0.3134166896343231 0.37167617678642273 0.3588809072971344
0.20669856667518616 0.14936545491218567 0.2571258842945099 0.16467157006263733
0.15755821764469147 0.2748335599899292 0.21034382283687592 0.30464452505111694
0.023629548028111458 0.34492528438568115 0.04859936237335205 0.36203503608703613
0.18172478675842285 0.39891108870506287 0.25178971886634827 0.4382045567035675
0.22472429275512695 0.3338114023208618 0.3018786311149597 0.36889731884002686
0.12968848645687103 0.3261731266975403 0.17500905692577362 0.35536670684814453
0.008946985006332397 0.03882235288619995 0.8481936454772949 0.8701791763305664
0.12268859148025513 0.38459253311157227 0.17590248584747314 0.4155300259590149
0.18197590112686157 0.3315950632095337 0.22969287633895874 0.36624598503112793
0.06318342685699463 0.36902183294296265 0.12658244371414185 0.3995090126991272
0.03377074748277664 0.3157888352870941 0.0661255270242691 0.3352462351322174
0.830496072769165 0.14245033264160156 0.9998782873153687 0.27829402685165405
0.4807383120059967 0.4656725823879242 0.6461208462715149 0.533842921257019
0.18132227659225464 0.39958739280700684 0.2514331638813019 0.4376964569091797
0.0027997996658086777 0.3355332314968109 0.023708082735538483 0.35083630681037903
0.053875118494033813 0.35801610350608826 0.08759959042072296 0.37621089816093445
0.035197190940380096 0.28829890489578247 0.05304490029811859 0.3035496473312378
0.06371177732944489 0.3687741160392761 0.12647241353988647 0.3992213010787964
0.08996395766735077 0.32278957962989807 0.1338585764169693 0.34752407670021057
0.12261177599430084 0.38446328043937683 0.17545591294765472 0.41540148854255676
0.06442604213953018 0.31888705492019653 0.0939982458949089 0.34345686435699463
0.17739269137382507 0.331836074590683 0.2302175760269165 0.36604586243629456
