0.43753689527511597 0.45843544602394104 0.573722779750824 0.5173865556716919
0.5819942355155945 0.24839836359024048 0.8007914423942566 0.34907257556915283
0.33813685178756714 0.21155503392219543 0.44595640897750854 0.27502670884132385
0.4264554977416992 0.29391559958457947 0.5651845932006836 0.3569295108318329
0.19122128188610077 0.15639561414718628 0.2391989678144455 0.16852718591690063
0.16757725179195404 0.27505993843078613 0.21524260938167572 0.306127667427063
0.13042083382606506 0.20783235132694244 0.18914860486984253 0.2557435631752014
0.25350090861320496 0.33269619941711426 0.33949610590934753 0.371868371963501
0.18514510989189148 0.3320293128490448 0.2473263442516327 0.36727187037467957
0.04573069140315056 0.3515012860298157 0.07398267090320587 0.3729754090309143
0.3165681064128876 0.30837181210517883 0.43507179617881775 0.35913029313087463
0.07146425545215607 0.28315067291259766 0.10270600020885468 0.3036288619041443
0.0168866366147995 0.34358662366867065 0.04114753380417824 0.35888105630874634
0.2140561044216156 0.4132186472415924 0.30012694001197815 0.4546671211719513
0.06715184450149536 0.3197507858276367 0.10225571691989899 0.34282082319259644
0.010296463966369629 0.022341400384902954 0.899275541305542 0.8934326171875
0.14962881803512573 0.33044496178627014 0.1880078911781311 0.3592633903026581
0.0003295745700597763 0.3056458830833435 0.032026320695877075 0.3286975026130676
0.15748728811740875 0.39565739035606384 0.21548207104206085 0.43257245421409607
0.1004766970872879 0.32323822379112244 0.14886991679668427 0.349718302488327
0.15724967420101166 0.3953129053115845 0.21548236906528473 0.4324541687965393
0.07724999636411667 0.3660150468349457 0.11186470836400986 0.38620230555534363
0.08427274227142334 0.3756718337535858 0.1547294557094574 0.4112686216831207
0.3165681064128876 0.30837181210517883 0.43507179617881775 0.35913029313087463
0.01232464611530304 0.12256081402301788 0.44262808561325073 0.4619392156600952
0.3165681064128876 0.30837181210517883 0.43507179617881775 0.35913029313087463
0.21296025812625885 0.41163745522499084 0.29878777265548706 0.4542733132839203
0.42635661363601685 0.2938275635242462 0.5650491118431091 0.35684439539909363
0.009421080350875854 0.03080207109451294 0.7397946119308472 0.6449540257453918
0.08456342667341232 0.37539002299308777 0.1546606719493866 0.4109824001789093
