0.5447014570236206 0.26467910408973694 0.7383570671081543 0.3548421561717987
0.7039327025413513 0.0 0.9963515400886536 0.12453840672969818
0.409649133682251 0.2983408570289612 0.5376098155975342 0.3597676753997803
0.23148685693740845 0.2609676122665405 0.2926124334335327 0.2993411421775818
0.356606125831604 0.4484739899635315 0.4617055654525757 0.49928486347198486
0.13039690256118774 0.20812848210334778 0.18850043416023254 0.25604674220085144
0.10757225751876831 0.2803495526313782 0.14750409126281738 0.30597078800201416
0.04557926952838898 0.28201285004615784 0.07475095987319946 0.30262306332588196
0.23788517713546753 0.3322545886039734 0.3160879611968994 0.3699323534965515
0.06329204887151718 0.3607218265533447 0.09802830964326859 0.37989646196365356
0.19845552742481232 0.1532071828842163 0.24886922538280487 0.16711392998695374
0.9152059555053711 0.12887290120124817 0.9983352422714233 0.2597230076789856
0.031843461096286774 0.3480443060398102 0.05893164873123169 0.3666800558567047
0.13614793121814728 0.328110009431839 0.1815684288740158 0.3577370345592499
0.008725477382540703 0.3381686508655548 0.03236015886068344 0.35417690873146057
0.6355311274528503 0.4790089428424835 0.8962013125419617 0.5631911754608154
0.28910475969314575 0.311527818441391 0.3994626998901367 0.35910841822624207
0.1390753537416458 0.3896975517272949 0.1938624531030655 0.42303287982940674
0.06076587736606598 0.3187094032764435 0.09771500527858734 0.34326204657554626
0.14081434905529022 0.39013051986694336 0.1929285079240799 0.42283594608306885
0.17930397391319275 0.33190110325813293 0.23657375574111938 0.36585256457328796
0.09509435296058655 0.32286328077316284 0.14198991656303406 0.34823858737945557
0.19528594613075256 0.4029032588005066 0.2710646092891693 0.44561755657196045
0.012361794710159302 0.024105310440063477 0.9254213571548462 0.9004352688789368
0.2922343909740448 0.31147336959838867 0.39988401532173157 0.35910606384277344
0.17852987349033356 0.332080215215683 0.23724539577960968 0.36573633551597595
0.07117550075054169 0.37228280305862427 0.13903038203716278 0.404859721660614
0.04096478968858719 0.3173114061355591 0.07441616803407669 0.3371467590332031
0.0 0.3056139349937439 0.022441985085606575 0.3269360661506653
0.33253657817840576 0.312648743391037 0.4010704755783081 0.3587305247783661
0.19528594613075256 0.4029032588005066 0.2710646092891693 0.44561755657196045
0.3076919615268707 0.44776469469070435 0.3467039167881012 0.47228676080703735
0.6355311274528503 0.4790089428424835 0.8962013125419617 0.5631911754608154
