0.4635736346244812 0.28299370408058167 0.6153009533882141 0.35416391491889954
0.36077916622161865 0.20551374554634094 0.4713820815086365 0.27252721786499023
0.12886406481266022 0.21937666833400726 0.18790428340435028 0.2551153898239136
0.13264641165733337 0.27718600630760193 0.18302637338638306 0.3050821125507355
0.2875388264656067 0.3274253308773041 0.3907708525657654 0.3748869001865387
0.35035350918769836 0.3028513193130493 0.4785090982913971 0.35837870836257935
0.7560852766036987 0.16727709770202637 0.9966899156570435 0.3104550838470459
0.06945544481277466 0.35960444808006287 0.09898149967193604 0.38191118836402893
0.0244759414345026 0.2794509828090668 0.05915067344903946 0.30129703879356384
0.32811659574508667 0.03224696218967438 0.39857685565948486 0.053835801780223846
0.197402685880661 0.33306482434272766 0.2656543254852295 0.36827412247657776
0.8826494812965393 0.00041558220982551575 1.0 0.0732048898935318
0.25774914026260376 0.4292123317718506 0.35673463344573975 0.4737834334373474
0.16361604630947113 0.33230048418045044 0.19958944618701935 0.36263346672058105
0.19082732498645782 0.4092610478401184 0.2574005722999573 0.45045220851898193
0.35035350918769836 0.3028513193130493 0.4785090982913971 0.35837870836257935
0.19391396641731262 0.4088000953197479 0.2600843012332916 0.4491914212703705
0.105717733502388 0.38424286246299744 0.18706955015659332 0.42347899079322815
0.17738166451454163 0.16064846515655518 0.22459623217582703 0.17303571105003357
0.034087613224983215 0.3496306240558624 0.06402710825204849 0.3677888810634613
0.0004873983561992645 0.30642271041870117 0.051499754190444946 0.33208876848220825
0.19391396641731262 0.4088000953197479 0.2600843012332916 0.4491914212703705
0.07820843160152435 0.31967422366142273 0.11029614508152008 0.3425450623035431
0.012650132179260254 0.013262450695037842 0.939845860004425 0.9230775833129883
0.1120094507932663 0.32496365904808044 0.16542299091815948 0.35176822543144226
0.05414022505283356 0.31957176327705383 0.09246119856834412 0.342616468667984
0.10086436569690704 0.375012069940567 0.1405385434627533 0.3957214057445526
0.012891814112663269 0.14380499720573425 0.40034496784210205 0.4738815128803253
0.0004873983561992645 0.30642271041870117 0.051499754190444946 0.33208876848220825
0.2589206099510193 0.42881324887275696 0.3554227948188782 0.47319480776786804
