0.40060198307037354 0.18370559811592102 0.5280179977416992 0.2628600597381592
0.7954333424568176 0.16062849760055542 0.9995738863945007 0.30088555812835693
0.47313192486763 0.2788778841495514 0.6293333768844604 0.3517000377178192
0.1288338005542755 0.2201119065284729 0.18807387351989746 0.2552090585231781
0.2897174656391144 0.32717034220695496 0.3946343958377838 0.37601438164711
0.35231131315231323 0.30220839381217957 0.48274439573287964 0.35807302594184875
0.14203424751758575 0.27559536695480347 0.19785498082637787 0.30460208654403687
0.07210345566272736 0.36079755425453186 0.1023467630147934 0.38242706656455994
0.02826477587223053 0.28091445565223694 0.06369053572416306 0.3019704520702362
0.20435625314712524 0.3326773941516876 0.2696385085582733 0.36813434958457947
0.035519931465387344 0.34960800409317017 0.06663937121629715 0.3696467876434326
0.17720168828964233 0.16208824515342712 0.22249284386634827 0.17385581135749817
0.16050481796264648 0.33209535479545593 0.2015635073184967 0.3625796139240265
0.11015153676271439 0.38583317399024963 0.19093459844589233 0.4257369339466095
0.2616223692893982 0.4306413233280182 0.3639214038848877 0.47672972083091736
0.32306721806526184 0.038250911980867386 0.39340606331825256 0.057259541004896164
0.08192005753517151 0.3194323182106018 0.1120147705078125 0.34248167276382446
0.10588335990905762 0.37658384442329407 0.14493432641029358 0.39738771319389343
0.1980856955051422 0.410805881023407 0.2643430233001709 0.45116686820983887
0.1740359216928482 0.3336115777492523 0.20473621785640717 0.3636098802089691
0.00021876953542232513 0.30486467480659485 0.05291137844324112 0.33289244771003723
0.013683080673217773 0.010048717260360718 0.9487277269363403 0.921739935874939
0.1980856955051422 0.410805881023407 0.2643430233001709 0.45116686820983887
0.11244050413370132 0.32516929507255554 0.166753351688385 0.35241541266441345
0.053381092846393585 0.3191136419773102 0.08707555383443832 0.3422600328922272
0.19509601593017578 0.4106897711753845 0.2634202837944031 0.4525781273841858
0.351992130279541 0.3019539713859558 0.4822006821632385 0.35804134607315063
0.2623765170574188 0.43087708950042725 0.36351343989372253 0.4764854907989502
0.2002398520708084 0.3330158293247223 0.26881980895996094 0.36879727244377136
0.010838523507118225 0.13016563653945923 0.41130173206329346 0.4710446000099182
0.0008546765893697739 0.3087999224662781 0.053650833666324615 0.3331926465034485
0.01294216513633728 0.010749667882919312 0.7415955066680908 0.5983541011810303
0.06664784997701645 0.319374680519104 0.10514751821756363 0.3422519564628601
0.11015153676271439 0.38583317399024963 0.19093459844589233 0.4257369339466095
