0.6868090629577637 0.19909031689167023 0.9729955196380615 0.32590651512145996
0.4493943452835083 0.2875170409679413 0.5938863754272461 0.3548192083835602
0.29338061809539795 0.2381463497877121 0.38084304332733154 0.2896209955215454
0.1315383017063141 0.2186003029346466 0.18806111812591553 0.25526854395866394
0.2826322615146637 0.3298451602458954 0.3849482834339142 0.3743623197078705
0.11812715977430344 0.278669536113739 0.1575886309146881 0.3046715259552002
0.6946859359741211 0.45140549540519714 0.9448670148849487 0.5362206697463989
0.20305277407169342 0.33307620882987976 0.25896820425987244 0.36815086007118225
0.01783914491534233 0.283672571182251 0.05129547044634819 0.3010668158531189
0.028591878712177277 0.34746506810188293 0.058770425617694855 0.36672458052635193
0.666329026222229 0.0003711432218551636 0.9550156593322754 0.1600845754146576
0.6739925146102905 0.002190902829170227 0.9524065256118774 0.16049182415008545
0.34383833408355713 0.3041499853134155 0.4688127040863037 0.3584824800491333
0.1843281388282776 0.15996958315372467 0.22759783267974854 0.1699390560388565
0.18187859654426575 0.4054230749607086 0.2467103898525238 0.4451955258846283
0.2509281635284424 0.4258675277233124 0.3413856029510498 0.46883639693260193
0.06198102608323097 0.3584934175014496 0.09260813891887665 0.3799952566623688
0.1533907651901245 0.33200615644454956 0.19456395506858826 0.36226290464401245
0.18187859654426575 0.4054230749607086 0.2467103898525238 0.4451955258846283
0.16769109666347504 0.33308130502700806 0.19929750263690948 0.36308836936950684
0.6792378425598145 0.0012580975890159607 0.9504625797271729 0.16034677624702454
0.11005447059869766 0.32484644651412964 0.16055797040462494 0.35181307792663574
0.09447339177131653 0.37312009930610657 0.13340239226818085 0.39340850710868835
5.099549889564514e-05 0.304054319858551 0.04705178737640381 0.33084291219711304
0.009990513324737549 0.017163962125778198 0.9161187410354614 0.680152177810669
0.10056906193494797 0.38210758566856384 0.178493469953537 0.42010584473609924
0.2490609884262085 0.425093412399292 0.3410487771034241 0.4689580798149109
0.06995262950658798 0.3195679485797882 0.10596740990877151 0.3420272767543793
0.05401802808046341 0.31946033239364624 0.0967811718583107 0.342621386051178
0.10056906193494797 0.38210758566856384 0.178493469953537 0.42010584473609924
0.34383833408355713 0.3041499853134155 0.4688127040863037 0.3584824800491333
5.099549889564514e-05 0.304054319858551 0.04705178737640381 0.33084291219711304
0.3436577022075653 0.30400317907333374 0.4698273837566376 0.3583548665046692
0.2490609884262085 0.425093412399292 0.3410487771034241 0.4689580798149109
