0.6461582183837891 0.21095898747444153 0.8809874057769775 0.3211298882961273
0.5340405702590942 0.7822784185409546 0.736098051071167 0.9057763814926147
0.12847118079662323 0.21813201904296875 0.18840743601322174 0.2550240457057953
0.2643427550792694 0.2444009631872177 0.3546397387981415 0.29053613543510437
0.3099406659603119 0.3246726095676422 0.42135462164878845 0.3749934732913971
0.22250652313232422 0.33303388953208923 0.2982596755027771 0.37295058369636536
0.05989372730255127 0.27943697571754456 0.10367012023925781 0.3041742146015167
0.38354188203811646 0.29544609785079956 0.5291610360145569 0.35637038946151733
0.09079485386610031 0.36809414625167847 0.12512537837028503 0.39209508895874023
0.3013205826282501 0.43942928314208984 0.419906884431839 0.48978662490844727
0.05459245294332504 0.31942495703697205 0.09156238287687302 0.3430902659893036
0.18750564754009247 0.3325686752796173 0.22757704555988312 0.3652156889438629
0.0022422075271606445 0.30878785252571106 0.06522749364376068 0.33433088660240173
0.055331163108348846 0.3569377362728119 0.08827079087495804 0.3778094947338104
0.16192585229873657 0.1661873161792755 0.2100464105606079 0.17977291345596313
0.13275647163391113 0.3890886902809143 0.22327741980552673 0.4369341731071472
0.3017694354057312 0.07006368786096573 0.3634357452392578 0.0892430767416954
0.37407323718070984 0.022009171545505524 0.45475342869758606 0.04524771124124527
0.09090423583984375 0.3204849064350128 0.1215527355670929 0.3439953625202179
0.38354188203811646 0.29544609785079956 0.5291610360145569 0.35637038946151733
0.17530861496925354 0.3320842385292053 0.21766731142997742 0.36286628246307373
0.12105556577444077 0.32598385214805603 0.18106457591056824 0.3547191917896271
0.3021550178527832 0.43963831663131714 0.42067617177963257 0.48992735147476196
0.22897839546203613 0.42266497015953064 0.304240882396698 0.46900299191474915
0.22897839546203613 0.42266497015953064 0.304240882396698 0.46900299191474915
0.010640829801559448 0.01244354248046875 0.9324127435684204 0.9083563089370728
0.009221673011779785 0.07619273662567139 0.42500483989715576 0.47598743438720703
0.22897839546203613 0.42266497015953064 0.304240882396698 0.46900299191474915
0.6468595266342163 0.21084794402122498 0.879651665687561 0.3214312493801117
0.1296224594116211 0.3844502568244934 0.1726529598236084 0.4071403741836548
0.13513600826263428 0.39089226722717285 0.22356969118118286 0.4375065565109253
0.0022422075271606445 0.30878785252571106 0.06522749364376068 0.33433088660240173
0.30217671394348145 0.4397066831588745 0.41959458589553833 0.4904929995536804
0.013603662140667439 0.28398069739341736 0.031560253351926804 0.29842284321784973
0.11639396101236343 0.32525551319122314 0.15476462244987488 0.35072505474090576
