0.4002295434474945 0.17538973689079285 0.5422423481941223 0.255140095949173
0.3272439241409302 0.3224731385707855 0.4455455541610718 0.3747570812702179
0.08500397950410843 0.27822139859199524 0.13410699367523193 0.3064652979373932
0.23408034443855286 0.3318689465522766 0.31502988934516907 0.3710481524467468
0.13130998611450195 0.2083156853914261 0.18882331252098083 0.2564961016178131
0.3242735266685486 0.4455008804798126 0.45785242319107056 0.4974422752857208
0.06429509073495865 0.36035531759262085 0.09898614138364792 0.381744921207428
0.42137283086776733 0.28589126467704773 0.5863150954246521 0.35290655493736267
0.8651434779167175 0.1489781141281128 0.9991478323936462 0.27281254529953003
0.3305455446243286 7.97538086771965e-05 0.4057547450065613 0.024745497852563858
0.10440326482057571 0.3726116716861725 0.1378558874130249 0.3974500000476837
0.18645505607128143 0.3319603502750397 0.23879621922969818 0.36545220017433167
0.3523179590702057 0.03970324248075485 0.43487223982810974 0.06165468692779541
0.756867527961731 0.6986950039863586 0.9987810850143433 0.8290248513221741
0.05735565721988678 0.31958839297294617 0.09473386406898499 0.34254780411720276
0.12990161776542664 0.3274354040622711 0.1910393238067627 0.3560040295124054
0.1576533168554306 0.16830258071422577 0.20267941057682037 0.18130017817020416
0.756867527961731 0.6986950039863586 0.9987810850143433 0.8290248513221741
0.14949406683444977 0.3985974192619324 0.2415381222963333 0.44462043046951294
0.24369162321090698 0.4297771453857422 0.3253083825111389 0.47607922554016113
0.09477230906486511 0.32098329067230225 0.12696470320224762 0.3439224362373352
0.0289160069078207 0.2842714488506317 0.04449840262532234 0.29920676350593567
0.005786146968603134 0.3107735812664032 0.06846843659877777 0.3346115052700043
0.013197511434555054 0.025840818881988525 0.8538734912872314 0.8709336519241333
0.24349510669708252 0.42963865399360657 0.3255442976951599 0.47633126378059387
0.42260628938674927 0.285471647977829 0.588476836681366 0.3524056375026703
0.009299023076891899 0.31170228123664856 0.06864259392023087 0.33447787165641785
0.14173385500907898 0.38914498686790466 0.18777498602867126 0.41142430901527405
0.005364477634429932 0.008118748664855957 0.776763379573822 0.5805840492248535
0.0567183680832386 0.2813476622104645 0.08231958746910095 0.29721829295158386
0.0038489848375320435 0.06539089977741241 0.43433934450149536 0.47681719064712524
0.24353983998298645 0.4300990402698517 0.3253091275691986 0.4760375916957855
0.323416531085968 0.4453358054161072 0.4565975069999695 0.4974120855331421
0.12130647897720337 0.3258146047592163 0.1569344699382782 0.35111862421035767
0.23242798447608948 0.33157381415367126 0.31586745381355286 0.37183937430381775
0.0025171497836709023 0.33674192428588867 0.027435120195150375 0.3573486804962158
