0.5732749700546265 0.7595058679580688 0.8034074306488037 0.8855111598968506
0.29115357995033264 0.23308277130126953 0.39004912972450256 0.2861475944519043
0.22535718977451324 0.3326088488101959 0.3010401129722595 0.37300220131874084
0.31421104073524475 0.3243034780025482 0.42581263184547424 0.3747500479221344
0.12894271314144135 0.21853220462799072 0.18841798603534698 0.2548553943634033
0.06640073657035828 0.2792198061943054 0.11051784455776215 0.30444657802581787
0.09227536618709564 0.3697727620601654 0.1287657767534256 0.39360740780830383
0.3080596923828125 0.44175705313682556 0.428460955619812 0.4920603334903717
0.6917510032653809 0.19173993170261383 0.9498636722564697 0.3121365010738373
0.17900095880031586 0.331859290599823 0.23192860186100006 0.36450105905532837
0.05749170109629631 0.35763517022132874 0.09087510406970978 0.37925437092781067
0.05512872710824013 0.31931498646736145 0.09231291711330414 0.34258660674095154
0.36897361278533936 0.026708321645855904 0.44863617420196533 0.051142431795597076
0.29325389862060547 0.07348128408193588 0.3603127598762512 0.09078539162874222
0.16153600811958313 0.16710561513900757 0.20958825945854187 0.17994695901870728
0.2314101755619049 0.4242955446243286 0.31085070967674255 0.4707585573196411
0.3880460560321808 0.2928336560726166 0.5394470691680908 0.3554662764072418
0.003290889784693718 0.30903831124305725 0.06431268155574799 0.334612637758255
0.09284783154726028 0.3202977478504181 0.12352266162633896 0.34409162402153015
0.3880460560321808 0.2928336560726166 0.5394470691680908 0.3554662764072418
0.12206989526748657 0.326279878616333 0.18391096591949463 0.35554611682891846
0.14262068271636963 0.3928695619106293 0.2264009416103363 0.4398259222507477
0.389728844165802 0.292275995016098 0.5416011810302734 0.35475167632102966
0.6917510032653809 0.19173993170261383 0.9498636722564697 0.3121365010738373
0.3080596923828125 0.44175705313682556 0.428460955619812 0.4920603334903717
0.008784770965576172 0.012500166893005371 0.9401419162750244 0.9146488904953003
0.0056954920291900635 0.053726598620414734 0.4391004145145416 0.4698129892349243
0.13167017698287964 0.38507023453712463 0.17617562413215637 0.40860775113105774
0.23123738169670105 0.42456862330436707 0.3111649453639984 0.47085198760032654
0.003290889784693718 0.30903831124305725 0.06431268155574799 0.334612637758255
0.23123738169670105 0.42456862330436707 0.3111649453639984 0.47085198760032654
0.3080596923828125 0.44175705313682556 0.428460955619812 0.4920603334903717
0.012905210256576538 0.011011958122253418 0.7103124856948853 0.6152911186218262
0.019567813724279404 0.28220272064208984 0.036860059946775436 0.2982410192489624
0.13965129852294922 0.3932427167892456 0.22781261801719666 0.4411606788635254
