0.12920160591602325 0.221908837556839 0.18823163211345673 0.2550169825553894
0.26810988783836365 0.3269480764865875 0.35828712582588196 0.37043794989585876
0.13035792112350464 0.38308143615722656 0.17427867650985718 0.4109388589859009
0.44678089022636414 0.292463093996048 0.619361162185669 0.3633081614971161
0.29421862959861755 0.44674912095069885 0.3987790644168854 0.5006162524223328
0.41010451316833496 0.454372376203537 0.573473334312439 0.5143688917160034
0.2094057947397232 0.2603399157524109 0.2853661775588989 0.30522745847702026
0.12204575538635254 0.2745271623134613 0.16710779070854187 0.30111876130104065
0.20633596181869507 0.33291471004486084 0.2717181444168091 0.36862003803253174
0.25530141592025757 0.12186481803655624 0.3111288547515869 0.13706305623054504
0.02637302502989769 0.3488556444644928 0.06389309465885162 0.3717430531978607
0.06542282551527023 0.2801474332809448 0.10227727144956589 0.3022601008415222
0.1143575981259346 0.32407552003860474 0.15272408723831177 0.35048776865005493
0.06389319896697998 0.32157081365585327 0.10133408010005951 0.3421992063522339
0.4101284444332123 0.45273956656455994 0.5764927864074707 0.5128903985023499
0.09106449782848358 0.3710905611515045 0.1324824094772339 0.393523246049881
0.3125229477882385 0.0768081396818161 0.38518255949020386 0.09611620008945465
0.02876192331314087 0.27834853529930115 0.05644223093986511 0.2989032566547394
0.00986066460609436 0.021778196096420288 0.9104359149932861 0.8843607902526855
0.15105608105659485 0.3297836184501648 0.21409979462623596 0.3599839210510254
0.6999379992485046 0.17511849105358124 0.9982325434684753 0.3072202801704407
0.6978052854537964 0.17329879105091095 0.9995795488357544 0.3059415817260742
0.08209606260061264 0.321674108505249 0.11512277275323868 0.3435449004173279
0.1767890453338623 0.40170302987098694 0.23722991347312927 0.458114355802536
0.010177522897720337 0.3105829656124115 0.07499674707651138 0.33605191111564636
0.15726664662361145 0.26952385902404785 0.1985706090927124 0.2917832136154175
0.44523340463638306 0.29258304834365845 0.6174896359443665 0.36444926261901855
0.17391464114189148 0.39930304884910583 0.2292730212211609 0.4228185713291168
0.6962610483169556 0.17433959245681763 0.9974669218063354 0.3068663477897644
0.293067067861557 0.446570485830307 0.3982815444469452 0.5004944205284119
0.14328362047672272 0.17881515622138977 0.18209199607372284 0.1883845031261444
0.009105481207370758 0.3107199966907501 0.07533486932516098 0.3359036147594452
0.20313571393489838 0.4131476879119873 0.2894359827041626 0.4663084149360657
0.6962610483169556 0.17433959245681763 0.9974669218063354 0.3068663477897644
0.012209922075271606 0.07666334509849548 0.3907775282859802 0.47032853960990906
0.18101373314857483 0.4070855975151062 0.2718828320503235 0.4628393054008484
0.2087867558002472 0.2608550786972046 0.2855009138584137 0.30425238609313965
0.09094789624214172 0.3708321452140808 0.13266387581825256 0.39385801553726196
0.014212876558303833 0.009807288646697998 0.8178017139434814 0.5935743451118469
0.29421862959861755 0.44674912095069885 0.3987790644168854 0.5006162524223328
0.2153102606534958 0.41593456268310547 0.28884488344192505 0.46493494510650635
0.13201886415481567 0.20452475547790527 0.19389784336090088 0.2545267939567566
