0.5319526791572571 0.2611738443374634 0.7524997591972351 0.35340893268585205
0.12789571285247803 0.22209465503692627 0.1872674822807312 0.25582757592201233
0.44686663150787354 0.45521271228790283 0.626887321472168 0.5233519077301025
0.16284431517124176 0.2701132893562317 0.21670587360858917 0.3024529218673706
0.30908292531967163 0.44898080825805664 0.4240882396697998 0.5087384581565857
0.2902897000312805 0.32443296909332275 0.3795538544654846 0.3695533871650696
0.1410694271326065 0.3874985873699188 0.1850905865430832 0.4159413278102875
0.21677511930465698 0.33161231875419617 0.2877696752548218 0.3711576759815216
0.087364062666893 0.2793103754520416 0.132023885846138 0.30329713225364685
0.1187957376241684 0.32502296566963196 0.1572083681821823 0.3518906533718109
0.03438381105661392 0.35273265838623047 0.07483749836683273 0.3756123185157776
0.2945723831653595 0.22783920168876648 0.39262863993644714 0.2879689037799835
0.045119788497686386 0.2802562713623047 0.07390476763248444 0.2998552918434143
0.006984233856201172 0.09965398907661438 0.37623247504234314 0.47525814175605774
0.19164367020130157 0.42048850655555725 0.3094303607940674 0.47365787625312805
0.24517957866191864 0.13344793021678925 0.29701828956604004 0.14683465659618378
0.09854699671268463 0.37382709980010986 0.14223921298980713 0.39748626947402954
0.4450719952583313 0.45417964458465576 0.6258577704429626 0.5215533971786499
0.0629865974187851 0.32200706005096436 0.09864827990531921 0.3428494334220886
0.2931852340698242 0.22840717434883118 0.3928065299987793 0.2883383333683014
0.5319526791572571 0.2611738443374634 0.7524997591972351 0.35340893268585205
0.18397651612758636 0.4034319519996643 0.24287717044353485 0.4286869168281555
0.1417456567287445 0.18037472665309906 0.17844051122665405 0.18945841491222382
0.08595245331525803 0.3229588270187378 0.11959407478570938 0.34319770336151123
0.16245661675930023 0.3304896354675293 0.22349868714809418 0.3609235882759094
0.011157333850860596 0.031538188457489014 0.8746970295906067 0.8848287463188171
0.09854699671268463 0.37382709980010986 0.14223921298980713 0.39748626947402954
0.010271798819303513 0.31049644947052 0.07368209958076477 0.3359636068344116
0.19158920645713806 0.42078638076782227 0.30871811509132385 0.4738030433654785
0.289762943983078 0.2771061956882477 0.345121294260025 0.29604801535606384
0.009103313088417053 0.3111894428730011 0.0741824209690094 0.3357354700565338
0.18397651612758636 0.4034319519996643 0.24287717044353485 0.4286869168281555
0.022015927359461784 0.3456057012081146 0.05149286240339279 0.36627838015556335
