0.38280174136161804 0.30966222286224365 0.5273213386535645 0.3705759644508362
0.26003748178482056 0.329195499420166 0.34029722213745117 0.3719799518585205
0.1293754130601883 0.22190430760383606 0.18862424790859222 0.2552984356880188
0.1508129984140396 0.27289924025535583 0.21397627890110016 0.3096862733364105
0.37869197130203247 0.4515079855918884 0.530815064907074 0.5087538957595825
0.11883571743965149 0.37940704822540283 0.16092324256896973 0.4065883755683899
0.2757256329059601 0.44090744853019714 0.371139794588089 0.4910782277584076
0.1999916434288025 0.3330572843551636 0.2594831585884094 0.3670535087585449
0.5651382207870483 0.23314347863197327 0.8047192096710205 0.33127138018608093
0.08288463950157166 0.36716556549072266 0.12047357857227325 0.38956940174102783
0.09217856824398041 0.27502286434173584 0.13189154863357544 0.3001849055290222
0.10767070949077606 0.3228309452533722 0.15235434472560883 0.3501143157482147
0.14977189898490906 0.17576530575752258 0.18852117657661438 0.1849302053451538
0.5657895803451538 0.23337078094482422 0.8036986589431763 0.3318144679069519
0.5651382207870483 0.23314347863197327 0.8047192096710205 0.33127138018608093
0.016159456223249435 0.343902051448822 0.04988257214426994 0.36640459299087524
0.3324872851371765 0.0638873428106308 0.4057604670524597 0.08461473882198334
0.1491069793701172 0.32930228114128113 0.20489278435707092 0.35860010981559753
0.008048320189118385 0.3105001151561737 0.06989183276891708 0.33596453070640564
0.16594797372817993 0.402359277009964 0.27245840430259705 0.4566543996334076
0.04352213442325592 0.28089672327041626 0.07814056426286697 0.30077946186065674
0.00855022668838501 0.018833160400390625 0.9057160019874573 0.9054875373840332
0.0637337788939476 0.32014989852905273 0.10254833847284317 0.34234464168548584
0.16754285991191864 0.4034082293510437 0.27273160219192505 0.4572147727012634
0.2757256329059601 0.44090744853019714 0.371139794588089 0.4910782277584076
0.008503463119268417 0.3100350797176361 0.07132244110107422 0.3359051048755646
0.3118531107902527 0.038193099200725555 0.38107287883758545 0.056688979268074036
0.2515064477920532 0.33433836698532104 0.28606122732162476 0.3641752600669861
0.37869197130203247 0.4515079855918884 0.530815064907074 0.5087538957595825
0.2757256329059601 0.44090744853019714 0.371139794588089 0.4910782277584076
0.005927711725234985 0.08664073050022125 0.39897421002388 0.4819289445877075
0.37869197130203247 0.4515079855918884 0.530815064907074 0.5087538957595825
