0.3284343183040619 0.4557935297489166 0.44566622376441956 0.5134307146072388
0.20409370958805084 0.2632788419723511 0.2661783695220947 0.29933273792266846
0.4728887379169464 0.4553770124912262 0.666930079460144 0.5236091017723083
0.3037537932395935 0.32163622975349426 0.40334194898605347 0.3690134584903717
0.1316041201353073 0.22176609933376312 0.18808160722255707 0.2555815577507019
0.1145743727684021 0.27754703164100647 0.16183486580848694 0.30320701003074646
0.22877046465873718 0.33187344670295715 0.30210980772972107 0.37191513180732727
0.14864562451839447 0.3892597556114197 0.1943518966436386 0.420010507106781
0.39381736516952515 0.17498555779457092 0.5249770283699036 0.25117167830467224
0.39201655983924866 0.8418779373168945 0.6090105175971985 0.9684281349182129
0.1924446076154709 0.40529489517211914 0.2548108398914337 0.43283534049987793
0.4728887379169464 0.4553770124912262 0.666930079460144 0.5236091017723083
0.10722441971302032 0.3756963014602661 0.15127675235271454 0.39988285303115845
0.042951785027980804 0.3544189929962158 0.08521769195795059 0.3803058862686157
0.06525132060050964 0.32175517082214355 0.09988744556903839 0.34303581714630127
0.12494729459285736 0.32561907172203064 0.16387687623500824 0.3524884879589081
0.6269859075546265 0.22095178067684174 0.9125106334686279 0.3367556929588318
0.23689784109592438 0.1376059651374817 0.28921565413475037 0.15190866589546204
0.2043328434228897 0.4221179187297821 0.32678842544555664 0.47877493500709534
0.009172052145004272 0.03667807579040527 0.8257637023925781 0.876185417175293
0.39201655983924866 0.8418779373168945 0.6090105175971985 0.9684281349182129
0.011488866060972214 0.3105871379375458 0.07698249816894531 0.3359716236591339
0.1646416187286377 0.3306751251220703 0.23446619510650635 0.36183732748031616
0.13507136702537537 0.17989207804203033 0.17398086190223694 0.18988622725009918
0.3996257781982422 0.17699743807315826 0.5270963311195374 0.25289037823677063
0.011789046227931976 0.31030380725860596 0.07854276895523071 0.33577048778533936
0.009018421173095703 0.10733909904956818 0.4019952118396759 0.48806166648864746
0.0925879031419754 0.3232066333293915 0.12459592521190643 0.3443823754787445
0.03675178438425064 0.2803947627544403 0.09000103920698166 0.3000008165836334
0.08145122230052948 0.32274365425109863 0.11583244800567627 0.34331876039505005
0.20581398904323578 0.42284584045410156 0.3270629942417145 0.47974538803100586
0.6269859075546265 0.22095178067684174 0.9125106334686279 0.3367556929588318
0.030104991048574448 0.3487578332424164 0.06077027693390846 0.3695167601108551
0.01081882044672966 0.33764827251434326 0.033595964312553406 0.35350412130355835
0.0302883293479681 0.28282174468040466 0.06373767554759979 0.3007871210575104
0.011458197608590126 0.2840147614479065 0.030083606019616127 0.29883742332458496
0.05741022154688835 0.27993184328079224 0.09106755256652832 0.30042243003845215
