0.6113364696502686 0.7337212562561035 0.8516528606414795 0.8582128286361694
0.6495910286903381 0.006526395678520203 0.904660165309906 0.15719790756702423
0.38787269592285156 0.4642679989337921 0.5303075313568115 0.5270898938179016
0.31069469451904297 0.32009193301200867 0.4096073508262634 0.37180784344673157
0.1780412495136261 0.40002748370170593 0.23325371742248535 0.43473926186561584
0.3200426399707794 0.2107374221086502 0.44374939799308777 0.27404236793518066
0.09634588658809662 0.2800450325012207 0.1394187957048416 0.3045347332954407
0.1565539687871933 0.27231496572494507 0.21278764307498932 0.30484986305236816
0.13124465942382812 0.22200477123260498 0.18905320763587952 0.25530850887298584
0.4534832239151001 0.2728002071380615 0.6201540231704712 0.35117924213409424
0.5457749366760254 0.45286643505096436 0.7938270568847656 0.530336320400238
0.05029037222266197 0.2815861403942108 0.08039341866970062 0.30302372574806213
0.14053668081760406 0.3271271288394928 0.20101623237133026 0.3587230145931244
0.13364893198013306 0.3858945965766907 0.1850067675113678 0.4131057858467102
0.24593161046504974 0.43470847606658936 0.3851814866065979 0.49755537509918213
0.20869453251361847 0.3301786184310913 0.2929629981517792 0.366019606590271
0.01549624279141426 0.3102959394454956 0.09078618884086609 0.33935457468032837
0.2570328712463379 0.13056394457817078 0.32520854473114014 0.14759260416030884
0.2459690272808075 0.43482092022895813 0.38554951548576355 0.49768081307411194
0.008726239204406738 0.04837620258331299 0.8772135376930237 0.826430082321167
0.07259102910757065 0.3685944378376007 0.12359192222356796 0.3974447548389435
0.035323143005371094 0.3515283763408661 0.06534609943628311 0.36855360865592957
0.2294618785381317 0.4194287061691284 0.3011234700679779 0.4489269256591797
0.2294618785381317 0.4194287061691284 0.3011234700679779 0.4489269256591797
0.20627965033054352 0.1495097577571869 0.25759318470954895 0.16145843267440796
0.013756483793258667 0.12434948980808258 0.3891439437866211 0.500401496887207
0.11227841675281525 0.3253667652606964 0.14332957565784454 0.3507167398929596
0.07270446419715881 0.3688279092311859 0.1239619106054306 0.3975659906864166
0.12079593539237976 0.18646354973316193 0.1570863127708435 0.19529397785663605
0.20966392755508423 0.3282907009124756 0.29311269521713257 0.36501097679138184
0.08668379485607147 0.32519081234931946 0.1216687560081482 0.34864839911460876
0.018833976238965988 0.31011855602264404 0.09352134168148041 0.3393898606300354
0.1198146715760231 0.3251988887786865 0.15033569931983948 0.3525179624557495
0.1340387612581253 0.3859775960445404 0.18497256934642792 0.41310301423072815
0.0950474739074707 0.32484981417655945 0.1317046582698822 0.34969452023506165
0.01240535732358694 0.33911561965942383 0.042550813406705856 0.3587138056755066
0.4534832239151001 0.2728002071380615 0.6201540231704712 0.35117924213409424
0.5486027002334595 0.451596200466156 0.7901434898376465 0.5290102362632751
