0.5108766555786133 0.24542774260044098 0.7075384855270386 0.3421754240989685
0.43824732303619385 0.16000433266162872 0.5853347778320312 0.2435385137796402
0.2406352162361145 0.25099977850914 0.325168251991272 0.29679033160209656
0.4235346019268036 0.4683173894882202 0.5824106931686401 0.5331200361251831
0.127494677901268 0.27863240242004395 0.17521484196186066 0.30679357051849365
0.31510332226753235 0.31769609451293945 0.4454849064350128 0.36947065591812134
0.1298893839120865 0.2163461297750473 0.18873019516468048 0.25504010915756226
0.20309551060199738 0.4101293087005615 0.2661300301551819 0.4460163116455078
0.631256639957428 0.44755232334136963 0.93986576795578 0.5383525490760803
0.05908666551113129 0.35944297909736633 0.09538446366786957 0.38117262721061707
0.1343056857585907 0.32748082280158997 0.1807824671268463 0.35647645592689514
0.15516525506973267 0.3940628170967102 0.2098347246646881 0.42409181594848633
0.04295757785439491 0.2804090976715088 0.07185299694538116 0.30113619565963745
0.19770491123199463 0.32686635851860046 0.2775709629058838 0.3655443489551544
0.0951414555311203 0.3768250644207001 0.15315183997154236 0.4103066623210907
0.8762562274932861 0.1218079924583435 0.9996401071548462 0.2637750506401062
0.01306268572807312 0.03202095627784729 0.9100011587142944 0.8629442453384399
0.09435789287090302 0.32664504647254944 0.13125739991664886 0.35128870606422424
0.26248878240585327 0.4361334443092346 0.41663336753845215 0.5053108930587769
0.27934518456459045 0.44181206822395325 0.41783133149147034 0.5055139064788818
0.1876326948404312 0.1565854549407959 0.23139329254627228 0.16716966032981873
0.8770098090171814 0.11234361678361893 0.9995415806770325 0.2627449631690979
0.3271458148956299 0.4486549496650696 0.41812676191329956 0.50461345911026
0.02534792199730873 0.3129177689552307 0.09999197721481323 0.34275108575820923
0.06808271259069443 0.3610520660877228 0.09499870985746384 0.377817302942276
0.02534792199730873 0.3129177689552307 0.09999197721481323 0.34275108575820923
0.31510332226753235 0.31769609451293945 0.4454849064350128 0.36947065591812134
0.2629844546318054 0.4373989701271057 0.4165921211242676 0.5059316754341125
0.1557687222957611 0.3942047655582428 0.20923498272895813 0.42398402094841003
0.23225602507591248 0.1422131359577179 0.29305151104927063 0.15873995423316956
0.25003135204315186 0.42571038007736206 0.3159022331237793 0.45685428380966187
0.0070673078298568726 0.11991758644580841 0.38270068168640137 0.4909791946411133
0.022552229464054108 0.34616103768348694 0.05796518176794052 0.3680504262447357
0.07725686579942703 0.22695514559745789 0.11472407728433609 0.2487112283706665
0.19508203864097595 0.32611364126205444 0.276974081993103 0.3632437586784363
0.6321598291397095 0.44815772771835327 0.9398694038391113 0.5368324518203735
0.030472522601485252 0.34861353039741516 0.07013174891471863 0.3690091073513031
