0.4128166437149048 0.4657175838947296 0.5625371932983398 0.5304478406906128
0.1758623868227005 0.27051302790641785 0.24081771075725555 0.30539050698280334
0.4230976104736328 0.28468701243400574 0.5668250918388367 0.35761478543281555
0.5846524834632874 0.45287659764289856 0.8542417883872986 0.5350641012191772
0.31929951906204224 0.23274335265159607 0.3902803659439087 0.2820987403392792
0.8501753807067871 0.0002710670232772827 1.0 0.07018189132213593
0.3000815808773041 0.23526814579963684 0.3773405849933624 0.28687170147895813
0.09459902346134186 0.2813902199268341 0.13421036303043365 0.3053548038005829
0.13010746240615845 0.2191624790430069 0.1895752251148224 0.2553706765174866
0.27005434036254883 0.3248753249645233 0.3764612674713135 0.36959514021873474
0.6684398651123047 0.7505651712417603 0.9902948141098022 0.8760701417922974
0.659833550453186 0.18157348036766052 0.9403139352798462 0.3102116584777832
0.08817704021930695 0.3734678626060486 0.14539799094200134 0.40564101934432983
0.19519317150115967 0.4063827395439148 0.25627240538597107 0.44312751293182373
0.23804908990859985 0.13829512894153595 0.3012888431549072 0.1556992381811142
0.15062160789966583 0.3906670808792114 0.20238398015499115 0.4202631711959839
0.6600902080535889 0.1829189658164978 0.9419751167297363 0.3104960024356842
0.17000575363636017 0.32760924100875854 0.24247322976589203 0.36319512128829956
0.05095730721950531 0.35644787549972534 0.08506152033805847 0.3770761489868164
0.24594342708587646 0.42466098070144653 0.31698572635650635 0.4541615843772888
0.03073020651936531 0.283277302980423 0.056078556925058365 0.30000367760658264
0.19199027121067047 0.15382708609104156 0.24107791483402252 0.1659628003835678
0.12174533307552338 0.32587024569511414 0.1659667044878006 0.35441991686820984
0.011115491390228271 0.013134688138961792 0.9316955208778381 0.8573732376098633
0.029077155515551567 0.34528785943984985 0.0617809072136879 0.3659108281135559
0.012522980570793152 0.11631330847740173 0.4287443161010742 0.4994332492351532
0.020946290343999863 0.3106326460838318 0.09829536080360413 0.34113192558288574
0.2744184732437134 0.4405357539653778 0.4096474051475525 0.5040798783302307
0.11411174386739731 0.19144897162914276 0.14759820699691772 0.19888828694820404
0.26213669776916504 0.4382956027984619 0.402041494846344 0.5039671659469604
0.2643187940120697 0.4387657046318054 0.404217392206192 0.5032344460487366
0.07597126811742783 0.22673381865024567 0.11330220848321915 0.24812479317188263
0.32533010840415955 0.4479023516178131 0.4111001193523407 0.5024622678756714
0.020946290343999863 0.3106326460838318 0.09829536080360413 0.34113192558288574
0.2454596757888794 0.42249760031700134 0.3216063976287842 0.4583177864551544
0.0891440287232399 0.3264184296131134 0.13025498390197754 0.35177645087242126
0.16988560557365417 0.32736650109291077 0.24234196543693542 0.36318549513816833
0.15048176050186157 0.39019426703453064 0.2020772397518158 0.42077669501304626
0.2683047354221344 0.3251899182796478 0.3752277195453644 0.3700496256351471
0.07155697792768478 0.36972665786743164 0.09488531202077866 0.38986384868621826
0.01893029734492302 0.34326353669166565 0.05284195765852928 0.3653760850429535
