0.7407407407407408
0.7407407407407408
0.7407407407407408
0.7407407407407408
0.7407407407407408
0.7407407407407408
0.7407407407407408
0.7407407407407408
0.7407407407407408
0.6666666666666666
0.7407407407407408
0.7199999999999999
0.6666666666666667
0.7692307692307693
0.8333333333333334
0.75
0.9166666666666666
0.9
0.9
0.8421052631578948
0.8
0.888888888888889
0.9411764705882353
0.9411764705882353
0.8421052631578948
0.8571428571428572
0.8421052631578948
0.8421052631578948
0.9
0.8181818181818182
0.8
0.8
0.8333333333333334
0.8695652173913043
0.8695652173913043
0.9166666666666666
0.8333333333333334
0.9166666666666666
0.9166666666666666
0.9166666666666666
0.8695652173913043
0.9090909090909091
0.8695652173913043
0.8695652173913043
0.8695652173913043
0.8695652173913043
0.9166666666666666
0.8695652173913044
0.8181818181818182
0.8148148148148148
0.8181818181818182
0.6956521739130435
0.8181818181818182
0.8181818181818182
0.8695652173913043
0.8461538461538461
0.8333333333333334
0.75
0.8695652173913044
0.8181818181818181
0.8571428571428571
0.8
0.8
0.8333333333333333
0.88
0.8333333333333333
0.8333333333333334
0.8181818181818182
0.8
0.9230769230769231
0.9565217391304348
0.9565217391304348
0.8571428571428572
0.9166666666666666
0.7692307692307693
0.8333333333333334
0.9600000000000001
0.9166666666666666
0.9230769230769231
0.8695652173913043
0.9090909090909091
0.9090909090909091
0.8695652173913043
0.8
0.8333333333333334
0.9523809523809523
0.9565217391304348
0.8333333333333334
0.8695652173913043
0.9090909090909091
0.8571428571428571
0.9
0.8571428571428571
0.8
0.7999999999999999
0.761904761904762
0.761904761904762
0.7826086956521738
0.8695652173913043
0.7826086956521738
0.7826086956521738
0.8461538461538461
0.8799999999999999
0.8695652173913043
0.9090909090909091
0.8695652173913044
0.9230769230769231
0.8461538461538461
0.8799999999999999
0.8333333333333333
0.8799999999999999
0.8333333333333333
0.8333333333333333
0.8695652173913043
0.8695652173913043
0.8695652173913043
0.8461538461538461
0.7200000000000001
0.7857142857142857
0.8571428571428571
0.888888888888889
0.8666666666666666
0.896551724137931
0.9285714285714286
0.8571428571428571
0.896551724137931
0.896551724137931
0.8148148148148148
0.8571428571428571
0.9655172413793104
0.9655172413793104
0.8799999999999999
0.9600000000000001
0.9600000000000001
0.8333333333333334
0.9166666666666666
0.923076923076923
0.923076923076923
0.8571428571428571
0.9285714285714286
0.923076923076923
0.9285714285714286
0.888888888888889
0.888888888888889
0.888888888888889
0.8148148148148148
0.88
0.8799999999999999
0.88
0.888888888888889
0.8571428571428571
0.8333333333333333
0.8461538461538461
0.923076923076923
0.7200000000000001
0.7857142857142857
0.7500000000000001
0.8148148148148148
0.8695652173913043
0.8
0.8275862068965517
0.923076923076923
0.8695652173913044
0.8695652173913044
0.9090909090909091
0.9
0.8571428571428572
0.9
0.8181818181818182
0.9523809523809523
0.9090909090909091
0.8181818181818182
0.9523809523809523
0.8571428571428571
0.7999999999999999
0.8571428571428572
0.8571428571428572
0.8571428571428572
0.8571428571428572
0.8571428571428572
0.7999999999999999
0.8695652173913044
0.75
0.782608695652174
0.7272727272727273
0.8333333333333333
0.8571428571428571
0.8181818181818182
0.8181818181818182
0.7200000000000001
0.9565217391304348
0.8
0.6956521739130435
0.8571428571428571
0.75
0.6666666666666666
0.761904761904762
0.761904761904762
0.761904761904762
0.8181818181818182
0.8571428571428571
0.8571428571428571
0.8181818181818182
0.9090909090909091
0.8421052631578948
0.8421052631578948
0.8571428571428572
0.8421052631578948
0.9
0.9
0.9523809523809523
0.9
0.823529411764706
0.8421052631578948
0.8421052631578948
0.7777777777777777
0.8
0.8
0.8235294117647058
0.75
0.8750000000000001
0.8750000000000001
0.823529411764706
0.8750000000000001
0.8750000000000001
0.7058823529411764
0.7499999999999999
0.8
0.75
0.7499999999999999
0.8235294117647058
0.7499999999999999
0.7499999999999999
0.7499999999999999
0.8421052631578948
0.7368421052631579
0.8421052631578948
0.8421052631578948
0.7999999999999999
0.7000000000000001
0.7000000000000001
0.7999999999999999
0.8421052631578948
0.7777777777777777
0.8421052631578948
0.8421052631578948
0.7777777777777777
0.8
0.8
0.8421052631578948
0.7368421052631579
0.7368421052631579
0.8421052631578948
0.8421052631578948
0.8571428571428571
0.8421052631578948
0.7999999999999999
0.7272727272727274
0.8421052631578948
0.8421052631578948
0.7368421052631577
0.8571428571428571
0.9090909090909091
0.9
0.7999999999999999
0.8181818181818181
0.9
0.8571428571428571
0.9090909090909091
0.8181818181818182
0.9
0.9
0.8421052631578948
0.8421052631578948
0.888888888888889
0.7368421052631577
0.888888888888889
0.7777777777777777
0.888888888888889
0.888888888888889
0.9
0.888888888888889
0.888888888888889
0.888888888888889
0.888888888888889
0.8421052631578948
0.7999999999999999
0.7999999999999999
0.8421052631578948
0.7368421052631579
0.7368421052631579
0.8235294117647058
0.8421052631578948
0.7000000000000001
0.7777777777777777
0.9411764705882353
0.9
0.9411764705882353
0.9473684210526316
0.9473684210526316
0.888888888888889
0.9473684210526316
0.8235294117647058
0.9411764705882353
1.0
0.8235294117647058
0.8235294117647058
0.8235294117647058
0.7777777777777777
0.8421052631578948
0.8421052631578948
0.9
0.9
0.8421052631578948
0.8
0.9
0.9
0.8421052631578948
0.9
0.8695652173913043
0.9090909090909091
0.9090909090909091
0.9
0.8
0.9523809523809523
0.8571428571428571
0.8571428571428571
0.9
0.9
0.9
0.8181818181818182
0.9259259259259259
0.88
0.8627450980392156
0.8627450980392156
0.830188679245283
0.8421052631578947
0.9310344827586207
0.8387096774193549
0.8771929824561403
0.8852459016393442
0.8076923076923077
0.8571428571428572
0.8235294117647057
0.8214285714285714
0.888888888888889
0.875
0.8518518518518519
0.830188679245283
0.8679245283018867
0.8214285714285715
0.7999999999999999
0.8571428571428571
0.8301886792452831
0.7636363636363634
0.8461538461538461
0.7692307692307692
0.7999999999999999
0.7169811320754716
0.8301886792452831
0.8749999999999999
0.912280701754386
0.896551724137931
0.8852459016393444
0.84375
0.90625
0.9180327868852458
0.8852459016393442
0.9180327868852458
0.8437500000000001
0.8749999999999999
0.90625
0.7868852459016393
0.847457627118644
0.8333333333333334
0.8620689655172413
0.8524590163934426
0.8852459016393444
0.8620689655172414
0.7719298245614036
0.7755102040816326
0.8444444444444444
0.8571428571428572
0.88
0.875
0.8571428571428572
0.9019607843137256
0.8571428571428572
0.8627450980392156
0.8627450980392156
0.9090909090909091
0.875
0.7619047619047621
0.8780487804878048
0.8837209302325583
0.8205128205128205
0.8780487804878049
0.8636363636363636
0.7826086956521738
0.7804878048780488
0.8181818181818182
0.8780487804878049
0.9
0.9
0.8484848484848485
0.8333333333333334
0.8666666666666667
0.8571428571428571
0.9090909090909091
0.8823529411764706
0.8387096774193549
0.9333333333333333
0.962962962962963
0.8750000000000001
0.8666666666666666
0.8666666666666666
0.8648648648648648
0.9032258064516129
0.896551724137931
0.9333333333333333
0.888888888888889
0.923076923076923
0.88
0.962962962962963
0.9166666666666666
0.8799999999999999
0.9285714285714286
0.923076923076923
0.9166666666666666
0.9166666666666666
0.8799999999999999
0.888888888888889
0.9090909090909091
0.9166666666666666
0.846153846153846
0.888888888888889
0.896551724137931
0.8666666666666666
0.896551724137931
0.8000000000000002
0.8387096774193548
0.9032258064516129
0.8275862068965517
0.8749999999999999
0.846153846153846
0.8571428571428571
0.7999999999999999
0.9285714285714286
0.9285714285714286
0.7741935483870968
0.8387096774193549
0.8125
0.8275862068965517
0.8750000000000001
0.8387096774193548
0.8387096774193548
0.888888888888889
0.8947368421052632
0.8947368421052632
0.9285714285714286
0.8823529411764706
0.9375
0.9411764705882353
0.9696969696969697
0.896551724137931
0.88
0.8148148148148148
0.7500000000000001
0.7407407407407408
0.8000000000000002
0.9285714285714286
0.8181818181818182
0.6666666666666666
0.7
0.7999999999999999
0.7000000000000001
1.0
0.7826086956521738
0.8
0.7826086956521738
0.761904761904762
0.8571428571428571
0.7272727272727272
0.9
0.9090909090909091
0.7999999999999999
0.7777777777777778
0.8235294117647058
0.8750000000000001
0.75
0.7058823529411765
0.761904761904762
0.7826086956521738
0.8235294117647058
0.7777777777777777
0.8000000000000002
0.9
0.7999999999999999
0.888888888888889
0.7499999999999999
0.7058823529411765
0.9
0.8888888888888888
0.8421052631578948
0.9
0.7777777777777778
0.9090909090909091
0.7999999999999999
0.888888888888889
0.8695652173913044
0.7999999999999999
0.8235294117647058
0.823529411764706
0.888888888888889
0.7058823529411764
0.75
0.823529411764706
0.8571428571428571
0.9
0.8181818181818182
0.7692307692307692
0.8333333333333333
0.8461538461538461
0.8333333333333333
0.8275862068965518
0.8333333333333334
0.8461538461538461
0.8571428571428571
0.7692307692307692
0.7857142857142857
0.8
0.782608695652174
0.8571428571428571
0.7777777777777777
0.9
0.8571428571428572
0.8421052631578948
0.8333333333333333
0.7499999999999999
0.8181818181818181
0.8695652173913044
0.923076923076923
0.9333333333333333
0.782608695652174
0.8695652173913043
0.8695652173913043
0.9090909090909091
0.9090909090909091
0.9090909090909091
0.8571428571428572
0.8799999999999999
0.9600000000000001
0.9230769230769231
0.9523809523809523
1.0
0.846153846153846
0.8695652173913044
0.9166666666666666
0.923076923076923
0.8571428571428571
0.8275862068965517
0.896551724137931
0.8275862068965517
0.896551724137931
0.8
0.8750000000000001
0.8235294117647058
0.8333333333333334
0.8235294117647058
0.8275862068965517
0.888888888888889
0.8333333333333333
0.9032258064516129
0.967741935483871
0.8750000000000001
0.8125000000000001
0.8750000000000001
0.8484848484848485
0.888888888888889
0.9333333333333333
0.8484848484848485
0.9411764705882353
0.8235294117647058
0.8484848484848484
0.918918918918919
0.8749999999999999
0.8666666666666666
0.962962962962963
1.0
0.923076923076923
0.88
0.8666666666666666
0.88
0.8275862068965517
0.8461538461538461
0.8571428571428571
0.782608695652174
0.888888888888889
0.8
0.7586206896551725
0.8
0.7857142857142858
0.8148148148148148
0.9090909090909091
0.8181818181818182
0.7692307692307692
0.8799999999999999
0.8275862068965518
0.8000000000000002
0.7692307692307692
0.8275862068965518
0.7407407407407408
0.7586206896551724
0.7272727272727272
0.8125000000000001
0.7096774193548386
0.8
0.8461538461538461
0.8275862068965518
0.8148148148148148
0.8275862068965518
0.8571428571428571
0.8333333333333333
0.9600000000000001
0.8181818181818181
0.8181818181818182
0.923076923076923
0.9473684210526316
0.7999999999999999
0.689655172413793
0.761904761904762
0.8695652173913044
0.8461538461538461
0.923076923076923
0.88
0.9090909090909091
0.962962962962963
0.8333333333333333
0.923076923076923
0.923076923076923
0.8148148148148148
0.88
0.8
0.8333333333333333
0.8695652173913044
0.88
0.8333333333333333
0.8695652173913044
0.8181818181818181
0.8
0.9
0.8181818181818181
0.8695652173913044
0.9090909090909091
0.8571428571428571
0.9
0.9565217391304348
0.8235294117647058
0.8
0.9411764705882353
0.8750000000000001
0.9090909090909091
0.9090909090909091
0.8695652173913044
0.8695652173913044
0.8695652173913044
0.8695652173913044
0.8695652173913044
0.9090909090909091
0.8571428571428571
0.9523809523809523
0.9565217391304348
0.9565217391304348
0.9565217391304348
0.9565217391304348
0.9090909090909091
0.9166666666666666
0.9565217391304348
0.9565217391304348
0.9565217391304348
0.9565217391304348
0.9090909090909091
0.9166666666666666
0.9565217391304348
0.9600000000000001
0.88
0.9166666666666666
0.88
0.923076923076923
0.8461538461538461
0.8333333333333334
0.9166666666666666
0.8
0.8695652173913044
0.8695652173913044
0.8695652173913044
0.9090909090909091
0.8333333333333333
0.9565217391304348
0.9166666666666666
0.8695652173913044
0.9565217391304348
0.9090909090909091
0.9565217391304348
0.9565217391304348
0.9565217391304348
0.9166666666666666
0.9166666666666666
0.9166666666666666
0.9166666666666666
0.9166666666666666
0.9166666666666666
0.9565217391304348
0.9565217391304348
0.9565217391304348
0.761904761904762
0.8421052631578948
0.8
0.8571428571428571
0.7826086956521738
0.8571428571428571
0.8571428571428571
0.8181818181818181
0.8
0.8
0.8
0.761904761904762
0.761904761904762
0.8
0.7272727272727273
0.888888888888889
0.888888888888889
0.8571428571428571
0.9
0.8181818181818182
0.9
0.888888888888889
0.8181818181818182
0.8333333333333333
0.8333333333333334
0.7826086956521738
0.9
0.8571428571428572
0.8181818181818182
0.761904761904762
0.8181818181818182
0.8181818181818182
0.9166666666666666
0.8695652173913043
0.8695652173913043
0.9090909090909091
0.8571428571428571
0.761904761904762
0.8181818181818182
0.7826086956521738
0.8333333333333333
0.8695652173913043
0.8799999999999999
0.8461538461538461
0.9166666666666666
0.9166666666666666
0.8799999999999999
0.8799999999999999
0.8571428571428571
0.8571428571428571
0.75
0.75
0.888888888888889
0.923076923076923
0.75
0.7200000000000001
0.75
0.8148148148148148
0.8461538461538461
0.8695652173913044
0.8695652173913044
0.8461538461538461
0.846153846153846
0.8333333333333333
0.8333333333333333
0.8695652173913044
0.8695652173913044
0.9090909090909091
0.7826086956521738
0.8333333333333334
0.8333333333333333
0.8571428571428572
0.8
0.8695652173913043
0.9473684210526316
0.8571428571428571
0.9090909090909091
0.761904761904762
0.8181818181818181
0.8181818181818181
0.7826086956521738
0.8181818181818182
0.8181818181818182
0.9090909090909091
0.8181818181818182
0.9
0.8181818181818182
0.923076923076923
0.9090909090909091
0.9090909090909091
0.8181818181818182
0.9523809523809523
0.9090909090909091
0.9166666666666666
0.9565217391304348
0.9565217391304348
0.9565217391304348
0.9166666666666666
0.9166666666666666
0.9166666666666666
0.9090909090909091
0.8695652173913043
0.9090909090909091
0.8333333333333333
0.8571428571428572
0.8333333333333333
0.8181818181818182
0.8333333333333333
0.8695652173913043
0.8
0.8333333333333334
0.8333333333333334
0.8333333333333333
0.8333333333333334
0.8333333333333334
0.8695652173913043
0.9090909090909091
0.8695652173913043
0.9166666666666666
0.8695652173913043
0.8
0.8148148148148148
0.7857142857142857
0.7826086956521738
0.7826086956521738
0.8181818181818182
0.8181818181818182
0.8799999999999999
0.8181818181818182
0.9090909090909091
0.7999999999999999
0.9090909090909091
0.8695652173913043
0.9090909090909091
0.8571428571428571
0.8571428571428572
0.8571428571428572
0.8571428571428572
0.7272727272727273
0.8333333333333334
0.75
0.9166666666666666
0.8181818181818182
0.8333333333333333
0.75
0.8181818181818182
0.8571428571428572
0.8695652173913043
0.7200000000000001
0.8461538461538461
0.8461538461538461
0.7826086956521738
0.8181818181818182
0.8695652173913043
0.888888888888889
0.8461538461538461
0.8461538461538461
0.88
0.9090909090909091
0.9166666666666666
0.8571428571428571
0.9090909090909091
0.8421052631578948
0.7999999999999999
0.8571428571428571
0.9565217391304348
0.9565217391304348
0.9565217391304348
0.8571428571428572
0.9
0.9
0.8571428571428572
0.8181818181818182
0.7999999999999999
0.8571428571428572
0.9090909090909091
0.8000000000000002
0.8571428571428572
0.923076923076923
0.9565217391304348
1.0
0.9565217391304348
0.9
0.8571428571428572
0.9090909090909091
0.9090909090909091
0.9090909090909091
0.8695652173913044
0.8571428571428571
0.9
0.9090909090909091
0.8695652173913044
0.8695652173913044
0.9565217391304348
0.9166666666666666
0.9090909090909091
0.8571428571428571
0.9
0.8571428571428572
0.8571428571428572
0.8421052631578948
0.8571428571428572
0.9523809523809523
0.9523809523809523
0.9523809523809523
0.9473684210526316
0.9473684210526316
0.8421052631578948
0.9473684210526316
0.9473684210526316
0.9
0.9473684210526316
0.9090909090909091
0.9523809523809523
0.9523809523809523
0.9523809523809523
0.9523809523809523
0.9523809523809523
0.9090909090909091
0.9090909090909091
0.9
0.9
0.9
0.9
0.9
0.9
0.9
0.9
0.9
0.8571428571428572
0.9
0.9
0.9
0.9
0.8571428571428571
0.9473684210526316
0.9
0.9
0.9
0.9
0.8571428571428572
0.9
0.8571428571428571
0.8181818181818181
0.9090909090909091
0.9
0.8695652173913044
0.9090909090909091
0.88
0.846153846153846
0.7500000000000001
0.8181818181818182
0.7826086956521738
0.9
0.9473684210526316
0.8571428571428572
0.8421052631578948
0.9411764705882353
0.888888888888889
0.9
0.7999999999999999
0.8571428571428571
0.8421052631578948
0.8571428571428572
0.9166666666666666
0.8
0.8421052631578948
0.8000000000000002
0.8421052631578948
0.8421052631578948
0.888888888888889
0.8000000000000002
0.8421052631578948
0.8181818181818182
0.8235294117647058
0.8235294117647058
0.8387096774193549
0.8857142857142857
0.9117647058823529
0.904109589041096
0.8378378378378379
0.8571428571428572
0.8333333333333334
0.8333333333333334
0.8181818181818182
0.8985507246376812
0.9428571428571428
0.8823529411764706
0.835820895522388
0.8157894736842105
0.88
0.8157894736842105
0.8799999999999999
0.883116883116883
0.8493150684931507
0.821917808219178
0.9315068493150686
0.8493150684931506
0.8571428571428571
0.8533333333333333
0.9444444444444444
0.8378378378378378
0.8732394366197183
0.8767123287671234
0.810810810810811
0.8529411764705882
0.835820895522388
0.888888888888889
0.8571428571428571
0.8823529411764706
0.8450704225352113
0.904109589041096
0.7878787878787878
0.8115942028985509
0.8181818181818182
0.8529411764705881
0.8823529411764706
0.8529411764705882
0.8684210526315789
0.8493150684931509
0.846153846153846
0.7848101265822786
0.8529411764705883
0.8285714285714286
0.9189189189189189
0.8918918918918919
0.918918918918919
0.7692307692307692
0.8219178082191781
0.8461538461538461
0.8157894736842105
0.8571428571428571
0.8831168831168832
0.875
0.8181818181818182
0.8101265822784809
0.8604651162790697
0.888888888888889
0.8947368421052632
0.8292682926829269
0.8421052631578948
0.7941176470588235
0.8450704225352113
0.8055555555555555
0.8450704225352113
0.8888888888888888
0.861111111111111
0.888888888888889
0.825
0.8395061728395061
0.8378378378378378
0.8571428571428571
0.7532467532467533
0.7228915662650602
0.7529411764705882
0.8
0.7692307692307694
0.6329113924050633
0.6046511627906977
0.5581395348837208
0.5348837209302325
0.5454545454545455
0.6075949367088608
0.8780487804878049
0.8433734939759038
0.8292682926829267
0.8045977011494253
0.8351648351648351
0.8444444444444444
0.8275862068965517
0.7777777777777778
0.875
0.8292682926829269
0.7948717948717949
0.8461538461538461
0.8260869565217392
0.8275862068965516
0.782608695652174
0.8314606741573034
0.7710843373493975
0.7586206896551724
0.7951807228915663
0.8181818181818183
0.8148148148148149
0.8000000000000002
0.8607594936708861
0.8461538461538461
0.8372093023255814
0.8717948717948718
0.7948717948717948
0.8311688311688312
0.8536585365853658
0.8941176470588236
0.8674698795180723
0.85
0.8205128205128205
0.860759493670886
0.8717948717948718
0.8292682926829267
0.8461538461538461
0.8947368421052632
0.8378378378378379
0.8648648648648648
0.8888888888888888
0.8059701492537312
0.9166666666666667
0.8974358974358975
0.8571428571428571
0.8767123287671234
0.8529411764705883
0.8125000000000001
0.8437500000000001
0.8064516129032259
0.78125
0.8437499999999999
0.8615384615384615
0.8235294117647058
0.8307692307692308
0.8115942028985507
0.7741935483870968
0.8405797101449276
0.7999999999999999
0.7666666666666667
0.7868852459016393
0.8387096774193549
0.8571428571428571
0.8620689655172413
0.8169014084507041
0.8055555555555555
0.8
0.8611111111111112
0.8985507246376812
0.8857142857142857
0.8615384615384616
0.8285714285714285
0.8358208955223881
0.8157894736842106
0.8529411764705882
0.8253968253968254
0.8285714285714285
0.8571428571428572
0.823529411764706
0.8493150684931507
0.8378378378378378
0.8648648648648648
0.8266666666666667
0.875
0.84375
0.8749999999999999
0.8529411764705882
0.8666666666666666
0.8307692307692308
0.8253968253968255
0.8405797101449276
0.7826086956521738
0.7887323943661972
0.7887323943661971
0.8888888888888888
0.8387096774193549
0.8474576271186439
0.888888888888889
0.8656716417910447
0.8484848484848486
0.8787878787878787
0.8571428571428572
0.7999999999999999
0.8437500000000001
0.8484848484848485
0.8307692307692308
0.8524590163934426
0.8709677419354839
0.8214285714285715
0.823529411764706
0.7916666666666667
0.7999999999999999
0.7719298245614036
0.8571428571428571
0.7457627118644067
0.830188679245283
0.7659574468085106
0.7916666666666667
0.7727272727272727
0.8444444444444444
0.7916666666666666
0.7659574468085107
0.7826086956521738
0.7058823529411765
0.7555555555555555
0.711111111111111
0.6666666666666666
0.5957446808510639
0.5714285714285714
0.5833333333333334
0.5714285714285714
0.4255319148936171
0.8936170212765957
0.8444444444444444
0.8636363636363636
0.7999999999999999
0.878048780487805
0.7692307692307693
0.8571428571428571
0.8421052631578948
0.8181818181818181
0.7906976744186047
0.7906976744186046
0.8636363636363636
0.8181818181818182
0.8947368421052632
0.7999999999999999
0.8571428571428571
0.8717948717948718
0.8571428571428571
0.8571428571428571
0.8108108108108109
0.7647058823529412
0.742857142857143
0.8648648648648648
0.8648648648648648
0.8205128205128205
0.8823529411764706
0.7777777777777778
0.85
0.7999999999999999
0.8292682926829269
0.8648648648648648
0.7272727272727272
0.8571428571428571
0.8888888888888888
0.888888888888889
0.7777777777777777
0.7999999999999999
0.8749999999999999
0.7999999999999999
0.7647058823529411
0.7894736842105263
0.7567567567567567
0.896551724137931
0.8666666666666666
0.8387096774193549
0.8275862068965517
0.9696969696969697
0.9142857142857143
0.8947368421052632
0.8108108108108107
0.8387096774193549
0.8666666666666666
0.8421052631578947
0.8235294117647058
0.8
0.8125
0.7878787878787877
0.8275862068965517
0.8275862068965517
0.8666666666666666
0.823529411764706
0.8387096774193549
0.8387096774193549
0.7999999999999999
0.888888888888889
0.8387096774193548
0.7857142857142857
0.8333333333333333
0.8148148148148148
0.8275862068965517
0.9230769230769231
0.8148148148148148
0.8333333333333333
0.761904761904762
0.8571428571428571
0.923076923076923
0.88
0.8571428571428572
0.9
0.8333333333333334
0.8695652173913044
0.88
0.8333333333333333
0.9600000000000001
0.888888888888889
0.782608695652174
0.8571428571428571
0.8750000000000001
0.9411764705882353
0.8421052631578948
0.9090909090909091
0.7272727272727274
0.8571428571428571
0.8571428571428571
0.8571428571428572
0.7272727272727273
0.8
0.7999999999999999
0.761904761904762
0.7999999999999999
0.7368421052631579
0.8571428571428571
0.8
0.8
0.9473684210526316
0.9523809523809523
0.9
0.9
0.846153846153846
0.8333333333333333
0.88
0.8491869394211515
