0.5474755167961121 0.21157771348953247 0.7487041354179382 0.3129538297653198
0.13072901964187622 0.21235227584838867 0.18855932354927063 0.2595454454421997
0.5026726722717285 0.8299237489700317 0.6587224006652832 0.9313205480575562
0.48539498448371887 0.4576634168624878 0.6582409739494324 0.5235266089439392
0.08966384828090668 0.36853569746017456 0.13644684851169586 0.39210987091064453
0.19042225182056427 0.4102470278739929 0.2558167576789856 0.44622474908828735
0.15593715012073517 0.3918694257736206 0.21661116182804108 0.42939484119415283
0.2940267026424408 0.4509303867816925 0.4345811903476715 0.5122764706611633
0.056877583265304565 0.31071072816848755 0.10440421104431152 0.3435087203979492
0.13672155141830444 0.38663551211357117 0.1760798990726471 0.4135717451572418
0.017169911414384842 0.3106430172920227 0.0586647130548954 0.3408694863319397
0.2312699258327484 0.4324079155921936 0.3314203917980194 0.47998541593551636
0.2952277660369873 0.4499377906322479 0.4332137107849121 0.5126332640647888
0.48682230710983276 0.45756295323371887 0.6575061678886414 0.5236493945121765
0.05629909411072731 0.355113685131073 0.09693478047847748 0.37824833393096924
0.2940267026424408 0.4509303867816925 0.4345811903476715 0.5122764706611633
0.23161853849887848 0.43276527523994446 0.3308016359806061 0.47996506094932556
0.5034762620925903 0.8294335603713989 0.6588732004165649 0.9300482273101807
0.0020506754517555237 0.3041430413722992 0.08767925947904587 0.3422883450984955
0.2312699258327484 0.4324079155921936 0.3314203917980194 0.47998541593551636
0.5456617474555969 0.2115311175584793 0.7485559582710266 0.31292277574539185
