0.4715479612350464 0.13034166395664215 0.654511570930481 0.23480890691280365
0.2777007818222046 0.2414809912443161 0.36154013872146606 0.28942692279815674
0.12888208031654358 0.22302834689617157 0.1870376169681549 0.2549642324447632
0.35435372591018677 0.3027353882789612 0.4611155390739441 0.3555692434310913
0.3754091262817383 0.45520228147506714 0.49443894624710083 0.506090521812439
0.6690456867218018 0.4473402798175812 0.9181152582168579 0.5286460518836975
0.12023767828941345 0.3261166214942932 0.16454154253005981 0.35376882553100586
0.15597009658813477 0.26917657256126404 0.2345069944858551 0.3057193458080292
0.06903395056724548 0.3201102316379547 0.10562987625598907 0.34414687752723694
0.1242908239364624 0.37984755635261536 0.17378634214401245 0.41042831540107727
0.4797736704349518 0.4606008231639862 0.6402778029441833 0.5256040096282959
0.19015726447105408 0.3276575803756714 0.2700665295124054 0.36253273487091064
0.1817847043275833 0.4059554934501648 0.2455757111310959 0.44350188970565796
0.08547305315732956 0.3690648674964905 0.12572038173675537 0.39311927556991577
0.018681451678276062 0.3417188823223114 0.047109559178352356 0.35886654257774353
0.26365262269973755 0.4418941140174866 0.3738412857055664 0.498679518699646
0.2186935693025589 0.42706385254859924 0.31303584575653076 0.47512295842170715
0.01659378409385681 0.058802634477615356 0.8738528490066528 0.882317304611206
0.263542503118515 0.4416225850582123 0.3745366632938385 0.4987727701663971
0.2186935693025589 0.42706385254859924 0.31303584575653076 0.47512295842170715
0.48081761598587036 0.4608660936355591 0.6400095820426941 0.5249528884887695
0.2505224943161011 0.436459481716156 0.35032784938812256 0.4901466369628906
0.12488840520381927 0.18887516856193542 0.16541020572185516 0.19845470786094666
0.19015726447105408 0.3276575803756714 0.2700665295124054 0.36253273487091064
0.2638319432735443 0.44064033031463623 0.3741702139377594 0.49884533882141113
0.0 0.3052555024623871 0.02285357192158699 0.32641568779945374
0.6693178415298462 0.44627222418785095 0.9201745986938477 0.5311700701713562
0.45630908012390137 0.6344300508499146 0.9962258338928223 0.9944772720336914
0.1825837790966034 0.4060010015964508 0.24534714221954346 0.44936224818229675
0.12796860933303833 0.2478894144296646 0.1719473898410797 0.26292920112609863
