0.5295977592468262 0.22073747217655182 0.7714427709579468 0.3283732235431671
0.1790185570716858 0.2695472538471222 0.24401113390922546 0.303945928812027
0.13128629326820374 0.20729805529117584 0.1884334683418274 0.2562972605228424
0.2616199851036072 0.3241454064846039 0.34677553176879883 0.36725911498069763
0.3393436074256897 0.4497920274734497 0.5394245386123657 0.5270878672599792
0.10697349905967712 0.27558091282844543 0.14859837293624878 0.3004356324672699
0.3388076424598694 0.4507066607475281 0.5406489372253418 0.527725100517273
0.14355838298797607 0.3319734036922455 0.19908341765403748 0.36130306124687195
0.0462300181388855 0.2841866612434387 0.08806514739990234 0.3087025284767151
0.21931599080562592 0.415061354637146 0.2874941825866699 0.45513415336608887
0.08638563752174377 0.3699759840965271 0.12632127106189728 0.393382728099823
0.1040627658367157 0.38115110993385315 0.14313669502735138 0.4070090353488922
0.19312694668769836 0.16010800004005432 0.24713397026062012 0.1744345724582672
0.2764720618724823 0.4336111545562744 0.3623749911785126 0.4795950651168823
0.024884622544050217 0.3139062821865082 0.046811845153570175 0.3350573480129242
0.12006787955760956 0.3882506191730499 0.18386127054691315 0.4260018765926361
0.17352285981178284 0.40343019366264343 0.23723557591438293 0.4388428032398224
0.2764720618724823 0.4336111545562744 0.3623749911785126 0.4795950651168823
0.15344655513763428 0.1682259738445282 0.194814532995224 0.1781412661075592
0.04435748979449272 0.3156248927116394 0.13469083607196808 0.3491361737251282
0.009089797735214233 0.013839900493621826 0.9304463863372803 0.8922070264816284
0.17383719980716705 0.40279439091682434 0.23743079602718353 0.43848535418510437
0.3388076424598694 0.4507066607475281 0.5406489372253418 0.527725100517273
0.04467480257153511 0.3151204288005829 0.13342253863811493 0.3491614758968353
0.05298241972923279 0.3569045066833496 0.08378227055072784 0.38069307804107666
0.12087270617485046 0.38847190141677856 0.1849537193775177 0.42647749185562134
0.07257124036550522 0.3593743145465851 0.10674232989549637 0.38391974568367004
0.18500801920890808 0.1437804102897644 0.23160868883132935 0.15602809190750122
0.5305647253990173 0.2201596051454544 0.7736682295799255 0.32749369740486145
0.004460558295249939 0.1489989012479782 0.36213815212249756 0.4976041913032532
0.03127238154411316 0.2788970470428467 0.05843241512775421 0.3045985698699951
