0.5061142444610596 0.10166677087545395 0.6971050500869751 0.21105125546455383
0.12800376117229462 0.2757912576198578 0.175568088889122 0.3028136193752289
0.37062525749206543 0.2886853516101837 0.5265594720840454 0.3567492663860321
0.1329185664653778 0.2069275677204132 0.1884777545928955 0.2556988298892975
0.8381654024124146 0.12463020533323288 0.9986578226089478 0.282747358083725
0.3003278970718384 0.44739851355552673 0.4772478938102722 0.5140124559402466
0.12486174702644348 0.33061301708221436 0.17453396320343018 0.35818421840667725
0.07405067980289459 0.2780265212059021 0.11093804240226746 0.30093318223953247
0.21578183770179749 0.3278375267982483 0.2834306061267853 0.36503565311431885
0.08347039669752121 0.3683681786060333 0.1206812933087349 0.3920225203037262
0.21419969201087952 0.32901614904403687 0.24967807531356812 0.36025381088256836
0.036912329494953156 0.29530835151672363 0.0743013471364975 0.31768798828125
0.21508052945137024 0.41550305485725403 0.28274792432785034 0.45172616839408875
0.20092973113059998 0.15639610588550568 0.25637421011924744 0.17024217545986176
0.15932288765907288 0.1650904417037964 0.20365166664123535 0.17623808979988098
0.11529921740293503 0.3859723210334778 0.17657122015953064 0.42213714122772217
0.1691877543926239 0.40288224816322327 0.23226076364517212 0.4361826479434967
0.2672407031059265 0.4303245544433594 0.3461345434188843 0.4698021411895752
0.04867776110768318 0.3559494912624359 0.08090454339981079 0.377096563577652
0.1691877543926239 0.40288224816322327 0.23226076364517212 0.4361826479434967
0.10145817697048187 0.38064172863960266 0.14297829568386078 0.4054713547229767
0.07023061066865921 0.35914888978004456 0.10250671952962875 0.3831981122493744
0.11478179693222046 0.3864542245864868 0.17711976170539856 0.4223635196685791
0.03841530531644821 0.31335678696632385 0.12081291526556015 0.34544888138771057
0.23977500200271606 0.3286501467227936 0.28910839557647705 0.36509940028190613
0.2672407031059265 0.4303245544433594 0.3461345434188843 0.4698021411895752
0.29730263352394104 0.4464714527130127 0.4756418764591217 0.5147386789321899
0.03635053709149361 0.31316304206848145 0.12295210361480713 0.3448691964149475
0.07679461687803268 0.36312365531921387 0.10801755636930466 0.39010030031204224
0.0053813159465789795 0.07704433798789978 0.9727113246917725 0.8973562717437744
0.37030404806137085 0.28906911611557007 0.524331271648407 0.35649484395980835
0.19031746685504913 0.1363261193037033 0.23820962011814117 0.1518777459859848
0.01656978204846382 0.30613017082214355 0.039441194385290146 0.3306293487548828
0.05612991005182266 0.3569854497909546 0.0950198695063591 0.38189494609832764
0.0005828980356454849 0.3034725487232208 0.02491038292646408 0.32513633370399475
0.009124383330345154 0.13140158355236053 0.3682438135147095 0.4821297526359558
0.02590038999915123 0.2827618718147278 0.04707453027367592 0.2993248701095581
0.10978786647319794 0.382632851600647 0.16497547924518585 0.4158927798271179
