0.2609598636627197 0.6312698125839233 0.29995834827423096 0.6902115345001221
0.4297349154949188 0.5490179061889648 0.531198263168335 0.6681989431381226
0.33059537410736084 0.6646579504013062 0.3865079879760742 0.7424255609512329
0.9175699949264526 0.6420128345489502 1.0 0.6892361640930176
0.23940056562423706 0.6143951416015625 0.2740023136138916 0.6680413484573364
0.16026464104652405 0.5707455277442932 0.1874994933605194 0.6078110337257385
0.2260250449180603 0.6082839369773865 0.262799471616745 0.6606985926628113
0.3374376893043518 0.5764189958572388 0.3927115797996521 0.593003511428833
0.16492421925067902 0.5476295351982117 0.191445991396904 0.568755567073822
0.3379036784172058 0.5557162761688232 0.39252299070358276 0.568867564201355
0.15457549691200256 0.567142128944397 0.1814499795436859 0.5982908010482788
0.14997392892837524 0.5645782351493835 0.17511150240898132 0.5916553139686584
0.22548659145832062 0.6155153512954712 0.25196555256843567 0.6606321334838867
0.2559686601161957 0.6273869872093201 0.2910039722919464 0.6806612610816956
