0.3836207091808319 0.1887689232826233 0.5095251202583313 0.2619940936565399
0.20020782947540283 0.26446887850761414 0.2677076756954193 0.300923615694046
0.34188130497932434 0.4464905261993408 0.44792255759239197 0.49823689460754395
0.4044455289840698 0.2955586314201355 0.5441269874572754 0.35917431116104126
0.19634641706943512 0.33203810453414917 0.27049463987350464 0.36670738458633423
0.23943927884101868 0.4210914373397827 0.3106462061405182 0.46430903673171997
0.13169856369495392 0.21942952275276184 0.18710918724536896 0.2553032636642456
0.08693206310272217 0.2793121933937073 0.1270912140607834 0.3038303256034851
0.18158458173274994 0.4044346511363983 0.24290837347507477 0.44064757227897644
0.11109554022550583 0.3827363848686218 0.14821723103523254 0.41009509563446045
0.038814373314380646 0.3146788477897644 0.0672801062464714 0.3345591425895691
0.09909628331661224 0.3743228018283844 0.13536880910396576 0.39943423867225647
0.1286325305700302 0.3924696445465088 0.19184724986553192 0.4307287931442261
0.007109463214874268 0.027760297060012817 0.9013716578483582 0.9062354564666748
0.0584108792245388 0.35929322242736816 0.09077167510986328 0.38356584310531616
0.07799449563026428 0.32023876905441284 0.17394641041755676 0.35660141706466675
0.019384484738111496 0.2828567326068878 0.05201692506670952 0.30097541213035583
0.006943300366401672 0.13585758209228516 0.3352142572402954 0.4835909605026245
0.07596670091152191 0.20631234347820282 0.11036215722560883 0.21502576768398285
0.08852125704288483 0.3664168119430542 0.11799962818622589 0.39371418952941895
0.17406964302062988 0.1529969424009323 0.21181651949882507 0.16083212196826935
0.07046037912368774 0.318594366312027 0.16325320303440094 0.35639652609825134
0.05798953026533127 0.35938581824302673 0.09039526432752609 0.3841334879398346
0.40520918369293213 0.2949218153953552 0.5432681441307068 0.3590233325958252
0.17940720915794373 0.16701096296310425 0.23104754090309143 0.1796506941318512
0.09178993105888367 0.37092500925064087 0.12767575681209564 0.3974655270576477
0.5167198777198792 0.4560563862323761 0.8746933341026306 0.5509570837020874
0.12842512130737305 0.39278969168663025 0.1923058032989502 0.43055853247642517
