0.17217308282852173 0.27371692657470703 0.23509246110916138 0.3099279999732971
0.3670225143432617 0.45463496446609497 0.48153722286224365 0.5050614476203918
0.6077451109886169 0.742989718914032 0.8582679629325867 0.8763059973716736
0.12971337139606476 0.22285640239715576 0.18708102405071259 0.2561953067779541
0.16212119162082672 0.32512763142585754 0.21296505630016327 0.35719457268714905
0.3224499225616455 0.29113271832466125 0.45968687534332275 0.35411807894706726
0.12531618773937225 0.28212210536003113 0.164375439286232 0.30779680609703064
0.4759797751903534 0.4614504873752594 0.6411013603210449 0.5242060422897339
0.6640363931655884 0.44695279002189636 0.9113579988479614 0.5294702649116516
0.059706658124923706 0.3173085153102875 0.0909525454044342 0.3395547568798065
0.17539866268634796 0.4106691777706146 0.2518354654312134 0.45271560549736023
0.06240373104810715 0.3597947955131531 0.09824087470769882 0.38384145498275757
0.1411750763654709 0.3910297155380249 0.19357703626155853 0.42441409826278687
0.09335508942604065 0.36860546469688416 0.13142530620098114 0.3941093981266022
0.3264131546020508 0.17975196242332458 0.5146401524543762 0.26614922285079956
0.08008632063865662 0.27984747290611267 0.11641322076320648 0.3040841519832611
0.028493639081716537 0.3158022463321686 0.057704661041498184 0.33509787917137146
0.09683214873075485 0.32371756434440613 0.14243461191654205 0.34859833121299744
0.3264131546020508 0.17975196242332458 0.5146401524543762 0.26614922285079956
0.22325490415096283 0.4322464168071747 0.3331204056739807 0.48348626494407654
0.6078944802284241 0.7440008521080017 0.8589968085289001 0.8775779604911804
0.13854022324085236 0.18180134892463684 0.18306292593479156 0.19226524233818054
0.22299502789974213 0.4324713945388794 0.33277443051338196 0.48350125551223755
0.014009475708007812 0.06879249215126038 0.8668996691703796 0.9002683162689209
0.6623654365539551 0.44624435901641846 0.9099066257476807 0.5311344861984253
0.47995638847351074 0.46028149127960205 0.6400877237319946 0.5252885222434998
0.1757621169090271 0.41092535853385925 0.2518885135650635 0.4528330862522125
0.47995638847351074 0.46028149127960205 0.6400877237319946 0.5252885222434998
0.13133689761161804 0.16362066566944122 0.17140859365463257 0.17209915816783905
0.007918909192085266 0.18329216539859772 0.4335302710533142 0.5085996389389038
