0.34069666266441345 0.4526691734790802 0.4502348005771637 0.5003131628036499
0.471580445766449 0.4605652689933777 0.6298725008964539 0.5250838994979858
0.12599948048591614 0.2809757888317108 0.17559289932250977 0.3120199143886566
0.12986604869365692 0.22353172302246094 0.1870349496603012 0.2550155520439148
0.4590461254119873 0.23949703574180603 0.7216256856918335 0.34174779057502747
0.6622541546821594 0.44580474495887756 0.9091338515281677 0.530762255191803
0.12244060635566711 0.3232366442680359 0.16656526923179626 0.3507382273674011
0.09424138814210892 0.2850618362426758 0.12627118825912476 0.3075200915336609
0.22714123129844666 0.3182826340198517 0.32202455401420593 0.3616020381450653
0.3745429813861847 0.24177022278308868 0.680801272392273 0.3546719551086426
0.06022970378398895 0.3595947325229645 0.09627498686313629 0.3839181959629059
0.08917631208896637 0.36619681119918823 0.12164910137653351 0.3898118734359741
0.0706450566649437 0.3210285007953644 0.11235583573579788 0.3416060507297516
0.19454243779182434 0.42161741852760315 0.290695458650589 0.47157683968544006
0.05658569931983948 0.2811468839645386 0.08953788876533508 0.30377089977264404
0.124828040599823 0.38524171710014343 0.1712336540222168 0.4151459038257599
0.4245859980583191 0.893058717250824 0.554572582244873 0.9907453656196594
0.5462630391120911 0.06552282720804214 0.8403529524803162 0.20658451318740845
0.15255539119243622 0.40244945883750916 0.22334881126880646 0.43978819251060486
0.009072661399841309 0.0643676221370697 0.8198585510253906 0.8463336229324341
0.5429168343544006 0.06475704163312912 0.8365322947502136 0.2085828185081482
0.14520801603794098 0.17890021204948425 0.18957401812076569 0.18958044052124023
0.45504581928253174 0.8890095353126526 0.5517107248306274 0.96796053647995
0.20552745461463928 0.24777521193027496 0.31949612498283386 0.29752394556999207
0.0418422631919384 0.31612828373908997 0.07138781249523163 0.3354977071285248
0.19454243779182434 0.42161741852760315 0.290695458650589 0.47157683968544006
0.017171379178762436 0.31369903683662415 0.04278971627354622 0.3331482708454132
0.12834706902503967 0.2089756280183792 0.19272321462631226 0.25719839334487915
0.20552745461463928 0.24777521193027496 0.31949612498283386 0.29752394556999207
0.5462630391120911 0.06552282720804214 0.8403529524803162 0.20658451318740845
0.13324853777885437 0.1584901213645935 0.17658644914627075 0.16938406229019165
0.2202378660440445 0.2482551634311676 0.32506224513053894 0.29618319869041443
0.11191710829734802 0.18668168783187866 0.14674177765846252 0.19543763995170593
0.22714123129844666 0.3182826340198517 0.32202455401420593 0.3616020381450653
0.4245859980583191 0.893058717250824 0.554572582244873 0.9907453656196594
0.4798222780227661 0.23919694125652313 0.7206957340240479 0.341425359249115
