0.26095452904701233 0.6313243508338928 0.2999431788921356 0.690135657787323
0.41684940457344055 0.49944937229156494 0.5022463798522949 0.6191215515136719
0.3303588330745697 0.6646853089332581 0.3865292966365814 0.7423349022865295
0.23926705121994019 0.6142768859863281 0.27389591932296753 0.6680643558502197
0.16030599176883698 0.5699982047080994 0.18743984401226044 0.6077571511268616
0.22594928741455078 0.6078953742980957 0.26278650760650635 0.6608271598815918
0.1637919843196869 0.547249436378479 0.18966513872146606 0.5685112476348877
0.1539524644613266 0.5665144324302673 0.1819150596857071 0.5979788899421692
0.34827494621276855 0.5799239873886108 0.4044573903083801 0.5979422330856323
0.14980557560920715 0.5645639300346375 0.1761513352394104 0.5918441414833069
0.25563859939575195 0.6272075176239014 0.2906898856163025 0.6804145574569702
