0.6089203953742981 0.20401179790496826 0.8434181809425354 0.31723713874816895
0.13024143874645233 0.2107125222682953 0.18814493715763092 0.2594468891620636
0.42949700355529785 0.45671239495277405 0.5769802331924438 0.5142130851745605
0.29712381958961487 0.30371132493019104 0.39313724637031555 0.3542967140674591
0.18888430297374725 0.41036921739578247 0.25458720326423645 0.4488646984100342
0.1563851237297058 0.39225682616233826 0.2160778045654297 0.43050989508628845
0.0773702934384346 0.3641709089279175 0.12013141065835953 0.3871891498565674
0.2782379984855652 0.441569060087204 0.4009380340576172 0.5060862898826599
0.1290101408958435 0.3852893114089966 0.17434215545654297 0.41237807273864746
0.2282199263572693 0.43220916390419006 0.32523131370544434 0.479571133852005
0.003949373960494995 0.30682703852653503 0.07453222572803497 0.3371534049510956
0.2784581482410431 0.4413206875324249 0.39965710043907166 0.5056361556053162
0.044292643666267395 0.3498568832874298 0.08085772395133972 0.3717397153377533
0.27882739901542664 0.4408699572086334 0.40043386816978455 0.5051899552345276
0.007815759629011154 0.30731552839279175 0.07520884275436401 0.3380581736564636
0.10463506728410721 0.19412456452846527 0.1428334265947342 0.2046598345041275
0.6079909205436707 0.20391689240932465 0.8423873782157898 0.3158904016017914
0.024229146540164948 0.34253358840942383 0.05520050972700119 0.365017831325531
0.2450806200504303 0.43438148498535156 0.3500550091266632 0.4889625310897827
0.227911114692688 0.43151557445526123 0.32161736488342285 0.4819231629371643
