0.33935901522636414 0.20272675156593323 0.4617781341075897 0.27101564407348633
0.7241905331611633 0.00042923539876937866 0.9988204836845398 0.13587400317192078
0.38646504282951355 0.302214115858078 0.5360714197158813 0.3648282587528229
0.4546535909175873 0.46899378299713135 0.624896228313446 0.5390629768371582
0.1745443046092987 0.2693443298339844 0.2357597053050995 0.30345505475997925
0.13077035546302795 0.206659197807312 0.1883167326450348 0.25617966055870056
0.6436187624931335 0.18831896781921387 0.9194779992103577 0.31656497716903687
0.20741376280784607 0.41066598892211914 0.2726782560348511 0.44917863607406616
0.14607712626457214 0.32842883467674255 0.20032021403312683 0.35929927229881287
0.06634101271629333 0.36284852027893066 0.10363207757472992 0.38401520252227783
0.09643204510211945 0.3274233937263489 0.13911482691764832 0.35205549001693726
0.2680499255657196 0.44245773553848267 0.4267997443675995 0.5080296993255615
0.7305096983909607 0.44702157378196716 0.9985169768333435 0.5495269298553467
0.10084986686706543 0.38012024760246277 0.16130214929580688 0.41381749510765076
0.25591805577278137 0.42660632729530334 0.33257856965065 0.4596354067325592
0.22017072141170502 0.1463586390018463 0.2800321877002716 0.16118237376213074
0.029756661504507065 0.280169814825058 0.054857682436704636 0.298978716135025
0.1758958250284195 0.15806715190410614 0.22224007546901703 0.16946078836917877
0.05842497944831848 0.2802093029022217 0.09069979190826416 0.30089354515075684
0.026583492755889893 0.31360700726509094 0.10083577036857605 0.3430195152759552
0.15986406803131104 0.39628496766090393 0.21659621596336365 0.42764875292778015
0.013595372438430786 0.03570258617401123 0.8538196086883545 0.8480018973350525
0.2262130081653595 0.32434773445129395 0.32088813185691833 0.36405545473098755
0.2680499255657196 0.44245773553848267 0.4267997443675995 0.5080296993255615
0.04700382053852081 0.352159321308136 0.08128677308559418 0.37431758642196655
0.010254427790641785 0.10868509113788605 0.4133620858192444 0.5026116967201233
0.08492061495780945 0.37314778566360474 0.11087512969970703 0.3978220224380493
0.02845408394932747 0.3485628664493561 0.06178804859519005 0.3703663647174835
0.2690626382827759 0.4424095153808594 0.42195940017700195 0.5083049535751343
0.2663354277610779 0.32497191429138184 0.32167237997055054 0.3663964867591858
0.1597001850605011 0.39663997292518616 0.215792715549469 0.4281739294528961
0.25778424739837646 0.42528361082077026 0.33375513553619385 0.4617033004760742
0.026583492755889893 0.31360700726509094 0.10083577036857605 0.3430195152759552
0.21447214484214783 0.12771542370319366 0.26368004083633423 0.13985399901866913
0.38411664962768555 0.3109106123447418 0.4499775171279907 0.3610781133174896
0.08040894567966461 0.2264387011528015 0.11697135865688324 0.24841880798339844
