0.2153981626033783 0.2605215311050415 0.2874050438404083 0.3006226420402527
0.42259421944618225 0.16523638367652893 0.5679641962051392 0.24912762641906738
0.3542901575565338 0.44748449325561523 0.46166905760765076 0.4994906187057495
0.4291812777519226 0.2886849343776703 0.5803905129432678 0.35762056708335876
0.24252024292945862 0.42205604910850525 0.31616851687431335 0.4665665924549103
0.13534963130950928 0.21975292265415192 0.18740791082382202 0.25522756576538086
0.2062460333108902 0.33217161893844604 0.2807847857475281 0.36715519428253174
0.0877232551574707 0.27891266345977783 0.13345789909362793 0.30401611328125
0.18260398507118225 0.4047165513038635 0.2449226677417755 0.44126081466674805
0.11151252686977386 0.3826541602611542 0.14682985842227936 0.4104423224925995
0.008769601583480835 0.035909026861190796 0.8928176164627075 0.8985006809234619
0.09976762533187866 0.3741106688976288 0.13551001250743866 0.39843615889549255
0.03910313546657562 0.3146752715110779 0.06865794956684113 0.3321099877357483
0.1281549483537674 0.39203229546546936 0.1922110766172409 0.4312465488910675
0.059061069041490555 0.3594435751438141 0.09196703135967255 0.3833167254924774
0.13433165848255157 0.2039736807346344 0.19507332146167755 0.2555558979511261
0.07681846618652344 0.3200171887874603 0.17918899655342102 0.3569311797618866
0.02234143763780594 0.2818593978881836 0.053440943360328674 0.3010404109954834
0.07417234033346176 0.20609578490257263 0.11070094257593155 0.21457481384277344
0.03664209321141243 0.2800089120864868 0.08008463680744171 0.3000827431678772
0.08806181699037552 0.36616167426109314 0.11799613386392593 0.3935116231441498
0.12852220237255096 0.3925720453262329 0.19243855774402618 0.4310472011566162
0.42659664154052734 0.164449542760849 0.5682804584503174 0.24845123291015625
0.009096741676330566 0.1424243003129959 0.3449394702911377 0.4801514744758606
0.18196961283683777 0.4049016833305359 0.24484768509864807 0.4408491849899292
0.11233298480510712 0.32307198643684387 0.18130375444889069 0.358244389295578
0.07681846618652344 0.3200171887874603 0.17918899655342102 0.3569311797618866
