0.12923544645309448 0.27292048931121826 0.17536062002182007 0.3010731339454651
0.2192424237728119 0.2606774568557739 0.29434463381767273 0.301949143409729
0.1327483057975769 0.2214115560054779 0.1878364384174347 0.2553081214427948
0.22111614048480988 0.4156453013420105 0.2913070023059845 0.45737123489379883
0.28938916325569153 0.32027924060821533 0.38822439312934875 0.36581575870513916
0.2930809259414673 0.43737876415252686 0.3822792172431946 0.4852362871170044
0.05999371036887169 0.282122939825058 0.09709946811199188 0.3054545819759369
0.6838001012802124 0.14664611220359802 1.0 0.2953886389732361
0.3829457759857178 0.4554160237312317 0.5965839624404907 0.5321754217147827
0.02853449434041977 0.31369954347610474 0.053458839654922485 0.3349531888961792
0.15658575296401978 0.33230656385421753 0.2160433530807495 0.3638484477996826
0.3812837600708008 0.4564383625984192 0.6002812385559082 0.5333862900733948
0.09012779593467712 0.3720221519470215 0.13080014288425446 0.3945281505584717
0.18792518973350525 0.16219042241573334 0.2418251633644104 0.1760968416929245
0.10643062740564346 0.38319146633148193 0.1404796987771988 0.4081367254257202
0.12262652814388275 0.38918793201446533 0.1846289485692978 0.4273144006729126
0.0067179203033447266 0.0278950035572052 0.8757064342498779 0.8604276180267334
0.3829457759857178 0.4554160237312317 0.5965839624404907 0.5321754217147827
0.1773153394460678 0.4038093090057373 0.23858235776424408 0.4392451047897339
0.05926259979605675 0.3179408311843872 0.14522820711135864 0.3501250147819519
0.1513647437095642 0.168771430850029 0.18649420142173767 0.17814557254314423
0.12271192669868469 0.3888891935348511 0.18497082591056824 0.42735743522644043
0.17683807015419006 0.40343910455703735 0.23861300945281982 0.4398843050003052
0.29350367188453674 0.43770819902420044 0.38217511773109436 0.4854506850242615
0.18530893325805664 0.1470741629600525 0.22698819637298584 0.15616446733474731
0.09929876029491425 0.3757113218307495 0.13337241113185883 0.40219855308532715
0.0036779409274458885 0.3061715066432953 0.03366760537028313 0.3244384229183197
0.05510677769780159 0.3578985631465912 0.09030447900295258 0.38318344950675964
0.05425877124071121 0.3160881996154785 0.14381223917007446 0.3503045439720154
0.009822830557823181 0.12287545204162598 0.3524569272994995 0.4857328534126282
0.01466900110244751 0.2821887135505676 0.04780953750014305 0.30068647861480713
0.07477177679538727 0.360154390335083 0.10996237397193909 0.38303619623184204
0.13275127112865448 0.20386339724063873 0.19603873789310455 0.255257785320282
0.15658575296401978 0.33230656385421753 0.2160433530807495 0.3638484477996826
0.08157175779342651 0.36520442366600037 0.11380359530448914 0.39042380452156067
