0.26092588901519775 0.6312600374221802 0.29993659257888794 0.6900981664657593
0.41101861000061035 0.4715728461742401 0.4953129291534424 0.5837405920028687
0.33004721999168396 0.6649904847145081 0.3869071304798126 0.742250382900238
0.23936808109283447 0.6143659949302673 0.27387750148773193 0.6680312752723694
0.22575262188911438 0.6077736020088196 0.26249805092811584 0.660686194896698
0.15993794798851013 0.569288432598114 0.18712007999420166 0.6057817339897156
0.15465180575847626 0.5668004155158997 0.18294717371463776 0.5986074805259705
0.16364461183547974 0.5470510721206665 0.18923160433769226 0.5683860778808594
0.3541324734687805 0.5825261473655701 0.40775978565216064 0.6005310416221619
0.15044553577899933 0.5655961036682129 0.17652080953121185 0.594163179397583
0.25573959946632385 0.6271999478340149 0.2906803786754608 0.6804062724113464
