0.2082585096359253 0.2636658847332001 0.27943211793899536 0.302478164434433
0.12365378439426422 0.2744174897670746 0.16829170286655426 0.3008507192134857
0.2899208068847656 0.4348045885562897 0.37446463108062744 0.48414191603660583
0.22007238864898682 0.4152730405330658 0.2908247113227844 0.4570094645023346
0.3608652949333191 0.45454898476600647 0.5877736210823059 0.5307326316833496
0.1310979276895523 0.21978172659873962 0.18728406727313995 0.2550535500049591
0.6283249855041504 0.171608567237854 0.951002836227417 0.3042964041233063
0.6322850584983826 0.1719152331352234 0.9557439684867859 0.3065027594566345
0.057544611394405365 0.2827337682247162 0.09498953074216843 0.30591586232185364
0.15417897701263428 0.3323626220226288 0.2113906741142273 0.36272308230400085
0.08846846222877502 0.3708173930644989 0.12971113622188568 0.3941728174686432
0.28401803970336914 0.3248421549797058 0.33624351024627686 0.36531245708465576
0.28571516275405884 0.32210007309913635 0.37762171030044556 0.36590614914894104
0.02792191505432129 0.3130204677581787 0.052319519221782684 0.3354101777076721
0.008071422576904297 0.028890341520309448 0.9020418524742126 0.855709433555603
0.18928535282611847 0.16166789829730988 0.2418934851884842 0.17502225935459137
0.10626284033060074 0.3828873336315155 0.14203877747058868 0.40776798129081726
0.12232079356908798 0.3891100287437439 0.18643775582313538 0.427151620388031
0.3608652949333191 0.45454898476600647 0.5877736210823059 0.5307326316833496
0.17616230249404907 0.40333300828933716 0.23873984813690186 0.4391576647758484
0.051628466695547104 0.31455838680267334 0.13517829775810242 0.350094199180603
0.15126164257526398 0.1677888184785843 0.18863897025585175 0.17829976975917816
0.18342868983745575 0.14519333839416504 0.22718055546283722 0.1555822491645813
0.17628911137580872 0.4037681818008423 0.23830989003181458 0.4389609694480896
0.10263234376907349 0.3803170323371887 0.1316775530576706 0.4076055884361267
0.13241693377494812 0.2035544365644455 0.19534799456596375 0.25556886196136475
0.005139783024787903 0.13739323616027832 0.366890013217926 0.49853646755218506
0.12253279983997345 0.38883835077285767 0.18625296652317047 0.4273374676704407
0.05496881902217865 0.3576516807079315 0.09018053114414215 0.38307985663414
0.3608652949333191 0.45454898476600647 0.5877736210823059 0.5307326316833496
0.08238163590431213 0.365804523229599 0.11554710566997528 0.3920682966709137
0.05052563548088074 0.3148207366466522 0.14035484194755554 0.34967389702796936
0.013480830937623978 0.2829805612564087 0.047021470963954926 0.30119645595550537
0.027872061356902122 0.2682059109210968 0.0639406219124794 0.2870636284351349
0.0031289411708712578 0.30578258633613586 0.032604560256004333 0.32430872321128845
0.0730554386973381 0.35990235209465027 0.1089719608426094 0.3840460479259491
0.29036644101142883 0.43488720059394836 0.3740324079990387 0.4841708242893219
