0.3745781183242798 0.45572060346603394 0.48640888929367065 0.5082807540893555
0.13007521629333496 0.22219151258468628 0.18763196468353271 0.2552292048931122
0.4538199007511139 0.2755333185195923 0.6217806935310364 0.35093575716018677
0.5963605642318726 0.4474685788154602 0.8138923645019531 0.5285274982452393
0.24661710858345032 0.4309704303741455 0.32936200499534607 0.47299128770828247
0.0698355957865715 0.28309014439582825 0.10492054373025894 0.3066147267818451
0.07494702935218811 0.3194616138935089 0.1080244928598404 0.34016647934913635
0.20727306604385376 0.2622085213661194 0.3071737289428711 0.30514615774154663
0.060315683484077454 0.35965585708618164 0.09521360695362091 0.3848233222961426
0.10234507918357849 0.37629279494285583 0.14116373658180237 0.4009850323200226
0.03765050694346428 0.3151824176311493 0.07399539649486542 0.3341599404811859
0.25313273072242737 0.32090240716934204 0.34825584292411804 0.3710681200027466
0.12395582348108292 0.3893877863883972 0.18028482794761658 0.42031192779541016
0.17643746733665466 0.3150620758533478 0.2967013120651245 0.36842790246009827
0.36996471881866455 0.45286133885383606 0.4260232448577881 0.4934987723827362
0.15111538767814636 0.4011199176311493 0.22558113932609558 0.4444080889225006
0.12342894822359085 0.32595309615135193 0.17599886655807495 0.3574405610561371
0.013725072145462036 0.024235010147094727 0.8813737630844116 0.8555404543876648
0.09498031437397003 0.2749135196208954 0.1725916713476181 0.30436787009239197
0.36864906549453735 0.4543982744216919 0.45304596424102783 0.4988088011741638
0.09498031437397003 0.2749135196208954 0.1725916713476181 0.30436787009239197
0.02884768694639206 0.2844373881816864 0.0482134148478508 0.29936137795448303
0.12428309768438339 0.3256884515285492 0.17648449540138245 0.35700151324272156
0.15877942740917206 0.17494302988052368 0.20608513057231903 0.18502944707870483
0.45584380626678467 0.27543750405311584 0.620476484298706 0.351838082075119
0.08839073777198792 0.3650561571121216 0.1172831654548645 0.387073278427124
0.17643746733665466 0.3150620758533478 0.2967013120651245 0.36842790246009827
0.15111538767814636 0.4011199176311493 0.22558113932609558 0.4444080889225006
0.20587033033370972 0.2627318501472473 0.3072991967201233 0.30553877353668213
0.2425290048122406 0.3199625313282013 0.34698429703712463 0.37035778164863586
0.04987988620996475 0.2854841351509094 0.07294759154319763 0.3021482825279236
0.13223624229431152 0.205550417304039 0.19515293836593628 0.2557460367679596
0.5963605642318726 0.4474685788154602 0.8138923645019531 0.5285274982452393
0.12368961423635483 0.18229396641254425 0.15809057652950287 0.19192497432231903
0.24632231891155243 0.4307534694671631 0.32959213852882385 0.47258931398391724
