0.3738718628883362 0.1821288764476776 0.5123200416564941 0.2593376338481903
0.46597713232040405 0.4699743390083313 0.6346748471260071 0.5410711169242859
0.19111144542694092 0.2658695578575134 0.2547730505466461 0.30129337310791016
0.6873475313186646 0.16567648947238922 0.9972403049468994 0.3050457835197449
0.8461719155311584 0.00044419243931770325 0.9997733235359192 0.08704714477062225
0.1305895894765854 0.20694327354431152 0.18845687806606293 0.25692299008369446
0.20860759913921356 0.4111389219760895 0.2732617259025574 0.4490472376346588
0.400701105594635 0.2957040071487427 0.567039430141449 0.36320310831069946
0.14969339966773987 0.3286531865596771 0.20715415477752686 0.35992661118507385
0.09779383987188339 0.32761016488075256 0.1419614851474762 0.3522510230541229
0.26799893379211426 0.44135791063308716 0.4292387366294861 0.5081537365913391
0.10258041322231293 0.38069403171539307 0.1623176485300064 0.414267897605896
0.16196833550930023 0.3972316086292267 0.21892668306827545 0.42926982045173645
0.21920782327651978 0.14738449454307556 0.2793777883052826 0.1634390950202942
0.26799893379211426 0.44135791063308716 0.4292387366294861 0.5081537365913391
0.25651824474334717 0.42689359188079834 0.3277798295021057 0.4596710801124573
0.0704946219921112 0.3635997176170349 0.1051032543182373 0.38484424352645874
0.17653372883796692 0.15884721279144287 0.22051408886909485 0.1697104573249817
0.2702634930610657 0.4409649670124054 0.42819786071777344 0.5086960792541504
0.40092870593070984 0.2957712411880493 0.565669059753418 0.3618568181991577
0.015335410833358765 0.025235384702682495 0.8992031812667847 0.8371251821517944
0.08633249998092651 0.37411728501319885 0.11280092597007751 0.3983536660671234
0.012491881847381592 0.11722168326377869 0.3787909746170044 0.49649229645729065
0.23678994178771973 0.3235548436641693 0.33263450860977173 0.3646641671657562
0.06148599833250046 0.28109294176101685 0.09659143537282944 0.3010193109512329
0.028783854097127914 0.3114781081676483 0.10278540849685669 0.3426953852176666
0.030156269669532776 0.2783454656600952 0.05927889049053192 0.29959362745285034
0.6895177364349365 0.164494127035141 0.9993935823440552 0.30634573101997375
0.10258041322231293 0.38069403171539307 0.1623176485300064 0.414267897605896
0.25700515508651733 0.4260886013507843 0.33397144079208374 0.46194061636924744
0.029826875776052475 0.3127615451812744 0.10574817657470703 0.3431868553161621
0.34465646743774414 0.30045077204704285 0.4597585201263428 0.3867015540599823
0.030999112874269485 0.34930670261383057 0.06152433529496193 0.37127596139907837
0.16196833550930023 0.3972316086292267 0.21892668306827545 0.42926982045173645
0.048510439693927765 0.35343220829963684 0.08265065401792526 0.3747924268245697
0.08122718334197998 0.2263183444738388 0.11754138767719269 0.24851937592029572
0.2349219024181366 0.3255039155483246 0.29580047726631165 0.3650961220264435
