0.388078510761261 0.17338481545448303 0.5192902684211731 0.2515866756439209
0.1963389813899994 0.3286668062210083 0.2673807442188263 0.36467623710632324
0.12956790626049042 0.21879635751247406 0.18855248391628265 0.2554624080657959
0.3289024233818054 0.30198970437049866 0.46121746301651 0.3605859577655792
0.11105336993932724 0.2767944931983948 0.15257605910301208 0.3020939826965332
0.2934000492095947 0.4459109604358673 0.4548778533935547 0.5110688805580139
0.11716286838054657 0.330031156539917 0.1644134670495987 0.3570607304573059
0.21422922611236572 0.4142393171787262 0.2826298177242279 0.45104721188545227
0.29089874029159546 0.44633719325065613 0.4563068747520447 0.5119383335113525
0.6203306913375854 0.4730064570903778 0.8916370868682861 0.5579302906990051
0.08113566786050797 0.3674677610397339 0.11748892813920975 0.3898874521255493
0.06423177570104599 0.2794927954673767 0.09645543247461319 0.3002663850784302
0.16457659006118774 0.1628488451242447 0.20713180303573608 0.17364268004894257
0.20463252067565918 0.15488497912883759 0.26229411363601685 0.16938205063343048
0.04442599043250084 0.35456714034080505 0.0747334361076355 0.37526652216911316
0.6622644066810608 0.18634968996047974 0.982118546962738 0.3219538927078247
0.11337485909461975 0.38558658957481384 0.17417046427726746 0.4208511412143707
0.16840407252311707 0.4016486406326294 0.22930845618247986 0.43402862548828125
0.6620067954063416 0.18945805728435516 0.9926509261131287 0.32024580240249634
0.2655680179595947 0.42938005924224854 0.345154345035553 0.46533071994781494
0.03530211001634598 0.31284099817276 0.11476411670446396 0.3451007604598999
0.16840407252311707 0.4016486406326294 0.22930845618247986 0.43402862548828125
0.09856395423412323 0.37807798385620117 0.1315537542104721 0.40380942821502686
0.3289024233818054 0.30198970437049866 0.46121746301651 0.3605859577655792
0.11291590332984924 0.38572371006011963 0.17606598138809204 0.42084455490112305
0.288829505443573 0.44670620560646057 0.4551699757575989 0.5122267007827759
0.029319243505597115 0.30257508158683777 0.06878341734409332 0.32719025015830994
0.2645625174045563 0.43045520782470703 0.3474844992160797 0.46515142917633057
0.008261650800704956 0.006279110908508301 0.9822404384613037 0.907390832901001
0.08808359503746033 0.3720880448818207 0.11953775584697723 0.39860865473747253
0.03609086573123932 0.31288111209869385 0.11866071820259094 0.34438371658325195
0.2643592059612274 0.4295773506164551 0.34716740250587463 0.4654729962348938
0.6203306913375854 0.4730064570903778 0.8916370868682861 0.5579302906990051
0.069326251745224 0.3582620918750763 0.09978987276554108 0.3827684819698334
0.020458951592445374 0.1494741439819336 0.44412583112716675 0.506818950176239
