0.6648250818252563 0.0 0.9710296392440796 0.14234188199043274
0.2971944212913513 0.22454717755317688 0.39079374074935913 0.2784784734249115
0.1785309910774231 0.3286815881729126 0.24355193972587585 0.36280250549316406
0.1301003098487854 0.207540363073349 0.1886214315891266 0.2561553418636322
0.29028239846229553 0.31331056356430054 0.40648022294044495 0.3640003204345703
0.0926966443657875 0.2778300940990448 0.12926259636878967 0.30187365412712097
0.2784516513347626 0.44201064109802246 0.4416181147098541 0.5109111666679382
0.5444962978363037 0.4762061834335327 0.760267972946167 0.5542305707931519
0.11028674244880676 0.3298899531364441 0.15417176485061646 0.3557063341140747
0.21392549574375153 0.4145418107509613 0.2781769037246704 0.45050618052482605
0.5420289039611816 0.24402926862239838 0.7847665548324585 0.3438813388347626
0.05176263675093651 0.27996137738227844 0.08098725974559784 0.30089864134788513
0.5420289039611816 0.24402926862239838 0.7847665548324585 0.3438813388347626
0.20756609737873077 0.15281139314174652 0.2652702033519745 0.16680364310741425
0.10880925506353378 0.3840978741645813 0.1712576299905777 0.4196280837059021
0.27937933802604675 0.4414677619934082 0.4433518946170807 0.5102919936180115
0.0931335911154747 0.37559688091278076 0.1196427121758461 0.4018554091453552
0.04188229888677597 0.35218051075935364 0.07238076627254486 0.37454208731651306
0.032240353524684906 0.3119580149650574 0.10721620172262192 0.3438047766685486
0.1658100038766861 0.40075939893722534 0.2260621041059494 0.43316030502319336
0.07955661416053772 0.3664478063583374 0.11382153630256653 0.3898652195930481
0.5457094311714172 0.47527259588241577 0.760651171207428 0.5552919507026672
0.008877933025360107 0.04521480202674866 0.8096804022789001 0.826038122177124
0.09519456326961517 0.37759310007095337 0.13424673676490784 0.40214091539382935
0.16952812671661377 0.1618434637784958 0.21156764030456543 0.17231042683124542
0.06360699981451035 0.3584906756877899 0.09457465261220932 0.3826104700565338
0.006220296025276184 0.1358591765165329 0.41059255599975586 0.5020825862884521
0.2611103653907776 0.42962008714675903 0.34201884269714355 0.46720415353775024
0.08421068638563156 0.36887574195861816 0.11423348635435104 0.39753258228302
0.2785850167274475 0.44166192412376404 0.44291430711746216 0.5110796093940735
0.26251259446144104 0.42903801798820496 0.3296321928501129 0.46213826537132263
0.29028239846229553 0.31331056356430054 0.40648022294044495 0.3640003204345703
0.03183851018548012 0.31155848503112793 0.10786968469619751 0.343355655670166
0.1658100038766861 0.40075939893722534 0.2260621041059494 0.43316030502319336
0.1093302071094513 0.38399070501327515 0.17166373133659363 0.4196382761001587
0.007646486163139343 0.21626999974250793 0.17702989280223846 0.40093132853507996
0.16482660174369812 0.4017941951751709 0.20377832651138306 0.42979931831359863
0.10165636986494064 0.3794749081134796 0.14202074706554413 0.4051973521709442
0.2608366012573242 0.42910510301589966 0.3422180414199829 0.467043936252594
