0.4113525152206421 0.4574655294418335 0.49076712131500244 0.5701203346252441
0.26091623306274414 0.6312680244445801 0.2999853491783142 0.6900986433029175
0.33011776208877563 0.6652151346206665 0.3869416117668152 0.7422696352005005
0.23998644948005676 0.6155425906181335 0.27460816502571106 0.669929563999176
0.22581003606319427 0.6079632043838501 0.26248034834861755 0.6606060266494751
0.16023503243923187 0.5700065493583679 0.18697015941143036 0.6073706746101379
0.16354680061340332 0.5470261573791504 0.189012348651886 0.568523645401001
0.15427455306053162 0.5666030645370483 0.18228456377983093 0.5982844829559326
0.3553997874259949 0.5818127393722534 0.4133284091949463 0.6011923551559448
0.15047214925289154 0.5655575394630432 0.17633692920207977 0.5942391753196716
0.2558983564376831 0.6273403763771057 0.29079127311706543 0.6804524064064026
