0.4353852868080139 0.4521072804927826 0.5756837725639343 0.5113778710365295
0.129751056432724 0.2227914035320282 0.1879289150238037 0.2553335130214691
0.13166728615760803 0.27768734097480774 0.18748140335083008 0.30775538086891174
0.355141818523407 0.20055481791496277 0.47240400314331055 0.26963335275650024
0.28162240982055664 0.43563419580459595 0.3682897090911865 0.4814033508300781
0.6740337610244751 0.18953412771224976 0.9555239677429199 0.3146350383758545
0.27901723980903625 0.32582250237464905 0.370511919260025 0.36804601550102234
0.041700441390275955 0.27959561347961426 0.072703056037426 0.3030301332473755
0.19576288759708405 0.41130146384239197 0.26428529620170593 0.4508676826953888
0.0533144548535347 0.3166145384311676 0.08183509856462479 0.33508262038230896
0.01250225305557251 0.012979179620742798 0.9326478242874146 0.9035007953643799
0.13537266850471497 0.3916126787662506 0.20224210619926453 0.43401041626930237
0.6772200465202332 0.1899658441543579 0.9541559815406799 0.3153257966041565
0.06049896776676178 0.3595345616340637 0.0929136723279953 0.38448917865753174
0.08785375952720642 0.2785220146179199 0.11667650938034058 0.3017128109931946
0.11342262476682663 0.38542622327804565 0.1440005898475647 0.4125813841819763
0.1670093983411789 0.16933786869049072 0.2171214073896408 0.18250426650047302
0.09679970145225525 0.3733372092247009 0.13719230890274048 0.3972169756889343
0.19673894345760345 0.4121416509151459 0.26424384117126465 0.4503321945667267
0.020248237997293472 0.31088787317276 0.05347241833806038 0.3297337293624878
0.10709752887487411 0.3785930871963501 0.1392069011926651 0.40891557931900024
0.13546441495418549 0.3915139138698578 0.2009144276380539 0.43459728360176086
0.2774196267127991 0.3273754417896271 0.3282076120376587 0.3612813651561737
0.14763207733631134 0.32455551624298096 0.23405389487743378 0.36442363262176514
0.15173545479774475 0.32414427399635315 0.23291566967964172 0.3646577298641205
0.1329583078622818 0.20691442489624023 0.19314490258693695 0.25359559059143066
0.011643573641777039 0.2832222878932953 0.045926667749881744 0.29966458678245544
0.07315286993980408 0.20735777914524078 0.10674913227558136 0.21544234454631805
0.08872973918914795 0.366205632686615 0.11840645968914032 0.3913554549217224
