0.12869152426719666 0.20929580926895142 0.18829882144927979 0.25830820202827454
0.35213202238082886 0.4503113329410553 0.46976524591445923 0.4998479187488556
0.16521267592906952 0.40060144662857056 0.23002241551876068 0.4383208751678467
0.1229022666811943 0.381077378988266 0.17681966722011566 0.4085741937160492
0.48548805713653564 0.11944051831960678 0.6496340036392212 0.19078901410102844
0.5003989934921265 0.110688216984272 0.9932725429534912 0.3055069148540497
0.23700813949108124 0.42478230595588684 0.3167440593242645 0.4699517786502838
0.057459503412246704 0.3565286695957184 0.12158800661563873 0.38332268595695496
0.07819577306509018 0.30702683329582214 0.1665983498096466 0.35458943247795105
0.07737583667039871 0.3075447082519531 0.1663079857826233 0.3553929924964905
0.23665016889572144 0.4250081777572632 0.31619465351104736 0.46988075971603394
0.057459503412246704 0.3565286695957184 0.12158800661563873 0.38332268595695496
0.07035398483276367 0.20696765184402466 0.10646332800388336 0.21562707424163818
0.23674046993255615 0.424961656332016 0.31794625520706177 0.4697711169719696
0.16521267592906952 0.40060144662857056 0.23002241551876068 0.4383208751678467
