0.12926629185676575 0.2197723388671875 0.18773594498634338 0.25664281845092773
0.31682705879211426 0.4517791271209717 0.4475945830345154 0.5032996535301208
0.09927411377429962 0.2785775661468506 0.14104892313480377 0.30228734016418457
0.15922006964683533 0.3953574001789093 0.22213894128799438 0.4349907338619232
0.2203199565410614 0.4211394190788269 0.29310813546180725 0.4621344208717346
0.5429182052612305 0.46986812353134155 0.8022451400756836 0.5522699952125549
0.13106001913547516 0.38664373755455017 0.18109075725078583 0.41454407572746277
0.1010904312133789 0.37334585189819336 0.15115877985954285 0.3972468376159668
0.014206361025571823 0.3047020733356476 0.05627594515681267 0.3334895074367523
0.17365865409374237 0.319256454706192 0.2579801678657532 0.3683181703090668
0.056952666491270065 0.35744985938072205 0.10533151030540466 0.3824000060558319
0.17007623612880707 0.31927019357681274 0.2579011619091034 0.36781036853790283
0.5343644022941589 0.4666348993778229 0.8044708371162415 0.553619921207428
0.2188347429037094 0.42114201188087463 0.2933536767959595 0.46143296360969543
0.16257280111312866 0.3944404721260071 0.22211617231369019 0.43578410148620605
0.01440330222249031 0.3054051101207733 0.05660479888319969 0.33353760838508606
0.13144731521606445 0.2053179144859314 0.1967145800590515 0.2583065927028656
0.12142007797956467 0.3164634704589844 0.19025537371635437 0.365586519241333
0.11922502517700195 0.31574058532714844 0.19439697265625 0.3656551241874695
0.31661877036094666 0.45171883702278137 0.44636133313179016 0.5027205944061279
