0.32881101965904236 0.4519180655479431 0.44564417004585266 0.5047799348831177
0.49549299478530884 0.46457770466804504 0.6885965466499329 0.5433359146118164
0.12996049225330353 0.20932327210903168 0.18772639334201813 0.25626108050346375
0.24183039367198944 0.4246823787689209 0.332689106464386 0.46765774488449097
0.41176924109458923 0.13346447050571442 0.8495545387268066 0.34098029136657715
0.0980682522058487 0.3727698028087616 0.1383827179670334 0.3991405665874481
0.2145085334777832 0.31338733434677124 0.3007999658584595 0.35469961166381836
0.5730931758880615 0.1329074501991272 0.8539766073226929 0.3069038689136505
0.04601359739899635 0.34986233711242676 0.07597780227661133 0.370389461517334
0.0980682522058487 0.3727698028087616 0.1383827179670334 0.3991405665874481
0.4080449938774109 0.1643698513507843 0.6816945672035217 0.33556458353996277
0.49549299478530884 0.46457770466804504 0.6885965466499329 0.5433359146118164
0.21295565366744995 0.31489548087120056 0.29948651790618896 0.3545951545238495
0.20938824117183685 0.31654098629951477 0.2595362365245819 0.3507596552371979
