0.2902567982673645 0.4400220811367035 0.39175987243652344 0.491914302110672
0.43350687623023987 0.4550560712814331 0.5921494364738464 0.5152502059936523
0.13018357753753662 0.20908698439598083 0.1914260983467102 0.25636258721351624
0.14856192469596863 0.3884369432926178 0.2069251835346222 0.4231199324131012
0.09880419820547104 0.3511373698711395 0.1480509638786316 0.3782593905925751
0.061409637331962585 0.35786670446395874 0.09707191586494446 0.3812721371650696
0.009400819428265095 0.33585458993911743 0.028430413454771042 0.35072553157806396
0.2046220600605011 0.4169076383113861 0.27906882762908936 0.4590170681476593
0.20520369708538055 0.41705504059791565 0.2784046530723572 0.45905640721321106
0.14104683697223663 0.31154751777648926 0.23559565842151642 0.36152833700180054
0.1084037497639656 0.3083392381668091 0.17876577377319336 0.35659879446029663
0.9406760334968567 0.0 0.9995731711387634 0.16587063670158386
0.14104683697223663 0.31154751777648926 0.23559565842151642 0.36152833700180054
0.11004714667797089 0.30902159214019775 0.17584143579006195 0.35716766119003296
0.06643316894769669 0.2073671668767929 0.10091232508420944 0.21680466830730438
