0.33737245202064514 0.4521161913871765 0.4535556137561798 0.5064612030982971
0.43549907207489014 0.09764131903648376 0.9259335994720459 0.33389273285865784
0.5095700025558472 0.4658644497394562 0.7151403427124023 0.5465381145477295
0.12956734001636505 0.20832917094230652 0.18805350363254547 0.2570422291755676
0.24644802510738373 0.4272877275943756 0.337332546710968 0.4701613485813141
0.09966661036014557 0.373579204082489 0.14165320992469788 0.4005283713340759
0.22378011047840118 0.31051504611968994 0.31306371092796326 0.3535941243171692
0.051911141723394394 0.35089701414108276 0.07938484847545624 0.3716162443161011
0.09966661036014557 0.373579204082489 0.14165320992469788 0.4005283713340759
0.26045098900794983 0.3110271096229553 0.3143366277217865 0.35251832008361816
0.9017130136489868 0.4273028075695038 0.9994264841079712 0.5348886251449585
0.22378011047840118 0.31051504611968994 0.31306371092796326 0.3535941243171692
0.058516956865787506 0.21506717801094055 0.09093198925256729 0.2229958474636078
0.6571221947669983 0.10118960589170456 0.9399074912071228 0.2754049599170685
0.5095700025558472 0.4658644497394562 0.7151403427124023 0.5465381145477295
