0.710752010345459 0.7343463897705078 1.0 0.8574200868606567
0.13949373364448547 0.32855501770973206 0.20248237252235413 0.3619309365749359
0.38215500116348267 0.45648783445358276 0.5252102017402649 0.5200471878051758
0.12965472042560577 0.2082756757736206 0.18716345727443695 0.25684234499931335
0.5803996324539185 0.44753625988960266 0.8128180503845215 0.5284836292266846
0.2040548324584961 0.28428810834884644 0.4097418189048767 0.36242806911468506
0.07626409828662872 0.363976389169693 0.11365574598312378 0.387577623128891
0.2026764154434204 0.285183846950531 0.40766870975494385 0.3623979091644287
0.2692002058029175 0.43858709931373596 0.3647168278694153 0.4856725037097931
0.19235637784004211 0.407988578081131 0.2666708528995514 0.4482225477695465
0.3819696307182312 0.45629358291625977 0.5250637531280518 0.5197293162345886
0.5803996324539185 0.44753625988960266 0.8128180503845215 0.5284836292266846
0.19381923973560333 0.4083813428878784 0.2680322825908661 0.4460795521736145
0.025287017226219177 0.3425038754940033 0.05107501894235611 0.35962966084480286
0.2696777284145355 0.43863099813461304 0.3642810881137848 0.4857691526412964
0.19381923973560333 0.4083813428878784 0.2680322825908661 0.4460795521736145
0.058151427656412125 0.21173705160617828 0.09564490616321564 0.2201191633939743
