0.16877132654190063 0.26893192529678345 0.22695106267929077 0.3012530207633972
0.1278366595506668 0.21882964670658112 0.1861133724451065 0.2576162815093994
0.13552621006965637 0.3881339728832245 0.18990379571914673 0.41758158802986145
0.41189005970954895 0.45570650696754456 0.5759569406509399 0.5174905061721802
0.2621443271636963 0.4335533082485199 0.3459911346435547 0.47755876183509827
0.17707005143165588 0.4027208685874939 0.24496230483055115 0.4451175928115845
0.1555589735507965 0.29737359285354614 0.3911722004413605 0.3691667318344116
0.10403144359588623 0.3739452362060547 0.1533215343952179 0.4007672071456909
0.030195843428373337 0.30696025490760803 0.09975734353065491 0.341915100812912
0.05534302815794945 0.3571430742740631 0.10649819672107697 0.38230475783348083
0.17994087934494019 0.40346410870552063 0.24481382966041565 0.4457942545413971
0.40744391083717346 0.45489707589149475 0.5760525465011597 0.5164897441864014
0.02828798070549965 0.3056620955467224 0.09981013834476471 0.3426326513290405
0.1793912947177887 0.40303030610084534 0.24506434798240662 0.4459887444972992
0.21606916189193726 0.2999241054058075 0.3915637731552124 0.36744508147239685
