0.2609364986419678 0.6313881874084473 0.2999637722969055 0.6901113986968994
0.3301929533481598 0.664965033531189 0.3868301212787628 0.7425312995910645
0.4666523337364197 0.6113144755363464 0.5996226668357849 0.7180588841438293
0.23940645158290863 0.6142561435699463 0.27380797266960144 0.6680088043212891
0.22580911219120026 0.6075118184089661 0.26310163736343384 0.6606579422950745
0.1602344959974289 0.5706658959388733 0.18733392655849457 0.6079991459846497
0.8141845464706421 0.6427638530731201 0.9452462196350098 0.6776107549667358
0.1537065953016281 0.5662778615951538 0.18044830858707428 0.5978447198867798
0.46593499183654785 0.6115565896034241 0.598162055015564 0.7177796959877014
0.16885226964950562 0.548703670501709 0.1942644715309143 0.5689538717269897
0.1499958634376526 0.5643965005874634 0.17550677061080933 0.5922123193740845
0.3220263719558716 0.5617725253105164 0.39683741331100464 0.5842625498771667
0.3218942880630493 0.566129744052887 0.37666791677474976 0.5845063328742981
0.25552859902381897 0.6273513436317444 0.29029497504234314 0.680196225643158
