0.12935341894626617 0.22214874625205994 0.18765000998973846 0.25663578510284424
0.07411042600870132 0.28100529313087463 0.10935395210981369 0.3025852143764496
0.2070261836051941 0.4172070324420929 0.27407804131507874 0.45591315627098083
0.13070984184741974 0.3859933912754059 0.1762986034154892 0.41092589497566223
0.44469839334487915 0.4650886058807373 0.6423396468162537 0.5393836498260498
0.1568746566772461 0.39524105191230774 0.21400627493858337 0.4307624399662018
0.29205650091171265 0.4485599994659424 0.41132980585098267 0.4976211190223694
0.08885610103607178 0.3195185959339142 0.15113908052444458 0.3616836369037628
0.1282568871974945 0.20786359906196594 0.1963041126728058 0.2593080401420593
0.2070261836051941 0.4172070324420929 0.27407804131507874 0.45591315627098083
0.4445117712020874 0.46637770533561707 0.643181324005127 0.538600504398346
0.14763393998146057 0.32444456219673157 0.21008917689323425 0.36575427651405334
0.09948549419641495 0.3722360134124756 0.14815407991409302 0.39661043882369995
0.13453470170497894 0.32462993264198303 0.2097332924604416 0.36357811093330383
0.05488736927509308 0.35692206025123596 0.10378202795982361 0.38175174593925476
0.051321931183338165 0.3151482045650482 0.14060872793197632 0.3594166934490204
0.2930906414985657 0.4490991234779358 0.4103125333786011 0.49747419357299805
0.1566361039876938 0.39529314637184143 0.21447132527828217 0.43036291003227234
0.2930906414985657 0.4490991234779358 0.4103125333786011 0.49747419357299805
0.00799547415226698 0.30358168482780457 0.039158642292022705 0.3306415379047394
0.0826694667339325 0.31868383288383484 0.15542984008789062 0.3607916533946991
0.08969239890575409 0.3187282383441925 0.2085758000612259 0.36406537890434265
