0.15503083169460297 0.3233036696910858 0.21172912418842316 0.3552704155445099
0.29740390181541443 0.43869534134864807 0.3805876076221466 0.4831028878688812
0.1300562620162964 0.20923110842704773 0.18781882524490356 0.25628262758255005
0.721743106842041 0.0 1.0 0.12483689934015274
0.016266539692878723 0.2896609306335449 0.03910227119922638 0.3050217628479004
0.8198811411857605 0.4976370632648468 0.9990963339805603 0.6017892360687256
0.15261675417423248 0.39602410793304443 0.20912347733974457 0.4296603798866272
0.15251873433589935 0.39634883403778076 0.20928294956684113 0.42955583333969116
0.0015591681003570557 0.32151609659194946 0.023917172104120255 0.34600138664245605
0.02585989236831665 0.0 1.0 0.9836781024932861
0.7197685241699219 0.0010222867131233215 0.9988793134689331 0.12404295057058334
