0.13914678990840912 0.28514787554740906 0.1911361664533615 0.31497833132743835
0.11515183001756668 0.37835758924484253 0.1587429642677307 0.4056679606437683
0.1301203966140747 0.20816642045974731 0.18841594457626343 0.25559839606285095
0.1994287669658661 0.4152574837207794 0.2672828435897827 0.4573628604412079
0.42088815569877625 0.45436230301856995 0.5781309604644775 0.517836332321167
0.03718030825257301 0.34723538160324097 0.06836342811584473 0.3661661148071289
0.03945013880729675 0.2840713560581207 0.06880293786525726 0.30432721972465515
0.013152509927749634 0.0010212361812591553 0.9814416170120239 0.9604661464691162
0.11515183001756668 0.37835758924484253 0.1587429642677307 0.4056679606437683
0.42088815569877625 0.45436230301856995 0.5781309604644775 0.517836332321167
0.198421910405159 0.4150639474391937 0.2672763466835022 0.45739975571632385
