0.12935982644557953 0.20818015933036804 0.18772153556346893 0.25653040409088135
0.08981288969516754 0.3265364170074463 0.12921713292598724 0.3518432378768921
0.3199934661388397 0.22052142024040222 0.41748592257499695 0.2789110243320465
0.4875141978263855 0.47975999116897583 0.6616865992546082 0.5579128861427307
0.23410822451114655 0.42135870456695557 0.3047583997249603 0.4614194631576538
0.1188790500164032 0.3827438950538635 0.16764652729034424 0.4118833541870117
0.11883354932069778 0.38310950994491577 0.1673690229654312 0.4122496247291565
0.013579905033111572 0.0 0.9753103852272034 0.9588215351104736
0.4879007339477539 0.47886860370635986 0.6627457141876221 0.5555586814880371
0.23405605554580688 0.4211606979370117 0.30457955598831177 0.4613147974014282
