0.2608775794506073 0.6313335299491882 0.3001612722873688 0.6901183724403381
0.330082505941391 0.6649878621101379 0.38675639033317566 0.7423229813575745
0.6825370192527771 0.6134860515594482 0.8030176758766174 0.6459797620773315
0.6581396460533142 0.6837177872657776 0.9058290123939514 0.7877146601676941
0.2400398999452591 0.6157733798027039 0.27453675866127014 0.6699489951133728
0.16043975949287415 0.5714399814605713 0.18687471747398376 0.6075421571731567
0.22605639696121216 0.6082408428192139 0.2627703547477722 0.6602442264556885
0.290066123008728 0.5579559803009033 0.3401194214820862 0.5719808340072632
0.15306848287582397 0.565617024898529 0.17797479033470154 0.5967721343040466
0.3868773877620697 0.5748254656791687 0.4535926878452301 0.5897858738899231
0.1823665350675583 0.5561873316764832 0.20571832358837128 0.5732343792915344
0.22556599974632263 0.615433394908905 0.25181135535240173 0.660693347454071
0.2557930648326874 0.6275660991668701 0.29082831740379333 0.6804381608963013
