0.26095449924468994 0.6314297318458557 0.30016428232192993 0.6901351809501648
0.32995370030403137 0.6648499369621277 0.38685670495033264 0.7425550818443298
0.23999400436878204 0.6151851415634155 0.2738209664821625 0.6678081750869751
0.16027498245239258 0.5712881088256836 0.18635845184326172 0.6072742938995361
0.22602123022079468 0.6082362532615662 0.2625809907913208 0.6601124405860901
0.6594362258911133 0.6105297207832336 0.7746778726577759 0.6437744498252869
0.15342950820922852 0.5656490325927734 0.17840000987052917 0.5962129831314087
0.7004112601280212 0.6920503973960876 0.9816319346427917 0.8133090138435364
0.18543434143066406 0.5552804470062256 0.21207588911056519 0.5752589702606201
0.28589439392089844 0.5561432838439941 0.3324272036552429 0.5712896585464478
0.7004112601280212 0.6920503973960876 0.9816319346427917 0.8133090138435364
0.2555888891220093 0.6276211738586426 0.29056936502456665 0.6801352500915527
0.22523555159568787 0.6170312166213989 0.25111937522888184 0.66031813621521
