0.26082828640937805 0.631240963935852 0.30021825432777405 0.6901017427444458
0.3300631046295166 0.665106475353241 0.38683056831359863 0.7424429059028625
0.5678858160972595 0.6615707874298096 0.760782778263092 0.7527447938919067
0.24004097282886505 0.6156668066978455 0.27453961968421936 0.6697917580604553
0.16035869717597961 0.5714769959449768 0.1871129870414734 0.6074478030204773
0.22612537443637848 0.6083565950393677 0.2631453275680542 0.6602836847305298
0.15326400101184845 0.5658761858940125 0.17843817174434662 0.5964980721473694
0.17630960047245026 0.552022397518158 0.2018963247537613 0.5716459155082703
0.30361098051071167 0.5603663325309753 0.35277289152145386 0.575329601764679
0.7486129403114319 0.6279309988021851 0.8738715052604675 0.6596095561981201
0.2256372570991516 0.6155059337615967 0.2518429458141327 0.6605706214904785
0.2561502754688263 0.6276404857635498 0.29096314311027527 0.6803977489471436
