0.260777086019516 0.6311702728271484 0.3001727759838104 0.6900464296340942
0.3299993872642517 0.6649373769760132 0.38683241605758667 0.7424256801605225
0.5492170453071594 0.6550555229187012 0.7331748604774475 0.7461739778518677
0.23996394872665405 0.6156215071678162 0.2745174765586853 0.6698073744773865
0.16028180718421936 0.571258544921875 0.1871037781238556 0.607917308807373
0.2261590212583542 0.6083908081054688 0.26316627860069275 0.6602604389190674
0.152898907661438 0.565624475479126 0.17922967672348022 0.5963073968887329
0.7585703730583191 0.6296526193618774 0.8941264748573303 0.6624048948287964
0.3076128363609314 0.560644805431366 0.3570401668548584 0.5760108828544617
0.17395390570163727 0.5514946579933167 0.19898690283298492 0.5708820223808289
0.22559930384159088 0.6154330968856812 0.2518305480480194 0.6605393886566162
0.2559295892715454 0.6275079250335693 0.29095005989074707 0.6803287267684937
