0.26098811626434326 0.6314607262611389 0.30025017261505127 0.6903346180915833
0.32991477847099304 0.6649013757705688 0.387002557516098 0.7426208257675171
0.7426837682723999 0.7025501132011414 0.9972758293151855 0.8257860541343689
0.23972749710083008 0.6150200366973877 0.27348917722702026 0.6674093008041382
0.1863727569580078 0.5569473505020142 0.2157449722290039 0.5770875215530396
0.22646987438201904 0.6084120273590088 0.26289600133895874 0.6602315902709961
0.1602691113948822 0.5715785622596741 0.1860213279724121 0.6073213219642639
0.6396066546440125 0.6071265339851379 0.758574903011322 0.6406145691871643
0.15281741321086884 0.5654039978981018 0.17852948606014252 0.5964012742042542
0.7422712445259094 0.7026872038841248 1.0 0.8252599835395813
0.2257995307445526 0.6153997778892517 0.25185319781303406 0.6606438755989075
0.2546203136444092 0.626977801322937 0.2895376682281494 0.67966628074646
