0.26081275939941406 0.6311905384063721 0.29989540576934814 0.6905325651168823
0.3300947844982147 0.6645992398262024 0.3864084780216217 0.7425851225852966
0.24092556536197662 0.6165446043014526 0.27436190843582153 0.66983962059021
0.5607861876487732 0.5972750782966614 0.6527754664421082 0.6231592297554016
0.1600823700428009 0.5717896223068237 0.18619763851165771 0.6072312593460083
0.22796882688999176 0.609811544418335 0.26129335165023804 0.6601353883743286
0.1521005779504776 0.5645942091941833 0.17822618782520294 0.5950309634208679
0.2013428509235382 0.5632444024085999 0.2332819700241089 0.5842260718345642
0.23399515450000763 0.6136997938156128 0.2677376866340637 0.6645005941390991
0.4388192296028137 0.5931861996650696 0.511340320110321 0.6073160767555237
0.22579143941402435 0.6159447431564331 0.2511511743068695 0.6605923175811768
0.2557668685913086 0.6275427937507629 0.29034775495529175 0.6803343892097473
