0.26131024956703186 0.631436288356781 0.2995412051677704 0.6903335452079773
0.3298470675945282 0.6626414060592651 0.38630011677742004 0.741836667060852
0.2823842763900757 0.5959005355834961 0.34472155570983887 0.6337988376617432
0.16016602516174316 0.5718904733657837 0.18632709980010986 0.6074283123016357
0.23932749032974243 0.6143618822097778 0.2735620141029358 0.6679946184158325
0.15210433304309845 0.56419438123703 0.17835868895053864 0.5943291783332825
0.2256046086549759 0.6075611710548401 0.2619622051715851 0.6602163910865784
0.6611359715461731 0.6250706911087036 0.7668711543083191 0.6501034498214722
0.38815566897392273 0.5583351850509644 0.45210590958595276 0.5766066312789917
0.5223537087440491 0.04795992001891136 0.5836194157600403 0.06350759416818619
