0.2611371874809265 0.6314995884895325 0.2993791699409485 0.6902665495872498
0.3297558128833771 0.6649651527404785 0.38677313923835754 0.7425111532211304
0.306333065032959 0.6069126129150391 0.38007593154907227 0.6567522287368774
0.2393738478422165 0.6150196194648743 0.2734420597553253 0.6677829623222351
0.16013279557228088 0.5719559788703918 0.186341792345047 0.6078723073005676
0.15148857235908508 0.5642886161804199 0.1782330870628357 0.5948771238327026
0.22616559267044067 0.6085595488548279 0.26247310638427734 0.6601408123970032
0.7194393873214722 0.6303926110267639 0.8370004892349243 0.6571268439292908
0.22574998438358307 0.6155978441238403 0.2517935037612915 0.6606262922286987
0.2571704387664795 0.6278790235519409 0.2916497588157654 0.6816849708557129
0.3069978952407837 0.6064078211784363 0.37857335805892944 0.650481641292572
