0.2613166570663452 0.6314271092414856 0.29960793256759644 0.6904024481773376
0.3301857113838196 0.6636536717414856 0.3862428069114685 0.7424947619438171
0.32390278577804565 0.6142472624778748 0.39845484495162964 0.6628597378730774
0.7575838565826416 0.6307192444801331 0.883121132850647 0.6622716784477234
0.16009806096553802 0.5720115303993225 0.18688549101352692 0.608121931552887
0.2413037121295929 0.6163346767425537 0.27456340193748474 0.6700472831726074
0.1514606475830078 0.5641112923622131 0.1782410740852356 0.5946827530860901
0.22631895542144775 0.6085780262947083 0.2619786262512207 0.6597966551780701
0.2316122055053711 0.6097767949104309 0.27191585302352905 0.6652259230613708
0.2258404940366745 0.6163877248764038 0.25160980224609375 0.660556435585022
0.5416765809059143 0.0013407692313194275 0.6816280484199524 0.07516214996576309
0.25616341829299927 0.6275112628936768 0.29011303186416626 0.6804817914962769
0.8199703097343445 0.567084014415741 0.9998539090156555 0.6935306191444397
