0.2610466778278351 0.6313431859016418 0.2996117174625397 0.6905557513237
0.3468147814273834 0.624770998954773 0.4332633316516876 0.680362343788147
0.33025091886520386 0.6627536416053772 0.38633108139038086 0.7418727278709412
0.8180956840515137 0.6385080814361572 0.9366632699966431 0.6714997291564941
0.2397136241197586 0.6149573922157288 0.2735542356967926 0.6679933667182922
0.16008871793746948 0.5715768337249756 0.18639275431632996 0.607534646987915
0.22563844919204712 0.6080644726753235 0.2616918087005615 0.6600199341773987
0.15190955996513367 0.5642309188842773 0.17830809950828552 0.5951930284500122
0.34568843245506287 0.554202139377594 0.40309086441993713 0.5686076283454895
0.22512158751487732 0.6164464354515076 0.25119921565055847 0.6606143116950989
0.2555268108844757 0.6268844604492188 0.2904444634914398 0.6804426908493042
