0.26099956035614014 0.6312875151634216 0.29980993270874023 0.6904162764549255
0.3540687561035156 0.6286771297454834 0.4479038119316101 0.6843479871749878
0.3305477797985077 0.6628494262695312 0.38646218180656433 0.7415550947189331
0.23975399136543274 0.6148720979690552 0.2735576927661896 0.6680730581283569
0.16008709371089935 0.5716058015823364 0.1863318532705307 0.6074868440628052
0.22570247948169708 0.6079791188240051 0.2617369294166565 0.6600099205970764
0.15193286538124084 0.5642179846763611 0.17824140191078186 0.5952484011650085
0.8430976867675781 0.640166163444519 0.9702005386352539 0.6761965751647949
0.34428536891937256 0.5539649724960327 0.39552152156829834 0.56876540184021
0.25563642382621765 0.6269371509552002 0.2904626429080963 0.6803960800170898
0.2252415418624878 0.6162981986999512 0.25108420848846436 0.6605857610702515
