0.2610115706920624 0.631173849105835 0.29989108443260193 0.6902103424072266
0.3303685784339905 0.663858950138092 0.3862346410751343 0.7425004839897156
0.2397863119840622 0.6155920624732971 0.27364256978034973 0.6682100892066956
0.16023141145706177 0.5717841982841492 0.1867695152759552 0.6075978875160217
0.22559219598770142 0.6079940795898438 0.2620530426502228 0.6599167585372925
0.15206727385520935 0.5643350481987 0.17818382382392883 0.5951669812202454
0.44805672764778137 0.6739075779914856 0.5807750225067139 0.7518569827079773
0.25527864694595337 0.6271268725395203 0.29002928733825684 0.6802129149436951
0.5820745825767517 0.020105376839637756 0.9933354258537292 0.32972365617752075
0.22495250403881073 0.617294192314148 0.2510603070259094 0.6604535579681396
