0.26104751229286194 0.6309901475906372 0.30011215806007385 0.6900634765625
0.3300740718841553 0.6651034355163574 0.38705581426620483 0.7425291538238525
0.2409718930721283 0.6157349348068237 0.2745823562145233 0.669917106628418
0.7101236581802368 0.6457194089889526 0.978638768196106 0.7871077060699463
0.16033217310905457 0.5716133117675781 0.18615499138832092 0.6067302227020264
0.7121737599372864 0.6447701454162598 0.9773405194282532 0.7844280004501343
0.2260092794895172 0.6080848574638367 0.2626155912876129 0.660047709941864
0.15243713557720184 0.5645973086357117 0.17892895638942719 0.595335066318512
0.25532782077789307 0.6270166039466858 0.29052120447158813 0.6801499724388123
0.225210040807724 0.6175063252449036 0.25116539001464844 0.6601887345314026
