0.2611037790775299 0.631061315536499 0.3000660240650177 0.6901454925537109
0.3302520215511322 0.6648315191268921 0.3869982063770294 0.742316722869873
0.7145189642906189 0.6464649438858032 0.9861608147621155 0.7874679565429688
0.24107281863689423 0.61578369140625 0.274787962436676 0.6697882413864136
0.16037335991859436 0.5719103813171387 0.18658646941184998 0.60733962059021
0.15214726328849792 0.5645391345024109 0.1791764795780182 0.5949785113334656
0.2264704406261444 0.608368456363678 0.26245811581611633 0.6598038077354431
0.22567960619926453 0.615896463394165 0.2518570125102997 0.6604207754135132
0.7148699760437012 0.6431371569633484 0.985776424407959 0.7848685383796692
0.2550933063030243 0.626927375793457 0.2901304066181183 0.6798001527786255
