0.26111289858818054 0.6314752697944641 0.2997455894947052 0.6899184584617615
0.3303585648536682 0.6645045280456543 0.3862228989601135 0.7383711338043213
0.5249437093734741 0.04331248253583908 0.6465426683425903 0.15072551369667053
0.1596689671278 0.5711972117424011 0.18627001345157623 0.6068388819694519
0.2405286580324173 0.6169070601463318 0.27463671565055847 0.6693722605705261
0.15396781265735626 0.5661519765853882 0.18091924488544464 0.5972172021865845
0.22763177752494812 0.6089033484458923 0.26243722438812256 0.6592656970024109
0.23409457504749298 0.6133007407188416 0.2684193253517151 0.6641998887062073
0.14615178108215332 0.5439783930778503 0.16540414094924927 0.5610828995704651
0.5243315100669861 0.04192781448364258 0.6490239500999451 0.15543211996555328
0.22652772068977356 0.6183494329452515 0.2512784004211426 0.6604166030883789
0.1497984379529953 0.5642508268356323 0.17666007578372955 0.591478705406189
0.2563985586166382 0.6275820732116699 0.29095739126205444 0.6805434226989746
