0.26120635867118835 0.6313348412513733 0.2999703586101532 0.6902021765708923
0.33010032773017883 0.6640474796295166 0.3859231770038605 0.7428761720657349
0.5038503408432007 0.06223485618829727 0.6159220933914185 0.15742668509483337
0.15958304703235626 0.5713326930999756 0.18644456565380096 0.606682300567627
0.24052570760250092 0.6166864037513733 0.2745852470397949 0.6692944169044495
0.15316937863826752 0.5659404397010803 0.18057943880558014 0.5963289141654968
0.2274850755929947 0.609000027179718 0.26365911960601807 0.659334123134613
0.14782273769378662 0.5434609651565552 0.16674187779426575 0.5617170333862305
0.5026978850364685 0.061470575630664825 0.6199719309806824 0.1646326780319214
0.2270200103521347 0.6191024780273438 0.2513711750507355 0.660295844078064
0.2564420700073242 0.6278695464134216 0.29057639837265015 0.680236279964447
