0.3956315219402313 0.17341408133506775 0.5299515724182129 0.2525286078453064
0.1955220252275467 0.40398797392845154 0.2571724057197571 0.4457305371761322
0.18436817824840546 0.2881837487220764 0.4320986270904541 0.36525094509124756
0.13054941594600677 0.20860394835472107 0.1904475837945938 0.2568797171115875
0.29179608821868896 0.4404146671295166 0.3768046498298645 0.4844839572906494
0.597260594367981 0.464502215385437 0.8110746145248413 0.5491232872009277
0.5550135374069214 0.0822063684463501 0.7900848388671875 0.2016846239566803
0.11856135725975037 0.2671911120414734 0.2037230134010315 0.3112069368362427
0.14015287160873413 0.32703691720962524 0.1792338788509369 0.3552352786064148
0.12813371419906616 0.37849849462509155 0.1691405475139618 0.40575605630874634
0.043425627052783966 0.31462642550468445 0.07591626793146133 0.3345840871334076
0.08359170705080032 0.3180409073829651 0.12209904938936234 0.34075552225112915
0.8147430419921875 0.13786464929580688 0.9999523162841797 0.2728738784790039
0.10328388959169388 0.3717029094696045 0.13446888327598572 0.3971041440963745
0.02929052524268627 0.2801457345485687 0.08442926406860352 0.30392852425575256
0.8147430419921875 0.13786464929580688 0.9999523162841797 0.2728738784790039
0.0865289568901062 0.36575886607170105 0.11763988435268402 0.3935675323009491
0.02929052524268627 0.2801457345485687 0.08442926406860352 0.30392852425575256
0.04562682658433914 0.351439893245697 0.07767141610383987 0.37502819299697876
0.0056738099083304405 0.3086690902709961 0.033892326056957245 0.3275006413459778
0.8151147365570068 0.13877275586128235 0.9995522499084473 0.27451854944229126
0.5550495386123657 0.08229360729455948 0.7906976938247681 0.2021053433418274
0.29181960225105286 0.4405864477157593 0.37692371010780334 0.4843233823776245
0.09181124716997147 0.3695868253707886 0.1256914734840393 0.39677363634109497
0.8151147365570068 0.13877275586128235 0.9995522499084473 0.27451854944229126
0.01879560947418213 0.055593520402908325 0.9488733410835266 0.9542675018310547
0.08256549388170242 0.36337801814079285 0.11425355821847916 0.3859783709049225
0.07289569079875946 0.36156967282295227 0.1046338826417923 0.38298502564430237
0.11453888565301895 0.26601657271385193 0.16739921271800995 0.30838122963905334
