0.36551275849342346 0.19131210446357727 0.4879254400730133 0.263471782207489
0.45304521918296814 0.46000126004219055 0.6069961786270142 0.5270493030548096
0.12986794114112854 0.20732124149799347 0.18948766589164734 0.25660789012908936
0.25435227155685425 0.4276267886161804 0.33087849617004395 0.4695700407028198
0.14190344512462616 0.30208152532577515 0.34875935316085815 0.368956983089447
0.5394911766052246 0.08971311897039413 0.7685815095901489 0.2028844654560089
0.17462870478630066 0.39801573753356934 0.23213204741477966 0.43537622690200806
0.0890752300620079 0.27117738127708435 0.16682767868041992 0.31244900822639465
0.582193911075592 0.22105814516544342 0.793820321559906 0.32270127534866333
0.03484164923429489 0.3133420944213867 0.06680094450712204 0.3332480192184448
0.07396333664655685 0.316864937543869 0.10721749812364578 0.33840903639793396
0.12135980278253555 0.37581121921539307 0.16268357634544373 0.40288567543029785
0.582193911075592 0.22105814516544342 0.793820321559906 0.32270127534866333
0.5394911766052246 0.08971311897039413 0.7685815095901489 0.2028844654560089
0.01302066259086132 0.28112494945526123 0.06334758549928665 0.3021961450576782
0.25422966480255127 0.428269624710083 0.32994621992111206 0.46925145387649536
0.038978174328804016 0.34998074173927307 0.07306809723377228 0.3716716468334198
0.9175068140029907 0.000573236495256424 0.9997689723968506 0.06555815041065216
0.09686252474784851 0.3697648346424103 0.13016024231910706 0.3971576392650604
0.0873115137219429 0.3665480613708496 0.11783885210752487 0.39333879947662354
0.06799428910017014 0.3619891107082367 0.10322841256856918 0.3829239308834076
0.019268840551376343 0.06849756836891174 0.8628048896789551 0.8516772985458374
0.11437537521123886 0.37453871965408325 0.15334683656692505 0.40081703662872314
0.5787822008132935 0.22189459204673767 0.7939767837524414 0.3224686086177826
0.08089444786310196 0.36412325501441956 0.11447516828775406 0.38372793793678284
0.2688838541507721 0.2302812784910202 0.3036801517009735 0.2373681515455246
0.12113005667924881 0.3273041248321533 0.14449040591716766 0.35042840242385864
0.011870700865983963 0.28118377923965454 0.0632634311914444 0.302090048789978
0.06416159123182297 0.3618243336677551 0.09127665311098099 0.38288211822509766
0.45554351806640625 0.4599364399909973 0.6063430309295654 0.5276106595993042
