0.43094730377197266 0.4593207538127899 0.5734473466873169 0.5225813388824463
0.3568665683269501 0.1962973177433014 0.4780721366405487 0.26588210463523865
0.5434345006942749 0.23840008676052094 0.7327913045883179 0.3285682201385498
0.13133375346660614 0.2103148102760315 0.18893177807331085 0.25705063343048096
0.17088447511196136 0.3964408040046692 0.22707022726535797 0.4329071044921875
0.5355052351951599 0.09374453127384186 0.7603477835655212 0.2052922397851944
0.1409391462802887 0.30485406517982483 0.33503931760787964 0.3683716356754303
0.08688993752002716 0.27063363790512085 0.1583142727613449 0.31146377325057983
0.248202383518219 0.42684030532836914 0.31585484743118286 0.46620070934295654
0.032787956297397614 0.31328028440475464 0.0639805868268013 0.33339619636535645
0.07232005894184113 0.31727975606918335 0.10437692701816559 0.3380323052406311
0.12077963352203369 0.3761545717716217 0.1618483066558838 0.4026239812374115
0.018511852249503136 0.2821360230445862 0.05795282870531082 0.30193400382995605
0.9128058552742004 0.00021081045269966125 0.99984210729599 0.06786899268627167
0.2471192479133606 0.4250631034374237 0.3180292248725891 0.4668133556842804
0.5355052351951599 0.09374453127384186 0.7603477835655212 0.2052922397851944
0.037918783724308014 0.34973984956741333 0.07223661243915558 0.3717226982116699
0.09529081732034683 0.36998891830444336 0.12902364134788513 0.39711713790893555
0.06526660919189453 0.36175602674484253 0.09873548150062561 0.3833584785461426
0.08774205297231674 0.36703822016716003 0.11862469464540482 0.3938044011592865
0.02077031135559082 0.07500863075256348 0.8754360675811768 0.8618965148925781
0.5427645444869995 0.2380402386188507 0.7338649034500122 0.3295607268810272
0.2676372528076172 0.2292858511209488 0.30395013093948364 0.23755384981632233
0.43246209621429443 0.4592273533344269 0.572677731513977 0.5223931074142456
0.07890942692756653 0.36417391896247864 0.11438347399234772 0.38406065106391907
