0.31353655457496643 0.17351922392845154 0.8449212312698364 0.3586268126964569
0.45068806409835815 0.4636457562446594 0.587745726108551 0.5219887495040894
0.20381586253643036 0.3279288709163666 0.2722572088241577 0.36427703499794006
0.25892412662506104 0.42799514532089233 0.336527943611145 0.47113436460494995
0.07140211015939713 0.2752382755279541 0.14469459652900696 0.3065716028213501
0.13061454892158508 0.2087453305721283 0.18829920887947083 0.2582542598247528
0.1164112538099289 0.3220003545284271 0.1627930849790573 0.34684494137763977
0.0683216005563736 0.3164939880371094 0.10435272753238678 0.3386978507041931
0.15916019678115845 0.39040812849998474 0.21079647541046143 0.4231325685977936
0.5577698945999146 0.07643550634384155 0.8108688592910767 0.18232101202011108
0.6543573141098022 0.26297950744628906 0.7276855707168579 0.29075610637664795
0.019401155412197113 0.28405916690826416 0.052096717059612274 0.3018184304237366
0.11228178441524506 0.37757110595703125 0.15516231954097748 0.4047015309333801
0.09334836900234222 0.3651748299598694 0.120173379778862 0.38837677240371704
0.0229385606944561 0.3143954575061798 0.04840942844748497 0.33364632725715637
0.3181821405887604 0.17258815467357635 0.8481876850128174 0.3585732579231262
0.43427804112434387 0.15174967050552368 0.5688744187355042 0.2281152307987213
0.04649508744478226 0.35370364785194397 0.08212005347013474 0.3800455629825592
0.1835733950138092 0.25144416093826294 0.29610756039619446 0.3108360171318054
0.5605782866477966 0.07541234791278839 0.8123076558113098 0.18116016685962677
0.4371832013130188 0.07797502726316452 0.8078159689903259 0.2160363793373108
0.1346704661846161 0.22370153665542603 0.18679121136665344 0.25655606389045715
0.4509626030921936 0.4637443423271179 0.588081419467926 0.5222482681274414
0.008417844772338867 0.11476922035217285 0.8926941156387329 0.8757550716400146
0.201008141040802 0.2528451383113861 0.29541459679603577 0.3108823597431183
0.20381586253643036 0.3279288709163666 0.2722572088241577 0.36427703499794006
