0.44736865162849426 0.1424313187599182 0.6020888090133667 0.23422423005104065
0.40462300181388855 0.4626045227050781 0.5371604561805725 0.5234389901161194
0.36124035716056824 0.30668574571609497 0.481180876493454 0.3643815517425537
0.2399936467409134 0.4235677123069763 0.3119157552719116 0.4665663242340088
0.13101138174533844 0.20935121178627014 0.18960325419902802 0.25674453377723694
0.620590329170227 0.059898823499679565 0.7986928224563599 0.1771026849746704
0.11079015582799911 0.3202727138996124 0.15704099833965302 0.3468162715435028
0.2544655203819275 0.2228361964225769 0.39158689975738525 0.3014446496963501
0.0795024186372757 0.3668437600135803 0.11397196352481842 0.38966965675354004
0.16162951290607452 0.3980228900909424 0.22293241322040558 0.4348692297935486
0.18979784846305847 0.31982797384262085 0.25030985474586487 0.35744184255599976
0.12830449640750885 0.263661652803421 0.22740380465984344 0.30510106682777405
0.062166422605514526 0.27911990880966187 0.1114504337310791 0.30275410413742065
0.1184244453907013 0.3766334354877472 0.16258755326271057 0.4031108319759369
0.058356139808893204 0.35726842284202576 0.0893460065126419 0.3793889582157135
0.031068213284015656 0.28354474902153015 0.05032359063625336 0.29831066727638245
0.11806619167327881 0.3763611614704132 0.16233482956886292 0.4032185971736908
0.04430074989795685 0.3208012282848358 0.06830377131700516 0.3366093933582306
0.04633653163909912 0.35508546233177185 0.08748859167098999 0.37683168053627014
0.0057683102786540985 0.3123144209384918 0.025919679552316666 0.32792195677757263
0.2402704954147339 0.4234458804130554 0.3124324679374695 0.46695923805236816
0.015059888362884521 0.07816824316978455 0.8301650881767273 0.8709191083908081
0.784369707107544 0.0 0.9996362924575806 0.23323765397071838
0.062166422605514526 0.27911990880966187 0.1114504337310791 0.30275410413742065
0.36044052243232727 0.3065941631793976 0.48054513335227966 0.36450907588005066
0.02723516896367073 0.3150537610054016 0.05741835758090019 0.33422720432281494
