0.36800312995910645 0.10460712015628815 0.9960756301879883 0.35403621196746826
0.1329515427350998 0.20623363554477692 0.1893824189901352 0.2565804123878479
0.22535079717636108 0.32846006751060486 0.30031388998031616 0.3669143617153168
0.5170438289642334 0.4646078646183014 0.6867349147796631 0.5305268168449402
0.27840104699134827 0.43336111307144165 0.35976549983024597 0.4833099842071533
0.07458841800689697 0.31593677401542664 0.11205516755580902 0.33959338068962097
0.16882845759391785 0.3952469527721405 0.22490718960762024 0.4300369322299957
0.361730694770813 0.1003689244389534 0.9961060285568237 0.3495340645313263
0.08296971023082733 0.27357417345046997 0.1604233980178833 0.3057979345321655
0.1280387043952942 0.3222256898880005 0.17515289783477783 0.3484894633293152
0.11742883920669556 0.37924841046333313 0.16624945402145386 0.40858206152915955
0.8062731027603149 0.21951845288276672 0.9007827043533325 0.2491830289363861
0.0289759561419487 0.28368040919303894 0.060410596430301666 0.30183252692222595
0.43731021881103516 0.0733405351638794 0.8132190704345703 0.22162196040153503
0.19940650463104248 0.24647046625614166 0.3171783685684204 0.3088882267475128
0.09168906509876251 0.36589476466178894 0.12554974853992462 0.3882763683795929
0.45693910121917725 0.0750252977013588 0.8022360801696777 0.20810216665267944
0.047976408153772354 0.35412517189979553 0.0829237848520279 0.3803660571575165
0.02508745715022087 0.31479889154434204 0.05331604555249214 0.33432990312576294
0.0036946535110473633 0.08949363231658936 0.9511683583259583 0.9485235214233398
0.5189205408096313 0.4650437533855438 0.6875313520431519 0.5310747623443604
0.08296971023082733 0.27357417345046997 0.1604233980178833 0.3057979345321655
0.1409001499414444 0.22451797127723694 0.18696554005146027 0.2552749812602997
