0.33947306871414185 0.4505046010017395 0.4399034380912781 0.5028312802314758
0.21762116253376007 0.23425239324569702 0.36219823360443115 0.3038659691810608
0.13030345737934113 0.20916250348091125 0.18966297805309296 0.2569282650947571
0.20153924822807312 0.40800121426582336 0.26795628666877747 0.44866684079170227
0.2890883684158325 0.3222929835319519 0.38366520404815674 0.36792367696762085
0.09262282401323318 0.3175802528858185 0.13460087776184082 0.34234902262687683
0.14390265941619873 0.38773784041404724 0.19418984651565552 0.42039385437965393
0.10829474031925201 0.26910582184791565 0.19890885055065155 0.3061489164829254
0.44486042857170105 0.14655447006225586 0.5786367058753967 0.23551228642463684
0.5009168386459351 0.00044408440589904785 0.9972306489944458 0.30672988295555115
0.1593385487794876 0.3225364089012146 0.2128695398569107 0.3530086874961853
0.10330761969089508 0.3707597851753235 0.14143326878547668 0.3952726125717163
0.043895967304706573 0.2808835804462433 0.08744866400957108 0.30278149247169495
0.0725247710943222 0.3632248342037201 0.10519745945930481 0.3857952058315277
0.03152656927704811 0.31651437282562256 0.06236789748072624 0.33596545457839966
0.5009168386459351 0.00044408440589904785 0.9972306489944458 0.30672988295555115
0.047143422067165375 0.35398003458976746 0.08356834203004837 0.3797924816608429
0.004824548959732056 0.0 1.0 0.9484962224960327
0.01851281151175499 0.2841314375400543 0.03699095919728279 0.2983715236186981
0.21734026074409485 0.23490677773952484 0.36071792244911194 0.3038851022720337
0.8902298212051392 0.44995272159576416 1.0 0.5406363606452942
0.02408081851899624 0.3145996332168579 0.05717580020427704 0.33467286825180054
0.3078903257846832 0.44912832975387573 0.3414343297481537 0.472329318523407
0.006854563020169735 0.31190726161003113 0.0246710367500782 0.32684680819511414
