0.4634842872619629 0.1329057514667511 0.6257667541503906 0.2299133539199829
0.5332677364349365 0.2534872889518738 0.7275067567825317 0.3438248038291931
0.13159634172916412 0.2085820436477661 0.18840272724628448 0.25698575377464294
0.31899479031562805 0.44886961579322815 0.42000439763069153 0.4990788996219635
0.14910008013248444 0.32201120257377625 0.2028786689043045 0.3529646098613739
0.29514265060424805 0.20555365085601807 0.4304885268211365 0.2913321852684021
0.27078551054000854 0.32274699211120605 0.3314018249511719 0.36136215925216675
0.09367474913597107 0.2766382694244385 0.14958158135414124 0.3029877543449402
0.674210786819458 0.006211243569850922 0.9770181179046631 0.15721330046653748
0.15382800996303558 0.3872949182987213 0.20394088327884674 0.4183238446712494
0.5961557030677795 0.4820546507835388 0.8358028531074524 0.5605197548866272
0.09663079679012299 0.37369316816329956 0.1364310085773468 0.39872461557388306
0.053812988102436066 0.3216657340526581 0.08332822471857071 0.34178540110588074
0.20746265351772308 0.41955244541168213 0.2853809893131256 0.46275556087493896
0.051615599542856216 0.28105372190475464 0.08213460445404053 0.3004734516143799
0.036754343658685684 0.3139539361000061 0.06388254463672638 0.3352695107460022
0.0 0.04502689838409424 0.8996213674545288 0.9326149821281433
0.15613113343715668 0.2579813003540039 0.265322208404541 0.30524319410324097
0.05665107071399689 0.3586898446083069 0.10087879002094269 0.38308465480804443
0.24853728711605072 0.3233851194381714 0.3071381151676178 0.3592151999473572
0.6715354323387146 0.006806902587413788 0.9799230694770813 0.15834778547286987
0.15339630842208862 0.38738197088241577 0.2033422291278839 0.41813623905181885
0.247569739818573 0.32621175050735474 0.28773564100265503 0.35735267400741577
0.013225892558693886 0.3120148479938507 0.0382775217294693 0.3307313024997711
0.20720209181308746 0.41911664605140686 0.2853671610355377 0.4624028503894806
0.5961557030677795 0.4820546507835388 0.8358028531074524 0.5605197548866272
0.15515196323394775 0.2567386031150818 0.2658734917640686 0.3048635721206665
0.09352584183216095 0.27661141753196716 0.14961101114749908 0.30262359976768494
0.15515196323394775 0.2567386031150818 0.2658734917640686 0.3048635721206665
