0.4660843014717102 0.12918978929519653 0.6296043992042542 0.22721391916275024
0.5721357464790344 0.23938363790512085 0.7890443205833435 0.33549296855926514
0.3408174216747284 0.4530000388622284 0.44619622826576233 0.5054870247840881
0.1314851939678192 0.2093159258365631 0.18769875168800354 0.25686347484588623
0.15526439249515533 0.32254236936569214 0.21161507070064545 0.3548687696456909
0.28834086656570435 0.20357023179531097 0.44034039974212646 0.29095372557640076
0.0981767475605011 0.27602794766426086 0.1566900908946991 0.30305132269859314
0.6869364976882935 0.0004528462886810303 0.9954432249069214 0.15529610216617584
0.056366633623838425 0.2802185118198395 0.08812801539897919 0.3013853132724762
0.055353790521621704 0.3223460018634796 0.08655636012554169 0.3418557941913605
0.2166961133480072 0.4225265383720398 0.2987382709980011 0.46767210960388184
0.09971408545970917 0.3763499855995178 0.13961634039878845 0.4010694622993469
0.15931200981140137 0.3894793391227722 0.21165481209754944 0.4217146635055542
0.161534383893013 0.2558644711971283 0.27170026302337646 0.30416539311408997
0.05667431280016899 0.358942449092865 0.10390856862068176 0.38375723361968994
0.2166961133480072 0.4225265383720398 0.2987382709980011 0.46767210960388184
0.15997108817100525 0.3897981643676758 0.21139267086982727 0.4215293526649475
0.26982352137565613 0.3194241523742676 0.34922221302986145 0.3599390387535095
0.6869364976882935 0.0004528462886810303 0.9954432249069214 0.15529610216617584
0.0021607577800750732 0.05563250184059143 0.8608894348144531 0.9016872644424438
0.013735559768974781 0.3126247823238373 0.0383588932454586 0.3310832679271698
0.03742581605911255 0.31482699513435364 0.06616079062223434 0.3348044455051422
0.16072002053260803 0.2555775046348572 0.2706032991409302 0.30401545763015747
0.6443432569503784 0.4838173985481262 0.9298145771026611 0.569492757320404
0.25924381613731384 0.32281699776649475 0.3142410218715668 0.35907450318336487
0.2978428900241852 0.32237914204597473 0.34837719798088074 0.36142852902412415
0.161534383893013 0.2558644711971283 0.27170026302337646 0.30416539311408997
0.26982352137565613 0.3194241523742676 0.34922221302986145 0.3599390387535095
0.6443432569503784 0.4838173985481262 0.9298145771026611 0.569492757320404
0.13612115383148193 0.22454886138439178 0.18614330887794495 0.25571969151496887
0.05667431280016899 0.358942449092865 0.10390856862068176 0.38375723361968994
