0.49433720111846924 0.1129012405872345 0.6690239906311035 0.2164941430091858
0.7874674797058105 0.15568113327026367 0.9990661144256592 0.29627156257629395
0.4373711943626404 0.46774885058403015 0.5804185271263123 0.5296636819839478
0.18963679671287537 0.3235121965408325 0.2532211244106293 0.36165016889572144
0.32069316506385803 0.18906310200691223 0.46837118268013 0.2872042655944824
0.13044428825378418 0.20886677503585815 0.1872648298740387 0.2572791278362274
0.27202191948890686 0.43931281566619873 0.36152830719947815 0.48915642499923706
0.7647353410720825 0.0001904517412185669 0.9983905553817749 0.12712833285331726
0.1179942637681961 0.2730756998062134 0.18304292857646942 0.30356526374816895
0.07654210925102234 0.279452919960022 0.11252790689468384 0.30220460891723633
0.19030317664146423 0.3978257477283478 0.25103381276130676 0.43670085072517395
0.11320950090885162 0.3812941610813141 0.15993328392505646 0.40929463505744934
0.0678289532661438 0.32386472821235657 0.10007849335670471 0.34523096680641174
0.3275507092475891 0.3091573715209961 0.42828184366226196 0.35890018939971924
0.3232722282409668 0.3096078336238861 0.42791301012039185 0.35902270674705505
0.17180559039115906 0.25046664476394653 0.29442429542541504 0.30383825302124023
0.01606123149394989 0.31236520409584045 0.04368102177977562 0.3328377306461334
0.003805190324783325 0.09423962235450745 0.8331891298294067 0.9503329992294312
0.04515250772237778 0.3165236711502075 0.07580247521400452 0.33645564317703247
0.06219835579395294 0.3622312843799591 0.11420707404613495 0.38860592246055603
0.17167820036411285 0.25069132447242737 0.2943139970302582 0.3035466969013214
0.17180559039115906 0.25046664476394653 0.29442429542541504 0.30383825302124023
0.7649505734443665 0.0 0.9985776543617249 0.12803393602371216
0.08020621538162231 0.3649531602859497 0.11515218019485474 0.38821518421173096
0.06752190738916397 0.36351028084754944 0.11431122571229935 0.3886755406856537
0.2832982540130615 0.21194660663604736 0.3667965531349182 0.2851791977882385
0.008723616600036621 0.19940835237503052 0.4206203818321228 0.4914066791534424
0.19013990461826324 0.3979114890098572 0.25159066915512085 0.4367274045944214
0.3275507092475891 0.3091573715209961 0.42828184366226196 0.35890018939971924
0.2713088393211365 0.4394489526748657 0.36134231090545654 0.4894087314605713
0.4373711943626404 0.46774885058403015 0.5804185271263123 0.5296636819839478
