0.46172475814819336 0.44420304894447327 0.6184701919555664 0.509672999382019
0.1606060266494751 0.33172789216041565 0.21340081095695496 0.36113837361335754
0.46976369619369507 0.2642470598220825 0.6393426060676575 0.34393078088760376
0.2485487163066864 0.4319625198841095 0.33223018050193787 0.47237280011177063
0.5278968811035156 0.07145076245069504 0.7261313199996948 0.2077726125717163
0.12996424734592438 0.20707061886787415 0.18916980922222137 0.2567802369594574
0.42098692059516907 0.11721067130565643 0.6007238626480103 0.23420818150043488
0.15666207671165466 0.2728104293346405 0.20406270027160645 0.30321696400642395
0.04203265160322189 0.3171393871307373 0.07260463386774063 0.33670318126678467
0.44638437032699585 0.09836458414793015 0.6496978402137756 0.22944983839988708
0.24457016587257385 0.22056631743907928 0.4045211374759674 0.2926546037197113
0.1374899446964264 0.3884482681751251 0.2146177589893341 0.42822715640068054
0.09529757499694824 0.3245156705379486 0.13693660497665405 0.34903690218925476
0.19162416458129883 0.258783757686615 0.28152650594711304 0.3032301068305969
0.24552108347415924 0.22161149978637695 0.4041382074356079 0.2940444350242615
0.1374899446964264 0.3884482681751251 0.2146177589893341 0.42822715640068054
0.015747249126434326 0.04994392395019531 0.814013659954071 0.9264392852783203
0.4395960569381714 0.07611450552940369 0.722747802734375 0.2361520230770111
0.1914968490600586 0.25835955142974854 0.2809559106826782 0.3032532334327698
0.5277963876724243 0.07077892869710922 0.7273975610733032 0.20822173357009888
0.46976369619369507 0.2642470598220825 0.6393426060676575 0.34393078088760376
