0.29194459319114685 0.4441298544406891 0.38600972294807434 0.4895494282245636
0.1908225566148758 0.33190855383872986 0.24871622025966644 0.3652428090572357
0.5374729633331299 0.01842407137155533 0.8331151008605957 0.2068278193473816
0.5798595547676086 0.21498975157737732 0.8239046931266785 0.32518938183784485
0.16817060112953186 0.2709161043167114 0.2220209836959839 0.3038784861564636
0.1301809698343277 0.2076335847377777 0.1891300231218338 0.25702786445617676
0.6022237539291382 0.43627244234085083 0.8381185531616211 0.5176430940628052
0.6128907203674316 0.013906873762607574 0.8416602611541748 0.1762707531452179
0.26873618364334106 0.21122807264328003 0.43860703706741333 0.2831047475337982
0.15798084437847137 0.39604273438453674 0.24373437464237213 0.439320832490921
0.048579126596450806 0.31777825951576233 0.08082585036754608 0.3386630117893219
0.11044274270534515 0.32673725485801697 0.1560625284910202 0.35220131278038025
0.20648443698883057 0.2575675845146179 0.29812246561050415 0.30264168977737427
0.49160823225975037 0.07367904484272003 0.735136866569519 0.2123154252767563
0.26873618364334106 0.21122807264328003 0.43860703706741333 0.2831047475337982
0.009175926446914673 0.10572841763496399 0.9059867858886719 0.9418219327926636
0.5798595547676086 0.21498975157737732 0.8239046931266785 0.32518938183784485
0.6022237539291382 0.43627244234085083 0.8381185531616211 0.5176430940628052
0.20648443698883057 0.2575675845146179 0.29812246561050415 0.30264168977737427
0.018595248460769653 0.28258538246154785 0.04315050318837166 0.2999759912490845
0.26873618364334106 0.21122807264328003 0.43860703706741333 0.2831047475337982
