0.42219579219818115 0.4641653001308441 0.5774204134941101 0.5246528387069702
0.12992288172245026 0.20743460953235626 0.1900283843278885 0.2568240761756897
0.2867087721824646 0.3270737826824188 0.35700345039367676 0.37038615345954895
0.19643880426883698 0.2661457061767578 0.2571253776550293 0.3025657534599304
0.32926446199417114 0.17022672295570374 0.5458652377128601 0.26608461141586304
0.06197502464056015 0.3182445466518402 0.09765856713056564 0.34035828709602356
0.15372928977012634 0.33109933137893677 0.2071865200996399 0.35993969440460205
0.2432718724012375 0.24446579813957214 0.3530263900756836 0.2958487570285797
0.03757437691092491 0.28212490677833557 0.06672187149524689 0.30218443274497986
0.21662239730358124 0.41918814182281494 0.32880887389183044 0.46842217445373535
0.21618026494979858 0.41911521553993225 0.3285636305809021 0.46824315190315247
0.2432718724012375 0.24446579813957214 0.3530263900756836 0.2958487570285797
0.21618026494979858 0.41911521553993225 0.3285636305809021 0.46824315190315247
0.27787041664123535 0.3325425982475281 0.3112936019897461 0.36500585079193115
0.33037030696868896 0.16953033208847046 0.5439945459365845 0.2657437324523926
0.33037030696868896 0.16953033208847046 0.5439945459365845 0.2657437324523926
0.15308521687984467 0.3309739828109741 0.20724470913410187 0.3598684072494507
0.012590289115905762 0.08577322959899902 0.7964594960212708 0.9252095222473145
0.132380872964859 0.22384224832057953 0.1874987781047821 0.25607311725616455
