0.34725522994995117 0.3167935311794281 0.4441463351249695 0.3678435981273651
0.1299082636833191 0.20676681399345398 0.18956947326660156 0.25671157240867615
0.3774237036705017 0.13364702463150024 0.6333461403846741 0.25088298320770264
0.21369484066963196 0.26197731494903564 0.27428358793258667 0.30061352252960205
0.183462455868721 0.3305387794971466 0.2446102350950241 0.3624022901058197
0.2545289397239685 0.4305568337440491 0.3810247778892517 0.48440444469451904
0.5592433214187622 0.46182334423065186 0.770896315574646 0.5382852554321289
0.04818456247448921 0.28174859285354614 0.0786798745393753 0.30213963985443115
0.06930913031101227 0.3190133273601532 0.10563147068023682 0.34117862582206726
0.2646292448043823 0.2335336059331894 0.38568317890167236 0.2909006178379059
0.2646874189376831 0.2336614578962326 0.3857690095901489 0.2907303273677826
0.25478190183639526 0.4298371970653534 0.3795923590660095 0.4840472638607025
0.25478190183639526 0.4298371970653534 0.3795923590660095 0.4840472638607025
0.3776455521583557 0.13241346180438995 0.6323400139808655 0.2504993677139282
0.34257712960243225 0.32415086030960083 0.3848405182361603 0.36470574140548706
