0.1291239857673645 0.32446083426475525 0.1782148778438568 0.35347768664360046
0.5651400089263916 0.21361303329467773 0.760542631149292 0.3116249442100525
0.11555232107639313 0.2778141498565674 0.16144336760044098 0.3042725920677185
0.32713770866394043 0.22156459093093872 0.42814719676971436 0.27667099237442017
0.1311386078596115 0.21811844408512115 0.1886567622423172 0.2555104196071625
0.5044490098953247 0.08131712675094604 0.7568349838256836 0.204727441072464
0.039827458560466766 0.3514977991580963 0.06938304752111435 0.3719327747821808
0.015307895839214325 0.3380792438983917 0.037489619106054306 0.3570691645145416
0.03143857792019844 0.2789281904697418 0.059664200991392136 0.30024459958076477
0.1311841607093811 0.20338696241378784 0.19881683588027954 0.25701647996902466
0.5045488476753235 0.08170287311077118 0.7549846768379211 0.20497556030750275
0.013004613108932972 0.3092038333415985 0.0342961885035038 0.32534316182136536
