0.17183628678321838 0.32769155502319336 0.23202601075172424 0.36173373460769653
0.15765738487243652 0.2710622251033783 0.213725745677948 0.3037954270839691
0.43687841296195984 0.16250061988830566 0.580298125743866 0.2454785704612732
0.7283965349197388 0.0 1.0 0.11254197359085083
0.13078738749027252 0.20826224982738495 0.1895471066236496 0.25641828775405884
0.06844102591276169 0.27924925088882446 0.10285521298646927 0.30201321840286255
0.03488003835082054 0.31016063690185547 0.06487463414669037 0.33022648096084595
0.08397872000932693 0.37075749039649963 0.12056268006563187 0.3952706754207611
0.010550484992563725 0.33739274740219116 0.03002673014998436 0.35284435749053955
0.04289945214986801 0.35124972462654114 0.0706918016076088 0.37248292565345764
0.08388688415288925 0.3705877363681793 0.12045920640230179 0.39567503333091736
