0.19158610701560974 0.32926902174949646 0.25611475110054016 0.3652445375919342
0.4896242320537567 0.13266527652740479 0.6527150869369507 0.22888892889022827
0.1738862544298172 0.26721492409706116 0.2350633591413498 0.3025952875614166
0.12964846193790436 0.2076645940542221 0.1890173703432083 0.2561657130718231
0.08313164114952087 0.27857014536857605 0.1203068345785141 0.3025485575199127
0.10259240865707397 0.3775521218776703 0.14281243085861206 0.40514376759529114
0.045702770352363586 0.3121368885040283 0.07814091444015503 0.33187365531921387
0.05633118003606796 0.3563998341560364 0.0861831083893776 0.37896043062210083
0.8631398677825928 0.0004814993590116501 1.0 0.05691973865032196
0.017869792878627777 0.3420674800872803 0.038952913135290146 0.3577175736427307
0.10243387520313263 0.3774793744087219 0.14249366521835327 0.40524160861968994
