0.2611682116985321 0.6313112378120422 0.3001540005207062 0.6899359822273254
0.4655468165874481 0.09979742765426636 0.5612521171569824 0.1978028416633606
0.3305887281894684 0.6648687124252319 0.38630709052085876 0.7427536249160767
0.23937101662158966 0.6152968406677246 0.273649662733078 0.6672837734222412
0.16031275689601898 0.5712046027183533 0.18639986217021942 0.6072874665260315
0.22602561116218567 0.6077990531921387 0.2631532847881317 0.6601336002349854
0.15296976268291473 0.5661966800689697 0.179457888007164 0.5965121984481812
0.9045847654342651 0.6464537382125854 1.0 0.6942934989929199
0.9518923163414001 0.6695491671562195 0.9992906451225281 0.754546582698822
0.152776300907135 0.5437881350517273 0.17236709594726562 0.5635783076286316
0.22535090148448944 0.6151835322380066 0.2521052360534668 0.6605029702186584
0.9496538043022156 0.6177995204925537 0.9988419413566589 0.7543351650238037
0.2566587030887604 0.6277018189430237 0.2912164628505707 0.6805666089057922
