0.5748027563095093 0.22949913144111633 0.8158285617828369 0.33658912777900696
0.25779280066490173 0.2520884573459625 0.3364180028438568 0.29724404215812683
0.19923438131809235 0.3238133192062378 0.26597192883491516 0.3597566485404968
0.3550359904766083 0.45541951060295105 0.46512386202812195 0.5126527547836304
0.1297949105501175 0.20731522142887115 0.1911577731370926 0.2570188641548157
0.22639930248260498 0.4221840798854828 0.30217647552490234 0.46174147725105286
0.09202193468809128 0.3201411962509155 0.13599637150764465 0.3433297872543335
0.40473490953445435 0.16633683443069458 0.5488884449005127 0.2528415322303772
0.04779519513249397 0.352342426776886 0.08063560724258423 0.3735172152519226
0.12390105426311493 0.38528287410736084 0.1716781109571457 0.41367071866989136
0.4053424596786499 0.16623112559318542 0.5429412126541138 0.2508949041366577
0.12390105426311493 0.38528287410736084 0.1716781109571457 0.41367071866989136
0.011838793754577637 0.021348267793655396 0.8858642578125 0.9235869646072388
