0.18821963667869568 0.27020594477653503 0.2497340738773346 0.3052012622356415
0.37533190846443176 0.30526551604270935 0.5028786063194275 0.36536887288093567
0.13002149760723114 0.20735560357570648 0.18922992050647736 0.2564144730567932
0.30730992555618286 0.22322788834571838 0.4062992334365845 0.2808140218257904
0.15502792596817017 0.39673131704330444 0.21229040622711182 0.43050456047058105
0.25442349910736084 0.43200716376304626 0.33143502473831177 0.4750272333621979
0.13051390647888184 0.32286006212234497 0.1833052635192871 0.3498349189758301
0.08067524433135986 0.36759188771247864 0.11693908274173737 0.3907528817653656
0.05281726270914078 0.31546634435653687 0.08794166892766953 0.33460962772369385
0.02066624164581299 0.3418819308280945 0.049425460398197174 0.3614320158958435
0.2532252073287964 0.43277794122695923 0.32959306240081787 0.4777126908302307
0.004552364349365234 0.0 0.9194636344909668 0.9592103958129883
0.02158081717789173 0.3431529402732849 0.0491604208946228 0.36128461360931396
0.15513038635253906 0.39697888493537903 0.2123967707157135 0.4302782714366913
0.13041318953037262 0.32281559705734253 0.18324165046215057 0.34985655546188354
