0.8088231086730957 0.14143848419189453 0.9996846914291382 0.28822317719459534
0.3071634769439697 0.23101352155208588 0.4007222056388855 0.28731676936149597
0.42642468214035034 0.46511492133140564 0.5682461261749268 0.5309708118438721
0.25282132625579834 0.32123440504074097 0.3332722783088684 0.361852765083313
0.4872583746910095 0.11199916899204254 0.6743248105049133 0.22455106675624847
0.12931567430496216 0.2077958732843399 0.19033783674240112 0.25727367401123047
0.15310414135456085 0.3969036042690277 0.20824800431728363 0.42928215861320496
0.11943021416664124 0.32359886169433594 0.1710880696773529 0.349279522895813
0.3056064248085022 0.4362031817436218 0.3612414002418518 0.4797182083129883
0.06514246761798859 0.35951799154281616 0.1009564995765686 0.3820621967315674
0.27157241106033325 0.4363478124141693 0.31631094217300415 0.4692261517047882
0.48787394165992737 0.11162169277667999 0.6753500699996948 0.22336657345294952
0.006612598896026611 0.07012584805488586 0.9093436002731323 0.931694746017456
0.2784041464328766 0.43736371397972107 0.34470024704933167 0.4759041965007782
0.014025426469743252 0.2828589379787445 0.0435180589556694 0.30525556206703186
0.42642468214035034 0.46511492133140564 0.5682461261749268 0.5309708118438721
