0.19308103621006012 0.4114682376384735 0.2547355592250824 0.4484488070011139
0.12998345494270325 0.2078191190958023 0.18954366445541382 0.25757429003715515
0.32068753242492676 0.4457167387008667 0.4320829510688782 0.49474483728408813
0.37286636233329773 0.19810408353805542 0.4922994077205658 0.26954612135887146
0.15783488750457764 0.3243412971496582 0.21865439414978027 0.35334211587905884
0.3377097249031067 0.3041401505470276 0.4465920925140381 0.35828685760498047
0.5441992282867432 0.4790511429309845 0.7438548803329468 0.5576670169830322
0.6143926382064819 0.018918223679065704 0.8744652271270752 0.1759941279888153
0.08855068683624268 0.3687852919101715 0.1287592202425003 0.3944965898990631
0.6138185858726501 0.01859327405691147 0.8735772967338562 0.17592090368270874
0.08796723186969757 0.3688470423221588 0.1287938356399536 0.3948749005794525
0.022024095058441162 0.052722394466400146 0.9216175079345703 0.9334683418273926
0.02646525576710701 0.2838102877140045 0.05621733143925667 0.30608460307121277
