0.49039167165756226 0.12755544483661652 0.6608636975288391 0.23079852759838104
0.5170087218284607 0.23585905134677887 0.7025324702262878 0.32968664169311523
0.22845855355262756 0.3174257278442383 0.3035779297351837 0.35817766189575195
0.1291983723640442 0.20808739960193634 0.19050458073616028 0.2579040825366974
0.2444976419210434 0.4298364222049713 0.3224622905254364 0.4708525836467743
0.3967962861061096 0.4545102119445801 0.5323353409767151 0.5114175081253052
0.8694773316383362 0.0005515255033969879 1.0 0.06645248830318451
0.12211289256811142 0.38322800397872925 0.17146968841552734 0.4129559397697449
0.008634842000901699 0.31403231620788574 0.03248013183474541 0.3302870988845825
0.12211289256811142 0.38322800397872925 0.17146968841552734 0.4129559397697449
0.026904502883553505 0.28032606840133667 0.0768444761633873 0.3072068691253662
0.013378620147705078 0.055082887411117554 0.9161401391029358 0.8633999824523926
0.026904502883553505 0.28032606840133667 0.0768444761633873 0.3072068691253662
