0.7632555365562439 0.11051759123802185 0.9987639784812927 0.2758869528770447
0.6105501055717468 0.04741394519805908 0.8401541113853455 0.18353576958179474
0.12885235249996185 0.2063414305448532 0.1899537295103073 0.2572670876979828
0.4624679386615753 0.4555922746658325 0.6307232975959778 0.5269922614097595
0.28683972358703613 0.44006556272506714 0.37117451429367065 0.4841650128364563
0.15022322535514832 0.3947255611419678 0.20634791254997253 0.42930567264556885
0.2939223051071167 0.30573806166648865 0.39365845918655396 0.3530559837818146
0.021341465413570404 0.3163982927799225 0.047712214291095734 0.3348022997379303
0.025205068290233612 0.2765870690345764 0.09250137209892273 0.30878162384033203
0.0 0.04715663194656372 0.9797682762145996 0.9441595673561096
0.15031768381595612 0.3947578966617584 0.20649753510951996 0.4296884834766388
0.0198587067425251 0.27963677048683167 0.0546267144382 0.30508169531822205
0.4610362946987152 0.45577678084373474 0.6315416097640991 0.5273026823997498
0.018955279141664505 0.28303587436676025 0.04191162437200546 0.30390608310699463
0.29423829913139343 0.30603769421577454 0.3934267461299896 0.35353049635887146
