0.4697531461715698 0.47437727451324463 0.6408388614654541 0.5442705154418945
0.2504609227180481 0.3252871632575989 0.33184534311294556 0.3686619997024536
0.12897410988807678 0.2070152759552002 0.1886686086654663 0.2569504678249359
0.02707149274647236 0.3131125569343567 0.06559231132268906 0.33275866508483887
0.19210626184940338 0.22947067022323608 0.34463775157928467 0.30515408515930176
0.18749338388442993 0.2288525402545929 0.3482627272605896 0.3035789430141449
0.014642897062003613 0.3221473693847656 0.04107178747653961 0.33997684717178345
0.19210626184940338 0.22947067022323608 0.34463775157928467 0.30515408515930176
0.4732727110385895 0.47235187888145447 0.6373132467269897 0.5446474552154541
0.18799202144145966 0.23322120308876038 0.24627120792865753 0.2951246201992035
0.16991180181503296 0.2389603555202484 0.3026728630065918 0.3059218227863312
