0.604659914970398 0.19647979736328125 0.8598591089248657 0.31429946422576904
0.12907227873802185 0.20666815340518951 0.19235607981681824 0.25758305191993713
0.32627439498901367 0.14463019371032715 0.5540546178817749 0.2674659788608551
0.07613014429807663 0.3197334110736847 0.1284906268119812 0.345404714345932
0.04986323416233063 0.3219586908817291 0.07933329045772552 0.34241047501564026
0.2258663922548294 0.20047375559806824 0.3479456901550293 0.27989375591278076
0.23058587312698364 0.1994653344154358 0.4084276556968689 0.29242876172065735
0.07041905075311661 0.3202938437461853 0.1110616996884346 0.3433205485343933
0.0011069746688008308 0.30587053298950195 0.023248277604579926 0.32523584365844727
0.3221040964126587 0.14697158336639404 0.5551671981811523 0.26777634024620056
