0.38323962688446045 0.2684667408466339 0.5091536045074463 0.33341875672340393
0.13249847292900085 0.208904430270195 0.1875413954257965 0.2556648552417755
0.11046946048736572 0.32172632217407227 0.15560993552207947 0.3465772867202759
0.15606719255447388 0.23981423676013947 0.3098007142543793 0.30789077281951904
0.05150062218308449 0.3546605706214905 0.08203105628490448 0.37345755100250244
0.0755380392074585 0.26969268918037415 0.1494523584842682 0.30535557866096497
0.1562618464231491 0.23977187275886536 0.30959051847457886 0.30814871191978455
0.0722687691450119 0.2695276737213135 0.14896105229854584 0.30483365058898926
0.0025026798248291016 0.0 1.0 0.9772312641143799
0.008831096813082695 0.28269195556640625 0.032156676054000854 0.3014659881591797
