0.26101988554000854 0.6313150525093079 0.29997241497039795 0.6898234486579895
0.3300396800041199 0.663070023059845 0.3867325782775879 0.7421073317527771
0.43665286898612976 0.14382348954677582 0.5254167914390564 0.2462725192308426
0.2390453964471817 0.6154184341430664 0.2733471989631653 0.6674103736877441
0.16031445562839508 0.5708062648773193 0.18698851764202118 0.6078495979309082
0.22569116950035095 0.6069405674934387 0.2627516984939575 0.6602936387062073
0.15389719605445862 0.5670966506004333 0.18021747469902039 0.5985724329948425
0.15109524130821228 0.5636085271835327 0.17730411887168884 0.592341423034668
0.3528876006603241 0.5600113868713379 0.41545435786247253 0.5780055522918701
0.1555148959159851 0.5444337129592896 0.17734861373901367 0.5635025501251221
0.255845844745636 0.6271482706069946 0.2908692955970764 0.680514931678772
