0.1546986699104309 0.27423471212387085 0.2148163914680481 0.3050948977470398
0.26035743951797485 0.3004370629787445 0.34318292140960693 0.3440062701702118
0.12935315072536469 0.20841704308986664 0.18958140909671783 0.2565251886844635
0.05067427083849907 0.3173580765724182 0.08469578623771667 0.3382648825645447
0.2864207923412323 0.4373599886894226 0.3645775020122528 0.47956353425979614
0.05730423331260681 0.28108105063438416 0.08891424536705017 0.29931822419166565
0.02828892692923546 0.3487894833087921 0.05688920244574547 0.3674224317073822
0.0814441591501236 0.36839932203292847 0.11566139757633209 0.39197272062301636
0.030550681054592133 0.31287238001823425 0.055096156895160675 0.33404067158699036
0.026643238961696625 0.31155914068222046 0.046920426189899445 0.3305087685585022
