0.3956551253795624 0.45619997382164 0.5151045918464661 0.511062502861023
0.3009914457798004 0.2299969345331192 0.4088355600833893 0.2865322232246399
0.12993496656417847 0.2082473337650299 0.1903270184993744 0.2564411163330078
0.10739494860172272 0.2771872878074646 0.1498548835515976 0.29873979091644287
0.1413397490978241 0.399946391582489 0.19357210397720337 0.4336814880371094
0.10743024945259094 0.3230884373188019 0.15180903673171997 0.3479825556278229
0.07201168686151505 0.36666154861450195 0.1074121966958046 0.39026015996932983
0.06992541253566742 0.3188961148262024 0.10370564460754395 0.34113216400146484
0.022334065288305283 0.31204092502593994 0.04776635393500328 0.3329770565032959
0.05049978569149971 0.3140374720096588 0.08023569732904434 0.33706721663475037
0.005569986999034882 0.3321000635623932 0.02498447149991989 0.34924086928367615
0.1413397490978241 0.399946391582489 0.19357210397720337 0.4336814880371094
0.3946124315261841 0.45631691813468933 0.5142723917961121 0.5111096501350403
0.13345928490161896 0.22355049848556519 0.18715302646160126 0.2556737959384918
