0.1754341721534729 0.2691420614719391 0.23303061723709106 0.29683610796928406
0.18931084871292114 0.31942155957221985 0.25520601868629456 0.3553917706012726
0.5757734775543213 0.47012025117874146 0.7721773386001587 0.5446386933326721
0.657414972782135 0.015142552554607391 0.9489628672599792 0.17537963390350342
0.13027037680149078 0.2081233263015747 0.18962101638317108 0.2556706368923187
0.21358703076839447 0.4293181896209717 0.2790096402168274 0.4701806902885437
0.05116567015647888 0.31651008129119873 0.08400695025920868 0.338405966758728
0.1172492504119873 0.3851245045661926 0.16490989923477173 0.41491878032684326
0.12071516364812851 0.32315289974212646 0.16795714199543 0.34970659017562866
0.03047584928572178 0.3441062271595001 0.05840596556663513 0.36527755856513977
0.08901816606521606 0.32169148325920105 0.11941143870353699 0.34461459517478943
0.013975773006677628 0.2960517108440399 0.0391252376139164 0.31252041459083557
0.212849959731102 0.42928746342658997 0.2792450189590454 0.47029349207878113
0.10726187378168106 0.32288408279418945 0.13226830959320068 0.3470713496208191
0.0065367817878723145 0.004589289426803589 0.9822728037834167 0.9615999460220337
0.005707064643502235 0.3345625102519989 0.021827256307005882 0.3492073714733124
0.1172492504119873 0.3851245045661926 0.16490989923477173 0.41491878032684326
