0.6144089102745056 0.1583864688873291 0.8471991419792175 0.2714347541332245
0.2471935749053955 0.25129926204681396 0.3340383768081665 0.29748159646987915
0.3552034795284271 0.45189690589904785 0.4647451937198639 0.5005707144737244
0.12201521545648575 0.3903586268424988 0.16857269406318665 0.4205050468444824
0.1293720304965973 0.2167186439037323 0.18875977396965027 0.2554573118686676
0.09139861166477203 0.27771109342575073 0.12934114038944244 0.2989797592163086
0.08851861953735352 0.3218245506286621 0.12911799550056458 0.3442293405532837
0.05835579335689545 0.3604145050048828 0.09155535697937012 0.3827759623527527
0.05411456525325775 0.3174469470977783 0.08799438178539276 0.33998966217041016
0.014957712031900883 0.311209499835968 0.038555849343538284 0.3289099931716919
0.04143337905406952 0.31207752227783203 0.06444641202688217 0.33190131187438965
