0.1372731775045395 0.27381303906440735 0.18530847132205963 0.29794058203697205
0.4230351448059082 0.1642875075340271 0.582289457321167 0.252144992351532
0.17593629658222198 0.41556233167648315 0.23364867269992828 0.45227330923080444
0.13033118844032288 0.20776064693927765 0.189543217420578 0.2555086314678192
0.46805548667907715 0.4634685218334198 0.6225709915161133 0.5268094539642334
0.14168867468833923 0.3230580985546112 0.195899099111557 0.3518986999988556
0.09369689971208572 0.32217317819595337 0.13164596259593964 0.34569108486175537
0.034581951797008514 0.31518375873565674 0.0644264742732048 0.3349687457084656
0.093283511698246 0.3758004605770111 0.13499949872493744 0.40182289481163025
0.017461730167269707 0.3387231230735779 0.039341963827610016 0.356794536113739
0.06840988248586655 0.31739068031311035 0.09647314995527267 0.3394874930381775
0.46601685881614685 0.4639768898487091 0.6220319271087646 0.5267192125320435
0.0016975775361061096 0.29603278636932373 0.02480621449649334 0.3145638704299927
0.08434535562992096 0.3205450177192688 0.11715909838676453 0.34326809644699097
0.008456438779830933 0.2357911765575409 0.22009344398975372 0.4305640161037445
