0.4095516800880432 0.26313909888267517 0.5468931198120117 0.3363889157772064
0.32210129499435425 0.22062380611896515 0.41743379831314087 0.2731146812438965
0.166279137134552 0.3283728361129761 0.22546905279159546 0.36153990030288696
0.23526476323604584 0.3162042796611786 0.3123003840446472 0.3576144874095917
0.13027435541152954 0.20777317881584167 0.1897388994693756 0.25623181462287903
0.1873072385787964 0.41266337037086487 0.249704509973526 0.45207229256629944
0.050362586975097656 0.28598690032958984 0.08405186235904694 0.3080897331237793
0.08055704087018967 0.3637391924858093 0.11635243147611618 0.3876754641532898
0.10385914146900177 0.32185056805610657 0.14766190946102142 0.3484956920146942
0.32930994033813477 0.4605603814125061 0.42622196674346924 0.5098479390144348
0.01650099642574787 0.31222841143608093 0.041940659284591675 0.32978346943855286
0.027967479079961777 0.34420764446258545 0.05462973937392235 0.365168035030365
0.02589128166437149 0.28280189633369446 0.04507811367511749 0.29897090792655945
0.01403394341468811 0.01837572455406189 0.8402137756347656 0.9338911771774292
0.32930994033813477 0.4605603814125061 0.42622196674346924 0.5098479390144348
0.18779130280017853 0.41284435987472534 0.2502128779888153 0.45262467861175537
