0.6763970851898193 0.15681137144565582 0.9577494859695435 0.2852787375450134
0.21508260071277618 0.323041170835495 0.28745782375335693 0.3623403012752533
0.3812224268913269 0.2915462851524353 0.5101565718650818 0.3548721671104431
0.2941074073314667 0.4489702880382538 0.38723620772361755 0.49850180745124817
0.12329354882240295 0.2788906395435333 0.1732514500617981 0.3077704608440399
0.1550576090812683 0.3956083655357361 0.2083568572998047 0.42884671688079834
0.13042032718658447 0.20899757742881775 0.19050759077072144 0.2564290761947632
0.058773722499608994 0.28178170323371887 0.08953627198934555 0.3028717339038849
0.06593906879425049 0.31947994232177734 0.10270249843597412 0.340545654296875
0.07258925586938858 0.36543452739715576 0.1117679551243782 0.39008456468582153
0.5829494595527649 0.48366251587867737 0.7946134209632874 0.5605958104133606
0.0028513669967651367 0.0 0.9829187989234924 0.9080737829208374
0.5829494595527649 0.48366251587867737 0.7946134209632874 0.5605958104133606
0.5829494595527649 0.48366251587867737 0.7946134209632874 0.5605958104133606
