0.2364819198846817 0.3198314309120178 0.3155621290206909 0.3621792793273926
0.1372542679309845 0.27718546986579895 0.1900109350681305 0.30654922127723694
0.828785240650177 0.10624251514673233 0.9987336993217468 0.25024789571762085
0.43397313356399536 0.2719511389732361 0.5836067795753479 0.34591346979141235
0.16561029851436615 0.39872586727142334 0.2220158725976944 0.4352070689201355
0.3072180151939392 0.4524281322956085 0.4079211354255676 0.5055077075958252
0.12925036251544952 0.21870435774326324 0.18810151517391205 0.25552359223365784
0.07527966797351837 0.32030346989631653 0.11274044215679169 0.34227457642555237
0.08019678294658661 0.3692210614681244 0.12181538343429565 0.3955272138118744
0.06336089968681335 0.2820796072483063 0.09774056077003479 0.3021545112133026
0.6394686698913574 0.48881471157073975 0.8951622247695923 0.5677522420883179
0.13105547428131104 0.20377787947654724 0.19909784197807312 0.2568601667881012
0.6394686698913574 0.48881471157073975 0.8951622247695923 0.5677522420883179
0.005298316478729248 0.010569214820861816 0.974931538105011 0.8901814818382263
0.4311407208442688 0.2727782130241394 0.5831463932991028 0.34330540895462036
