0.36774179339408875 0.271816611289978 0.49421027302742004 0.3355826735496521
0.22100494801998138 0.2589874267578125 0.2828877866268158 0.29592037200927734
0.12995745241641998 0.2079852968454361 0.18961061537265778 0.256807804107666
0.37703824043273926 0.45730817317962646 0.4881535768508911 0.512376606464386
0.3691398501396179 0.45713502168655396 0.45566290616989136 0.5061601400375366
0.2258966714143753 0.43126362562179565 0.30891844630241394 0.4747951030731201
0.7793348431587219 0.0008124746382236481 0.9976550936698914 0.10874110460281372
0.7798315286636353 0.0 0.998836874961853 0.10890691727399826
0.0 0.29974260926246643 0.09174647182226181 0.34379926323890686
0.0 0.29970431327819824 0.09235301613807678 0.3444617986679077
0.35664141178131104 0.4521862864494324 0.4287458658218384 0.4991534948348999
0.8726176619529724 0.4565345346927643 1.0 0.5556125044822693
0.368490070104599 0.2718857228755951 0.4945391118526459 0.3355071246623993
0.014775790274143219 0.27936476469039917 0.06336994469165802 0.30394166707992554
