0.12980206310749054 0.21889999508857727 0.18821896612644196 0.25555941462516785
0.37780025601387024 0.46684497594833374 0.5255858302116394 0.5253092646598816
0.5837831497192383 0.4759189486503601 0.8122628927230835 0.5555456280708313
0.0811832994222641 0.2715904712677002 0.15585464239120483 0.3101942539215088
0.7957710027694702 0.6975367069244385 0.9999983310699463 0.8299468755722046
0.11672484129667282 0.31343263387680054 0.2508368194103241 0.3680908679962158
0.11672484129667282 0.31343263387680054 0.2508368194103241 0.3680908679962158
0.043674737215042114 0.2840321660041809 0.07732678949832916 0.3049936890602112
0.07604171335697174 0.2678562104701996 0.1266145557165146 0.3058665096759796
0.3785482347011566 0.4668135344982147 0.5228089094161987 0.525264322757721
0.020463548600673676 0.2841147780418396 0.0424545481801033 0.30150294303894043
