0.1832435429096222 0.26605695486068726 0.26666495203971863 0.3037481904029846
0.12990355491638184 0.20902761816978455 0.1888159215450287 0.2568029463291168
0.10554207861423492 0.27898529171943665 0.14814676344394684 0.3040686547756195
0.35662809014320374 0.07187379896640778 0.6696105003356934 0.2698785662651062
0.05264434963464737 0.36246171593666077 0.09789402037858963 0.38660505414009094
0.8474074006080627 0.4655817151069641 1.0 0.5609131455421448
0.01817232370376587 0.3099728524684906 0.046165093779563904 0.3284684717655182
0.02664962038397789 0.3345804512500763 0.05275987461209297 0.3523453176021576
0.35662809014320374 0.07187379896640778 0.6696105003356934 0.2698785662651062
0.014583281241357327 0.2838441729545593 0.0440838523209095 0.3015357255935669
0.05264434963464737 0.36246171593666077 0.09789402037858963 0.38660505414009094
0.0 0.06185433268547058 1.0 0.9734673500061035
