0.16832411289215088 0.27012336254119873 0.24485370516777039 0.3069164752960205
0.1290307641029358 0.20797733962535858 0.1891973316669464 0.25650352239608765
0.3121822774410248 0.11978717893362045 0.5904941558837891 0.2832663953304291
0.09715793281793594 0.2786983847618103 0.13739298284053802 0.30403828620910645
0.04512077569961548 0.3584800362586975 0.0887162834405899 0.3818715810775757
0.013999038375914097 0.3096524178981781 0.04058307781815529 0.327178031206131
0.7693054676055908 0.4690207839012146 0.9993631839752197 0.5662581324577332
0.021970689296722412 0.33555907011032104 0.04576779156923294 0.35116511583328247
0.0 0.07199853658676147 1.0 0.9610266089439392
0.014631234109401703 0.2830851674079895 0.03918404504656792 0.2997056841850281
0.4897761046886444 0.006228059530258179 0.9934430122375488 0.32685235142707825
0.7682272791862488 0.47021180391311646 0.998487651348114 0.5663895010948181
