0.5193670392036438 0.8005739450454712 0.7002610564231873 0.9153683185577393
0.2034406214952469 0.26725876331329346 0.26675379276275635 0.3037490248680115
0.1312841922044754 0.20781627297401428 0.18923766911029816 0.2562427222728729
0.13660010695457458 0.39866575598716736 0.20698282122612 0.4358861744403839
0.05770231783390045 0.2840227484703064 0.09234625101089478 0.3046925663948059
0.10359257459640503 0.3310111463069916 0.14597463607788086 0.35536858439445496
0.41751933097839355 0.15291455388069153 0.5952608585357666 0.24118000268936157
0.059881195425987244 0.31678780913352966 0.09548819065093994 0.33735987544059753
0.41751933097839355 0.15291455388069153 0.5952608585357666 0.24118000268936157
0.5066983699798584 0.8294545412063599 0.9987751245498657 0.9985145330429077
0.13616593182086945 0.39852267503738403 0.2074594348669052 0.43548446893692017
