0.14238235354423523 0.276263564825058 0.1945704221725464 0.30457183718681335
0.12915900349617004 0.21752291917800903 0.18841907382011414 0.2552645206451416
0.03514929860830307 0.3118002712726593 0.06673305481672287 0.3336896002292633
0.0546051487326622 0.3340001106262207 0.09005183726549149 0.3544263243675232
0.03464290499687195 0.2833307087421417 0.0645875558257103 0.3025408089160919
0.6365784406661987 0.0 1.0 0.15261606872081757
0.26328039169311523 0.23925502598285675 0.3704065680503845 0.29057878255844116
0.6354947090148926 0.0 1.0 0.15177889168262482
0.0860806554555893 0.3789041042327881 0.1428985595703125 0.4074418544769287
0.26328039169311523 0.23925502598285675 0.3704065680503845 0.29057878255844116
0.08607999980449677 0.37869784235954285 0.14320461452007294 0.4075702130794525
0.0 0.023934215307235718 1.0 0.96222984790802
