0.1272510588169098 0.27969133853912354 0.18020221590995789 0.30812615156173706
0.12880834937095642 0.3186108469963074 0.1825101375579834 0.3477346897125244
0.12959399819374084 0.2073841094970703 0.1916792392730713 0.25657784938812256
0.44531843066215515 0.1614508330821991 0.5897319316864014 0.24769753217697144
0.26816368103027344 0.44185224175453186 0.39023351669311523 0.4930982291698456
0.30195653438568115 0.2962283492088318 0.40095973014831543 0.34670907258987427
0.007852844893932343 0.3115867078304291 0.033689044415950775 0.3269961178302765
0.30195653438568115 0.2962283492088318 0.40095973014831543 0.34670907258987427
0.4421575665473938 0.16192682087421417 0.5904085040092468 0.246384397149086
0.26665595173835754 0.4414069354534149 0.3901442587375641 0.4922793209552765
