0.26096370816230774 0.6312345862388611 0.29991206526756287 0.6897810101509094
0.3301963210105896 0.6650210022926331 0.38679230213165283 0.7422428727149963
0.24012672901153564 0.6160576343536377 0.2743988037109375 0.6694426536560059
0.15986934304237366 0.5716372132301331 0.1863732635974884 0.6077684760093689
0.22652116417884827 0.6079251766204834 0.26204749941825867 0.6599423885345459
0.15335699915885925 0.5650980472564697 0.1812615692615509 0.5980863571166992
0.16138818860054016 0.5476275086402893 0.1818590760231018 0.5637640357017517
0.3204490840435028 0.5526473522186279 0.37711021304130554 0.5690931081771851
0.1610003262758255 0.5456057190895081 0.1845540851354599 0.569713294506073
0.22584447264671326 0.6162847280502319 0.25158995389938354 0.660338282585144
0.15002766251564026 0.5627691149711609 0.17678576707839966 0.5921853184700012
0.2563510835170746 0.6273732781410217 0.2918773591518402 0.6807908415794373
0.3623303174972534 0.6109243035316467 0.41891056299209595 0.6232724785804749
