0.26092061400413513 0.6312386989593506 0.30009523034095764 0.6898456811904907
0.3300991654396057 0.6647904515266418 0.3867769241333008 0.7422528862953186
0.15987563133239746 0.5717668533325195 0.18637624382972717 0.6079716682434082
0.2391459196805954 0.6148728132247925 0.2734912037849426 0.6679540872573853
0.22632338106632233 0.6078640222549438 0.26218223571777344 0.6600762605667114
0.15330204367637634 0.5646269917488098 0.18157079815864563 0.598188579082489
0.16084523499011993 0.5473004579544067 0.18156693875789642 0.5634664297103882
0.15809670090675354 0.5469511151313782 0.18270620703697205 0.5738851428031921
0.37167197465896606 0.1641567349433899 0.8269661068916321 0.5634114146232605
0.22566699981689453 0.6166332364082336 0.2516080141067505 0.660317599773407
0.15008193254470825 0.5619919896125793 0.1772727370262146 0.592269241809845
0.2561493515968323 0.6272985339164734 0.29151928424835205 0.680729329586029
