0.26093947887420654 0.6312100291252136 0.29988253116607666 0.6899181008338928
0.3301551043987274 0.6633217930793762 0.386578232049942 0.7421453595161438
0.41108158230781555 0.31115052103996277 0.48012349009513855 0.42393234372138977
0.24029818177223206 0.6160607933998108 0.2742988169193268 0.6696117520332336
0.15977007150650024 0.5708876252174377 0.18683603405952454 0.6064396500587463
0.2267659604549408 0.6082636713981628 0.2620553970336914 0.6599391102790833
0.1537390500307083 0.5662078857421875 0.18210981786251068 0.5983644723892212
0.16251817345619202 0.5463664531707764 0.18633702397346497 0.5688042640686035
0.22575092315673828 0.6160424947738647 0.251640260219574 0.6604900360107422
0.14996740221977234 0.5637869238853455 0.17670989036560059 0.5921614766120911
0.25703075528144836 0.6276895403862 0.29204657673835754 0.6811584830284119
0.16283586621284485 0.547759473323822 0.18201681971549988 0.5634011626243591
