0.6167262196540833 0.8098739385604858 0.7378115057945251 0.9474966526031494
0.2607773244380951 0.6311849355697632 0.2997182309627533 0.6902531385421753
0.7880677580833435 0.0 0.9586628079414368 0.13857406377792358
0.3303767442703247 0.6653801798820496 0.3867309093475342 0.7421119809150696
0.23948213458061218 0.6154363751411438 0.2737821638584137 0.6674744486808777
0.16006621718406677 0.5713066458702087 0.1863957643508911 0.6068183779716492
0.22543232142925262 0.6072301864624023 0.26236745715141296 0.6602290868759155
0.15320587158203125 0.5652037262916565 0.17949342727661133 0.5967512726783752
0.693047285079956 0.6030663251876831 0.8230597972869873 0.6433719396591187
0.255075603723526 0.627039909362793 0.29078105092048645 0.6805323362350464
0.877926230430603 0.09661692380905151 0.9981639385223389 0.3386954963207245
