0.6167901158332825 0.809378445148468 0.7375176548957825 0.9478242993354797
0.26091501116752625 0.6312750577926636 0.29955169558525085 0.6899135112762451
0.788962185382843 0.0 0.9618157744407654 0.13914480805397034
0.3305701017379761 0.664631187915802 0.3863203525543213 0.7425172924995422
0.6346646547317505 0.5991763472557068 0.7464874982833862 0.6313021779060364
0.2394639551639557 0.6154791116714478 0.273907333612442 0.6680581569671631
0.16020943224430084 0.5715581178665161 0.18651516735553741 0.6067944765090942
0.22502519190311432 0.6064774990081787 0.26256126165390015 0.6602606773376465
0.15291213989257812 0.5650671720504761 0.17936348915100098 0.596397876739502
0.25525331497192383 0.6269342303276062 0.2903985381126404 0.6803953051567078
0.18869563937187195 0.5498960614204407 0.21705728769302368 0.5567134022712708
