0.6168044805526733 0.8095316886901855 0.737908124923706 0.947323203086853
0.2609187960624695 0.6312046647071838 0.2995672821998596 0.689998209476471
0.7890872955322266 0.0 0.960028886795044 0.13859334588050842
0.33065861463546753 0.6644745469093323 0.38626259565353394 0.7425855994224548
0.2387932687997818 0.6147298812866211 0.27334314584732056 0.6671935319900513
0.16020382940769196 0.572360634803772 0.18642596900463104 0.606421947479248
0.22538046538829803 0.606848418712616 0.26328232884407043 0.6602885127067566
0.15211986005306244 0.5645614862442017 0.17970634996891022 0.5950764417648315
0.5492702722549438 0.5927393436431885 0.6464812755584717 0.6162600517272949
0.2555556297302246 0.6271125078201294 0.2908860445022583 0.6805185079574585
