0.6168730854988098 0.809529721736908 0.7378310561180115 0.9473434090614319
0.26090696454048157 0.6311579346656799 0.299567848443985 0.6899569630622864
0.7892569899559021 0.0 0.9613977074623108 0.13865649700164795
0.33064064383506775 0.6645188927650452 0.3862692415714264 0.7426040768623352
0.5589591860771179 0.592980146408081 0.6482512354850769 0.6183608770370483
0.23866629600524902 0.6146546006202698 0.27337080240249634 0.6672205328941345
0.16019925475120544 0.5723595023155212 0.18647661805152893 0.6066359877586365
0.2250952422618866 0.6066724061965942 0.2632795572280884 0.6605057716369629
0.15210023522377014 0.564570426940918 0.17964553833007812 0.5952640771865845
0.25554147362709045 0.6271104216575623 0.2908441126346588 0.680469810962677
