0.6167243123054504 0.8095270395278931 0.7379311919212341 0.9478193521499634
0.2609301805496216 0.6312495470046997 0.29959481954574585 0.689919114112854
0.7891173362731934 0.0 0.962436318397522 0.1387673318386078
0.33057400584220886 0.6645209789276123 0.3862980902194977 0.7423653602600098
0.6115554571151733 0.5984647870063782 0.7100416421890259 0.6269097924232483
0.23931606113910675 0.6149210929870605 0.27372515201568604 0.6678180694580078
0.16002821922302246 0.5716760158538818 0.18632259964942932 0.6069109439849854
0.2257126420736313 0.6066071391105652 0.26298585534095764 0.6605891585350037
0.15249110758304596 0.5647369027137756 0.17974866926670074 0.5964480042457581
0.25573447346687317 0.6270759701728821 0.29088011384010315 0.680589497089386
0.3313000202178955 0.517081081867218 0.3766822814941406 0.5488378405570984
