0.6180273294448853 0.8075265288352966 0.7381881475448608 0.9442619681358337
0.2608257234096527 0.6311259865760803 0.2998226583003998 0.6904340386390686
0.33061912655830383 0.6646381616592407 0.3863302767276764 0.7424086332321167
0.7886837124824524 0.0 0.9602647423744202 0.1391230821609497
0.23925285041332245 0.6153841018676758 0.27362164855003357 0.6677789688110352
0.1602114588022232 0.5720923542976379 0.18630100786685944 0.6062989830970764
0.22535203397274017 0.6071729063987732 0.26225700974464417 0.6599746346473694
0.5124990940093994 0.588089644908905 0.6015909910202026 0.6106379628181458
0.1523473560810089 0.5645391941070557 0.17902925610542297 0.5954790115356445
0.2251400202512741 0.6163954734802246 0.25102490186691284 0.6606725454330444
0.25476816296577454 0.6268768310546875 0.29035481810569763 0.680207371711731
