0.6182570457458496 0.7948817610740662 0.7364252805709839 0.9370582699775696
0.26087844371795654 0.631096363067627 0.29980629682540894 0.6903507709503174
0.330564945936203 0.6645585298538208 0.38634249567985535 0.7424943447113037
0.788545548915863 0.0 0.9588153958320618 0.13929197192192078
0.23919513821601868 0.6146236658096313 0.27339187264442444 0.667677640914917
0.16012710332870483 0.5716321468353271 0.18670201301574707 0.606730580329895
0.4928983747959137 0.5837296843528748 0.5816006660461426 0.6067371964454651
0.2251492291688919 0.6069607138633728 0.26230329275131226 0.6603167653083801
0.15291684865951538 0.5650255680084229 0.17935431003570557 0.5959867238998413
0.25523170828819275 0.6269711256027222 0.29060569405555725 0.6803978681564331
