0.6181012988090515 0.7972792387008667 0.7374339699745178 0.9399853944778442
0.2608622908592224 0.6311176419258118 0.29984956979751587 0.6904234290122986
0.3306964337825775 0.6646579504013062 0.38638952374458313 0.7426333427429199
0.7888267636299133 0.0 0.9602869153022766 0.13912621140480042
0.23927193880081177 0.6150458455085754 0.27358847856521606 0.6678469777107239
0.16018268465995789 0.5717428922653198 0.1865282654762268 0.606451153755188
0.22515593469142914 0.6069867610931396 0.2624191343784332 0.6602798700332642
0.15283244848251343 0.5650032162666321 0.17937347292900085 0.5961690545082092
0.5005991458892822 0.5851271748542786 0.593055248260498 0.6089314818382263
0.2551581561565399 0.6270042061805725 0.2905600965023041 0.6804307103157043
0.8745108246803284 0.09709317982196808 0.9979127049446106 0.3389291763305664
0.22514095902442932 0.6154321432113647 0.25116994976997375 0.6608372926712036
