0.6171208024024963 0.7781409621238708 0.7367233633995056 0.9226958155632019
0.2611311376094818 0.631338357925415 0.2997574508190155 0.6898484230041504
0.3301258087158203 0.6654992699623108 0.38686543703079224 0.7426241040229797
0.7878015637397766 0.0 0.9700514674186707 0.14011059701442719
0.23906297981739044 0.6142054796218872 0.2733154296875 0.6675018072128296
0.1600363701581955 0.5712488889694214 0.18684063851833344 0.6073732376098633
0.22488009929656982 0.6071130633354187 0.2625991106033325 0.660551130771637
0.15248386561870575 0.5644461512565613 0.17865265905857086 0.5960660576820374
0.4727519154548645 0.579401433467865 0.5578312277793884 0.6029296517372131
0.25661975145339966 0.6274183392524719 0.29136204719543457 0.6805248856544495
