0.6074183583259583 0.7445534467697144 0.7300228476524353 0.8950164318084717
0.26100990176200867 0.6313685774803162 0.29976144433021545 0.6897426247596741
0.3301220238208771 0.6654503345489502 0.38680627942085266 0.7424556016921997
0.7873982191085815 0.0 0.9706350564956665 0.14036783576011658
0.2389809638261795 0.6147246956825256 0.27349013090133667 0.6673224568367004
0.15999168157577515 0.5717278122901917 0.18707498908042908 0.6074805855751038
0.22500479221343994 0.607362687587738 0.26312464475631714 0.6605920195579529
0.1525692641735077 0.5648651719093323 0.17885693907737732 0.5966587662696838
0.4458353519439697 0.5776510238647461 0.5268581509590149 0.5957834720611572
0.2566593289375305 0.6275299191474915 0.2915276288986206 0.6807124018669128
