0.6081871390342712 0.7349886298179626 0.7271292805671692 0.890071451663971
0.26103639602661133 0.6313756704330444 0.2997175455093384 0.6897625923156738
0.3301463723182678 0.6654500365257263 0.38685768842697144 0.7424260973930359
0.7874631881713867 0.0 0.9693621397018433 0.14026130735874176
0.23915591835975647 0.6147950291633606 0.27347204089164734 0.6671959757804871
0.2251155525445938 0.6072791814804077 0.26318952441215515 0.6605404615402222
0.15989071130752563 0.5718485713005066 0.18673503398895264 0.6075564026832581
0.15230321884155273 0.564660906791687 0.17867833375930786 0.5961726903915405
0.4413691759109497 0.5751016139984131 0.5238485336303711 0.5972787141799927
0.2569078505039215 0.6276379227638245 0.2917000949382782 0.6808387637138367
