0.26101064682006836 0.6313452124595642 0.29982638359069824 0.6900985836982727
0.4856688380241394 0.625210165977478 0.6071861386299133 0.7185522317886353
0.7880003452301025 0.0 0.974047064781189 0.14007218182086945
0.33010077476501465 0.6651428937911987 0.3869556784629822 0.7426431179046631
0.23894503712654114 0.6144334673881531 0.2734179198741913 0.6671035885810852
0.16011273860931396 0.5718529224395752 0.18633875250816345 0.6077251434326172
0.225429505109787 0.6072401404380798 0.2636320888996124 0.6604014039039612
0.15228170156478882 0.5645354390144348 0.17868280410766602 0.5957028269767761
0.34858110547065735 0.5639046430587769 0.4100905954837799 0.5840339660644531
0.25651514530181885 0.6274582147598267 0.29136621952056885 0.6808452606201172
