0.26104703545570374 0.6313970685005188 0.2999570667743683 0.6897068619728088
0.4098444879055023 0.37639814615249634 0.4817233979701996 0.4890425205230713
0.33010992407798767 0.6643550395965576 0.38644757866859436 0.742029070854187
0.240310400724411 0.6157256960868835 0.27409836649894714 0.6694273352622986
0.22685106098651886 0.6082989573478699 0.26269078254699707 0.6600930094718933
0.15959814190864563 0.5697163939476013 0.18827664852142334 0.6071652770042419
0.5007212162017822 0.6112892627716064 0.5795345306396484 0.6347559690475464
0.15233707427978516 0.5658679008483887 0.18157559633255005 0.5976371765136719
0.16319119930267334 0.5469115972518921 0.1878792941570282 0.5685930252075195
0.22621338069438934 0.6167573928833008 0.25167739391326904 0.6603268384933472
0.5025200843811035 0.6113600134849548 0.5893653631210327 0.6350082755088806
