0.2610749900341034 0.6313856244087219 0.29995062947273254 0.6896575093269348
0.40997418761253357 0.39514946937561035 0.48445579409599304 0.5067422389984131
0.3302440047264099 0.6641896367073059 0.3863285779953003 0.7419821619987488
0.24033740162849426 0.6157455444335938 0.2740934193134308 0.6695981025695801
0.22674089670181274 0.6082121729850769 0.2620985805988312 0.6600936055183411
0.1603231579065323 0.5740122199058533 0.1879420429468155 0.6071162819862366
0.15120017528533936 0.5654422044754028 0.18156027793884277 0.5961341857910156
0.16310639679431915 0.5469837784767151 0.18794162571430206 0.5683570504188538
0.2806425988674164 0.5579016804695129 0.3229426443576813 0.5673570036888123
0.2257995307445526 0.6159294247627258 0.25173085927963257 0.6604438424110413
0.25695741176605225 0.6278298497200012 0.2919052839279175 0.6809716820716858
0.2801699638366699 0.5411566495895386 0.32637715339660645 0.5522695779800415
