0.26103857159614563 0.6312448382377625 0.29994699358940125 0.6905336976051331
0.7878620624542236 0.0 0.9817006587982178 0.13938993215560913
0.33051159977912903 0.6647106409072876 0.3874802887439728 0.7427099943161011
0.3930132985115051 0.6121063828468323 0.4735405445098877 0.6649060845375061
0.23992308974266052 0.6150528192520142 0.27385398745536804 0.6679753065109253
0.16053517162799835 0.5718731880187988 0.1866648942232132 0.6073806285858154
0.22550509870052338 0.6083065271377563 0.262053519487381 0.6602636575698853
0.15252795815467834 0.5641551613807678 0.1784147322177887 0.5957828164100647
0.7204439640045166 0.025762753561139107 0.7935347557067871 0.05861387401819229
0.25467079877853394 0.6267456412315369 0.288931667804718 0.6795943379402161
0.3930132985115051 0.6121063828468323 0.4735405445098877 0.6649060845375061
0.7211107015609741 0.02574838325381279 0.7949358224868774 0.058740582317113876
0.22512589395046234 0.6174647212028503 0.25119075179100037 0.6602447628974915
