0.26104745268821716 0.631264865398407 0.29990091919898987 0.6905009150505066
0.78806072473526 0.0 0.9813169836997986 0.13952621817588806
0.3911495506763458 0.6120682954788208 0.4717123210430145 0.663673996925354
0.3304832875728607 0.6648076772689819 0.3874413073062897 0.7427123785018921
0.2398548126220703 0.6149293780326843 0.27383291721343994 0.6679815649986267
0.16054683923721313 0.5719175338745117 0.18664228916168213 0.6074519157409668
0.7225610613822937 0.028253355994820595 0.7934955954551697 0.059750817716121674
0.22550462186336517 0.6082644462585449 0.2621302902698517 0.6602269411087036
0.152579665184021 0.5641781091690063 0.17846274375915527 0.5956990718841553
0.25488415360450745 0.6268030405044556 0.28915855288505554 0.6796884536743164
0.2251182645559311 0.6174684762954712 0.2511889636516571 0.6602449417114258
