0.2612934112548828 0.6313672065734863 0.29981541633605957 0.6902629137039185
0.7701995968818665 0.0 0.9705571532249451 0.13833323121070862
0.3308371901512146 0.6647655367851257 0.386874258518219 0.7426868081092834
0.32021287083625793 0.5932644605636597 0.37847891449928284 0.6317853927612305
0.16079169511795044 0.5721294283866882 0.18668672442436218 0.6073201298713684
0.24105098843574524 0.6160858869552612 0.27519282698631287 0.6697640419006348
0.15210334956645966 0.5639268159866333 0.17820720374584198 0.5948344469070435
0.22637656331062317 0.6090672612190247 0.26193663477897644 0.6597053408622742
0.23163378238677979 0.6097757816314697 0.2720864415168762 0.6652401685714722
0.22520190477371216 0.6164005994796753 0.25130054354667664 0.660305380821228
0.05558520555496216 0.43919968605041504 0.39344799518585205 0.7632670402526855
0.27306002378463745 0.5435217618942261 0.3198675513267517 0.5572563409805298
