0.2610950171947479 0.6319886445999146 0.2996065318584442 0.6903222799301147
0.7891920804977417 0.0 0.9628182649612427 0.13890336453914642
0.3298987150192261 0.6635144352912903 0.3868439793586731 0.7423285841941833
0.16037116944789886 0.5720928311347961 0.1862778216600418 0.6073303818702698
0.24072206020355225 0.6166431307792664 0.27483654022216797 0.6696973443031311
0.2814389765262604 0.5834158062934875 0.32784584164619446 0.6162720322608948
0.1527245044708252 0.5645365118980408 0.17856726050376892 0.5949878096580505
0.2272622138261795 0.6095991730690002 0.26224035024642944 0.6599544882774353
0.2255748212337494 0.616858720779419 0.2512005567550659 0.6605498790740967
0.8837012052536011 0.09328928589820862 0.997838020324707 0.33963674306869507
0.28154322504997253 0.5832521319389343 0.3274868428707123 0.6160039305686951
