0.26126372814178467 0.6319026947021484 0.29969239234924316 0.6904797554016113
0.788804829120636 0.0 0.9611967206001282 0.13768510520458221
0.32987529039382935 0.663293719291687 0.38694536685943604 0.742073655128479
0.2767390012741089 0.5801721811294556 0.3231298327445984 0.6142380237579346
0.24097196757793427 0.6168476343154907 0.2746959626674652 0.6700012683868408
0.1604694426059723 0.5720573663711548 0.18643948435783386 0.6070530414581299
0.1525546759366989 0.5643839836120605 0.17855264246463776 0.5948647260665894
0.227277934551239 0.6092410087585449 0.26195332407951355 0.6598497629165649
0.22573691606521606 0.6169834733009338 0.25117823481559753 0.6605733036994934
0.25549325346946716 0.6273477673530579 0.2899167239665985 0.6803810000419617
0.8795170187950134 0.09271150827407837 0.9977185130119324 0.3393075466156006
