0.2611164450645447 0.6309228539466858 0.29993873834609985 0.6902899146080017
0.7876153588294983 0.0 0.9646868109703064 0.13929858803749084
0.33031049370765686 0.6645951271057129 0.3866592347621918 0.7421284914016724
0.2531180679798126 0.5714072585105896 0.2939777076244354 0.6022127270698547
0.24055643379688263 0.6162773370742798 0.27528196573257446 0.6706012487411499
0.16042758524417877 0.5718567967414856 0.18686513602733612 0.6070773005485535
0.1524159014225006 0.5639725923538208 0.17860090732574463 0.5954349040985107
0.22554945945739746 0.6083282828330994 0.26152950525283813 0.6596450209617615
0.23044805228710175 0.610015869140625 0.27173012495040894 0.6649940013885498
0.22529950737953186 0.6180248856544495 0.2509721517562866 0.660144031047821
0.2551212012767792 0.6266689896583557 0.2902580201625824 0.680448591709137
