0.2609682083129883 0.6308785080909729 0.29998779296875 0.6902124285697937
0.7889106273651123 0.0 0.9670451879501343 0.14035579562187195
0.33044278621673584 0.6644909977912903 0.38669639825820923 0.7424570918083191
0.24676983058452606 0.5709811449050903 0.2866663932800293 0.5995179414749146
0.24028359353542328 0.6169401407241821 0.2749750316143036 0.6702029705047607
0.1603885442018509 0.5721069574356079 0.18698565661907196 0.606863260269165
0.15222641825675964 0.5636961460113525 0.17802563309669495 0.5947263240814209
0.2262229472398758 0.6087057590484619 0.26178282499313354 0.6598200798034668
0.22547586262226105 0.6159507632255554 0.2516053020954132 0.6605338454246521
0.2562366724014282 0.6273323893547058 0.29128384590148926 0.6806299090385437
0.22782301902770996 0.5313706994056702 0.265924334526062 0.5561934113502502
