0.26103514432907104 0.6315892934799194 0.30007684230804443 0.6903262138366699
0.7881648540496826 0.0 0.9647942781448364 0.1396176517009735
0.3301309645175934 0.6644526720046997 0.3871020972728729 0.742712140083313
0.23928241431713104 0.615821361541748 0.2732577621936798 0.667648434638977
0.16059473156929016 0.5718398094177246 0.18686893582344055 0.6076918840408325
0.22681401669979095 0.608757495880127 0.26176580786705017 0.6599787473678589
0.1517392247915268 0.5634547472000122 0.1777602881193161 0.5949392318725586
0.2130500078201294 0.5597298741340637 0.24168652296066284 0.5813209414482117
0.22552195191383362 0.6162307858467102 0.2513737082481384 0.660758912563324
0.2535666823387146 0.6262366771697998 0.28920799493789673 0.6796115636825562
