0.2610238492488861 0.6315127611160278 0.30027779936790466 0.690326452255249
0.788575291633606 0.0 0.9688065052032471 0.13978829979896545
0.33026087284088135 0.6646162867546082 0.3871038556098938 0.7429706454277039
0.23968695104122162 0.6161786913871765 0.27358925342559814 0.6679747700691223
0.16062910854816437 0.5718857645988464 0.18697990477085114 0.6075604557991028
0.226251482963562 0.607824444770813 0.2608501613140106 0.6597648859024048
0.6868659853935242 0.6129234433174133 0.7884085774421692 0.6439934372901917
0.1520288735628128 0.5637409687042236 0.17779700458049774 0.5951268672943115
0.20735594630241394 0.5592480301856995 0.23605015873908997 0.578509509563446
0.22537927329540253 0.6165221929550171 0.2508482038974762 0.6603494882583618
0.2532365322113037 0.6261122226715088 0.28899604082107544 0.6795556545257568
