0.2610623240470886 0.63145512342453 0.3001532554626465 0.6903616786003113
0.7882462739944458 0.0 0.9730061292648315 0.1400575339794159
0.3302125036716461 0.6633353233337402 0.3870072662830353 0.7428147792816162
0.6584885120391846 0.6096993684768677 0.7595833539962769 0.6397956609725952
0.24001701176166534 0.6165831089019775 0.2740044593811035 0.6682319641113281
0.16069349646568298 0.5718855261802673 0.18721622228622437 0.60765141248703
0.22596260905265808 0.6078433990478516 0.26073703169822693 0.6599005460739136
0.15203070640563965 0.5636048316955566 0.17796927690505981 0.5951547622680664
0.2057446837425232 0.5580876469612122 0.2348368763923645 0.5778270363807678
0.2251669466495514 0.617100715637207 0.2508490979671478 0.6603342294692993
0.880115270614624 0.10798780620098114 0.9976803064346313 0.3420349955558777
0.7869246006011963 0.600639820098877 0.8186750411987305 0.6548596620559692
0.25333601236343384 0.6261979937553406 0.289050817489624 0.6797187924385071
