0.26103225350379944 0.6314973831176758 0.30012986063957214 0.6903954744338989
0.788083016872406 0.0 0.9661858677864075 0.14024004340171814
0.3300391137599945 0.6646778583526611 0.3873659074306488 0.7432019710540771
0.5592594146728516 0.5974566340446472 0.6485805511474609 0.6234588027000427
0.241029754281044 0.6170823574066162 0.2748739719390869 0.6700490713119507
0.16052943468093872 0.5720967650413513 0.1871280074119568 0.6076530814170837
0.20217081904411316 0.5569924116134644 0.2303738296031952 0.5769671201705933
0.22706171870231628 0.6084275841712952 0.26157066226005554 0.6596906781196594
0.1518954336643219 0.5634878277778625 0.17785054445266724 0.5949875712394714
0.23149465024471283 0.610110878944397 0.27251267433166504 0.6651147603988647
0.22555740177631378 0.6167231202125549 0.25117427110671997 0.6605662703514099
0.2724795639514923 0.5552293062210083 0.3146257698535919 0.5654534101486206
0.558350682258606 0.5978652834892273 0.6511430740356445 0.6254751086235046
0.2542584240436554 0.6267661452293396 0.2893444001674652 0.6800218224525452
