0.2610355019569397 0.6315545439720154 0.30013972520828247 0.6904720664024353
0.788414478302002 0.0 0.9676051139831543 0.13980478048324585
0.33009880781173706 0.6632489562034607 0.3870850205421448 0.742535412311554
0.24013182520866394 0.6163427233695984 0.27400442957878113 0.6681948304176331
0.16063471138477325 0.5721444487571716 0.18717513978481293 0.6071860194206238
0.2262696474790573 0.6083514094352722 0.2608993649482727 0.6599354147911072
0.6266212463378906 0.6045839786529541 0.7108414173126221 0.6325428485870361
0.1517920196056366 0.5635709166526794 0.17778626084327698 0.5946863293647766
0.20458164811134338 0.5578332543373108 0.2334812581539154 0.577484667301178
0.22509989142417908 0.6177029013633728 0.25078392028808594 0.6603025794029236
0.26665160059928894 0.553025484085083 0.30673667788505554 0.5637019872665405
0.2541140913963318 0.6265737414360046 0.2896345257759094 0.6801469922065735
