0.2610519230365753 0.6315386295318604 0.300144225358963 0.6904932260513306
0.7883372902870178 0.0 0.9692093729972839 0.13976715505123138
0.3300522565841675 0.663323700428009 0.3869384527206421 0.7425114512443542
0.6357916593551636 0.6054491996765137 0.7313770055770874 0.6395988464355469
0.2400682270526886 0.6164422035217285 0.2739239037036896 0.6679866313934326
0.16061004996299744 0.5720583200454712 0.18710917234420776 0.6071869134902954
0.22619064152240753 0.6081277132034302 0.26123127341270447 0.6598793268203735
0.15197545289993286 0.5636921525001526 0.1778818666934967 0.5949175953865051
0.2044992446899414 0.5581004619598389 0.23360559344291687 0.5775942802429199
0.22532017529010773 0.6159349083900452 0.25148868560791016 0.6605405211448669
0.26667577028274536 0.553322434425354 0.30422669649124146 0.5637670755386353
0.8827030658721924 0.10756652802228928 0.9976822137832642 0.34247758984565735
0.2539384067058563 0.6266031265258789 0.2894299328327179 0.6800566911697388
