0.2609233856201172 0.6313703060150146 0.299774706363678 0.6901227235794067
0.788696825504303 0.0 0.9612817168235779 0.13835690915584564
0.3298756778240204 0.6647260189056396 0.3873656690120697 0.7430639266967773
0.23994091153144836 0.6160804033279419 0.2738353908061981 0.668013334274292
0.1603011190891266 0.5720968842506409 0.18704289197921753 0.6073660254478455
0.5530149936676025 0.5960567593574524 0.6363857984542847 0.6215671896934509
0.22676508128643036 0.6084181070327759 0.26145949959754944 0.6599240303039551
0.20202216506004333 0.5570179224014282 0.22986716032028198 0.5767291784286499
0.15211547911167145 0.563934326171875 0.17787806689739227 0.595372200012207
0.556381106376648 0.5965015292167664 0.6395080089569092 0.6248778700828552
0.5861292481422424 0.6035743355751038 0.6361750960350037 0.6242584586143494
0.25479409098625183 0.6268562078475952 0.2899602949619293 0.6803104877471924
0.22538766264915466 0.6161550283432007 0.25105705857276917 0.6602791547775269
