0.2611050307750702 0.6310653686523438 0.29983052611351013 0.6902319192886353
0.32989630103111267 0.6617375612258911 0.38644853234291077 0.7418787479400635
0.7872480154037476 0.0 0.9640876054763794 0.1406545639038086
0.2394874095916748 0.6152868270874023 0.2735816240310669 0.667693018913269
0.1604166328907013 0.5717092752456665 0.18652769923210144 0.6075392961502075
0.22547030448913574 0.6080726981163025 0.26196810603141785 0.6598969101905823
0.15339525043964386 0.5652558207511902 0.17783276736736298 0.5972478985786438
0.17745855450630188 0.5478427410125732 0.19737866520881653 0.5635385513305664
0.25547632575035095 0.6270788311958313 0.290398508310318 0.6803069710731506
0.22490039467811584 0.6167975664138794 0.25123131275177 0.6604111194610596
0.8739472031593323 0.10722997039556503 0.9974473118782043 0.3427095115184784
