0.2611652612686157 0.6311895251274109 0.2997288703918457 0.6904870867729187
0.33004114031791687 0.6650116443634033 0.38703951239585876 0.7420530319213867
0.23967014253139496 0.6156218647956848 0.2736724317073822 0.6680776476860046
0.5490677356719971 0.0019058510661125183 0.6858534812927246 0.11763552576303482
0.16024339199066162 0.5715668797492981 0.18746748566627502 0.607379138469696
0.2252669632434845 0.6081895232200623 0.26058733463287354 0.6603122353553772
0.15158438682556152 0.5642489790916443 0.1777362823486328 0.595243513584137
0.5504621267318726 0.0003669634461402893 0.690936803817749 0.11702281981706619
0.1452072113752365 0.5329206585884094 0.16221673786640167 0.5478846430778503
0.2553316354751587 0.6269218325614929 0.29017895460128784 0.6804743409156799
