0.2609570026397705 0.6313788294792175 0.2995949983596802 0.6905516982078552
0.4742546081542969 0.07672491669654846 0.571556568145752 0.17809513211250305
0.33004510402679443 0.6656818389892578 0.38714098930358887 0.742664098739624
0.2389899492263794 0.6153958439826965 0.2732408046722412 0.6674920916557312
0.16040299832820892 0.571885883808136 0.18618734180927277 0.6073734164237976
0.22567218542099 0.6081721782684326 0.26217153668403625 0.6604558229446411
0.15210874378681183 0.5644434094429016 0.17832247912883759 0.5952470898628235
0.43170467019081116 0.5897377133369446 0.5054867267608643 0.6061510443687439
0.47394201159477234 0.07669626176357269 0.5727764964103699 0.1837647408246994
0.2547377049922943 0.6268824934959412 0.28972747921943665 0.6800439953804016
0.22510488331317902 0.615877628326416 0.2511467933654785 0.6607295274734497
