0.26094910502433777 0.6313784718513489 0.29961809515953064 0.6905723214149475
0.33006221055984497 0.6655461192131042 0.3871361017227173 0.7427607178688049
0.4686257243156433 0.083611398935318 0.566796600818634 0.18603083491325378
0.2390289604663849 0.6153860092163086 0.273397833108902 0.6677285432815552
0.16039437055587769 0.5717961192131042 0.18610814213752747 0.6075518727302551
0.22534339129924774 0.6080471277236938 0.2620065212249756 0.6604630947113037
0.15225525200366974 0.5645428895950317 0.17839480936527252 0.5953830480575562
0.43862777948379517 0.5903460383415222 0.5156638026237488 0.6057175993919373
0.2548844516277313 0.6269555687904358 0.28969600796699524 0.6801219582557678
0.4671739935874939 0.0854010060429573 0.5647516846656799 0.1895633339881897
0.2247195839881897 0.615803599357605 0.2512488067150116 0.6607222557067871
