0.260952889919281 0.6313977837562561 0.299663245677948 0.6904223561286926
0.33004024624824524 0.665749728679657 0.3871484100818634 0.7427238821983337
0.48907455801963806 0.054475054144859314 0.5922916531562805 0.15597930550575256
0.2393665909767151 0.6158959269523621 0.273409366607666 0.6676891446113586
0.16033388674259186 0.5716896653175354 0.18632285296916962 0.607418954372406
0.2256239652633667 0.6082026362419128 0.26163557171821594 0.6600001454353333
0.15223126113414764 0.564621090888977 0.17851032316684723 0.5956666469573975
0.2548845112323761 0.6270332932472229 0.2897736728191376 0.6800546050071716
0.22499112784862518 0.6165763139724731 0.2511325478553772 0.6605198383331299
0.49058493971824646 0.05687869340181351 0.5932838320732117 0.15998226404190063
