0.26090148091316223 0.6313742995262146 0.29977497458457947 0.690005362033844
0.330140084028244 0.6656126976013184 0.38692405819892883 0.7422994375228882
0.8935272693634033 0.6570656299591064 1.0 0.6927155256271362
0.45175397396087646 0.5619218349456787 0.578082799911499 0.6739121675491333
0.23942197859287262 0.6150811314582825 0.27377137541770935 0.6677680611610413
0.22556065022945404 0.6079137921333313 0.2625049650669098 0.6603118777275085
0.1606496274471283 0.5719782710075378 0.18616968393325806 0.6070255637168884
0.1516066938638687 0.5640573501586914 0.1779734045267105 0.5950878858566284
0.45175397396087646 0.5619218349456787 0.578082799911499 0.6739121675491333
0.2562325894832611 0.6276251673698425 0.29089561104774475 0.6804952025413513
0.22484281659126282 0.6163361668586731 0.25111111998558044 0.6604213118553162
