0.26091888546943665 0.6311981678009033 0.29962602257728577 0.6902323961257935
0.3300572335720062 0.6656120419502258 0.3870984613895416 0.742246687412262
0.23902305960655212 0.6147047877311707 0.27341482043266296 0.6672517657279968
0.16083642840385437 0.5717166662216187 0.18700498342514038 0.6073282957077026
0.22562795877456665 0.6077576875686646 0.2635917067527771 0.6601071357727051
0.7655397057533264 0.6799263954162598 0.9991888403892517 0.8167740106582642
0.15212950110435486 0.5637608766555786 0.17794644832611084 0.5957212448120117
0.22569766640663147 0.6149702668190002 0.2521071135997772 0.6603627800941467
0.2560703754425049 0.627575159072876 0.29068952798843384 0.680316686630249
0.7624264359474182 0.6801393628120422 0.9970499873161316 0.818075954914093
