0.2609211504459381 0.6311861276626587 0.29961100220680237 0.6902306079864502
0.3300652503967285 0.6656102538108826 0.38708847761154175 0.7423165440559387
0.23905780911445618 0.6147246360778809 0.2734846770763397 0.6673256158828735
0.16086643934249878 0.5732516050338745 0.1872996985912323 0.6072229146957397
0.22560375928878784 0.6077446341514587 0.2636489272117615 0.6601386666297913
0.1514701247215271 0.5637657642364502 0.17870935797691345 0.594173789024353
0.7480366826057434 0.6729348301887512 0.9974334836006165 0.81146639585495
0.5324368476867676 0.03333686292171478 0.6069525480270386 0.059326522052288055
0.22567984461784363 0.6149981021881104 0.2520952522754669 0.6603703498840332
0.25610071420669556 0.6275759935379028 0.2907675504684448 0.6803874969482422
0.7461980581283569 0.6733905673027039 0.9994186162948608 0.8138386607170105
