0.40981537103652954 0.42416298389434814 0.4840567111968994 0.5367942452430725
0.2608165144920349 0.6312001347541809 0.2999420762062073 0.6901902556419373
0.3299793601036072 0.6652266979217529 0.38675129413604736 0.7422319650650024
0.24085071682929993 0.615974485874176 0.2745906412601471 0.6697203516960144
0.15983085334300995 0.5706399083137512 0.18699966371059418 0.6068940758705139
0.22692033648490906 0.6088750958442688 0.2617781162261963 0.6600778698921204
0.1641671061515808 0.5462185740470886 0.18942156434059143 0.5682308077812195
0.15383683145046234 0.5667104125022888 0.18228544294834137 0.5993906855583191
0.22569482028484344 0.61573326587677 0.25174185633659363 0.6605626344680786
0.25515562295913696 0.6271977424621582 0.2905569076538086 0.6804084777832031
0.14953476190567017 0.5643215179443359 0.17686742544174194 0.5924285650253296
