0.562093198299408 0.07452154159545898 0.787424623966217 0.20120278000831604
0.4237300157546997 0.30665460228919983 0.5592246055603027 0.3699609339237213
0.14260564744472504 0.2713770568370819 0.1927286833524704 0.30213597416877747
0.43838363885879517 0.46979454159736633 0.592095673084259 0.5402417182922363
0.23820090293884277 0.25467824935913086 0.3126101493835449 0.2958377003669739
0.13019706308841705 0.20796290040016174 0.18709097802639008 0.2568829655647278
0.6278667449951172 0.21978986263275146 0.8382126092910767 0.3213678002357483
0.3081538677215576 0.32170701026916504 0.39809250831604004 0.36575376987457275
0.14063885807991028 0.32928186655044556 0.18342819809913635 0.3578450679779053
0.19642521440982819 0.41164514422416687 0.2571609616279602 0.44711998105049133
0.2624428868293762 0.4388226866722107 0.3475204110145569 0.48383188247680664
0.2418760359287262 0.1374536156654358 0.2944503724575043 0.15218153595924377
0.07704389095306396 0.36750733852386475 0.11522001028060913 0.3921557068824768
0.12644173204898834 0.38129061460494995 0.18317706882953644 0.41239476203918457
0.00954011082649231 0.058956682682037354 0.8052312135696411 0.7926536798477173
0.26571574807167053 0.3212246000766754 0.32095614075660706 0.3584555685520172
0.6278667449951172 0.21978986263275146 0.8382126092910767 0.3213678002357483
0.09835435450077057 0.32304272055625916 0.1349930614233017 0.34657368063926697
0.06230964511632919 0.31977176666259766 0.10324140638113022 0.3417903184890747
0.03732147812843323 0.35623615980148315 0.08242185413837433 0.3819010853767395
0.041351936757564545 0.3169097304344177 0.06480047851800919 0.3355478048324585
0.03341386094689369 0.28432244062423706 0.05100079998373985 0.29935961961746216
0.01634886860847473 0.08800838887691498 0.6605021953582764 0.574683427810669
0.01686646230518818 0.34364476799964905 0.04218761622905731 0.3588145673274994
0.1259417086839676 0.381203830242157 0.18305517733097076 0.4124852418899536
0.26232966780662537 0.4390261471271515 0.347571462392807 0.48401084542274475
0.19170548021793365 0.33057260513305664 0.2564186751842499 0.3637550473213196
0.05377640575170517 0.358028769493103 0.08394505828619003 0.3828555941581726
0.20086631178855896 0.3274717330932617 0.2655971944332123 0.3639751076698303
