0.42833244800567627 0.3048340082168579 0.5645473003387451 0.36913639307022095
0.624646008014679 0.0274781733751297 0.8910887837409973 0.17392604053020477
0.4619824290275574 0.4714036285877228 0.6267017722129822 0.5463494062423706
0.25651201605796814 0.24660544097423553 0.33632704615592957 0.29335105419158936
0.15305858850479126 0.27040213346481323 0.20676106214523315 0.30153554677963257
0.6375388503074646 0.2125682234764099 0.8578376173973083 0.31825435161590576
0.12983456254005432 0.20792074501514435 0.1886780560016632 0.25665825605392456
0.3103611469268799 0.3212296664714813 0.40132391452789307 0.36581334471702576
0.27177882194519043 0.44172394275665283 0.3600485920906067 0.48663759231567383
0.14419426023960114 0.32988813519477844 0.18672825396060944 0.35869327187538147
0.23780395090579987 0.13818715512752533 0.29337090253829956 0.1528225690126419
0.13011221587657928 0.38265135884284973 0.18738491833209991 0.41422322392463684
0.08107984811067581 0.3688816726207733 0.11848811060190201 0.39333561062812805
0.20094820857048035 0.4130558371543884 0.2646081745624542 0.4501156210899353
0.006050139665603638 0.03773707151412964 0.8156653642654419 0.793117880821228
0.034312084317207336 0.2828005254268646 0.05716349184513092 0.30001428723335266
0.10255101323127747 0.3236449062824249 0.13791903853416443 0.3474929630756378
0.03756967559456825 0.3564565181732178 0.08553571999073029 0.3819865584373474
0.6382485628128052 0.2124195247888565 0.8595167398452759 0.318438321352005
0.020574457943439484 0.3449214994907379 0.04646424204111099 0.3602582514286041
0.06570234894752502 0.31966423988342285 0.10638825595378876 0.3418276309967041
0.25921395421028137 0.3200196921825409 0.3238769471645355 0.3590780794620514
0.46082815527915955 0.4722244143486023 0.6241983771324158 0.5448259711265564
0.19477598369121552 0.3303288221359253 0.2614656090736389 0.36438727378845215
0.028780456632375717 0.3172033131122589 0.04682591184973717 0.33274802565574646
0.04454407840967178 0.31716927886009216 0.07028618454933167 0.33616432547569275
0.6260616183280945 0.02684001624584198 0.891449511051178 0.17512540519237518
0.2017330527305603 0.41296884417533875 0.2663477957248688 0.44847092032432556
0.2017330527305603 0.41296884417533875 0.2663477957248688 0.44847092032432556
0.23041445016860962 0.3195125162601471 0.2994620203971863 0.35788872838020325
0.0 0.14032909274101257 0.3799987733364105 0.48593249917030334
0.015134990215301514 0.07036560773849487 0.6735329627990723 0.5898874998092651
0.1294827163219452 0.38242107629776 0.18761175870895386 0.41383594274520874
0.20797456800937653 0.3219603896141052 0.27783021330833435 0.3614344000816345
