0.47793373465538025 0.29180338978767395 0.6266133785247803 0.3634081780910492
0.34865444898605347 0.45541656017303467 0.4640994668006897 0.5089560151100159
0.47335362434387207 0.12926949560642242 0.6420667171478271 0.23023711144924164
0.34124261140823364 0.3143206536769867 0.4515090584754944 0.36560937762260437
0.2596362233161926 0.24206021428108215 0.337618350982666 0.2868625819683075
0.1295347958803177 0.20856420695781708 0.1877598911523819 0.25663048028945923
0.24750852584838867 0.42759042978286743 0.323264479637146 0.46719133853912354
0.09942858666181564 0.37602436542510986 0.14445267617702484 0.40318405628204346
0.697131335735321 0.4771497845649719 0.9959093928337097 0.579825222492218
0.22216518223285675 0.1414620280265808 0.27524879574775696 0.15504464507102966
0.24898608028888702 0.3163447082042694 0.3438189923763275 0.35882851481437683
0.08113393932580948 0.27961593866348267 0.11373092979192734 0.30174940824508667
0.1601002812385559 0.3317655026912689 0.2100381851196289 0.3629792630672455
0.0632127895951271 0.36270302534103394 0.10524014383554459 0.39014023542404175
0.7380348443984985 0.17241032421588898 0.9992655515670776 0.29486924409866333
0.15446805953979492 0.39091727137565613 0.21719211339950562 0.42679956555366516
0.12129183858633041 0.3248576819896698 0.15864400565624237 0.35144540667533875
0.21455666422843933 0.3319033086299896 0.2727796137332916 0.3652576506137848
0.03640935197472572 0.3510039448738098 0.06569665670394897 0.36855483055114746
0.008779645897448063 0.33737415075302124 0.02939210832118988 0.35388416051864624
0.031800225377082825 0.2877350151538849 0.05425307899713516 0.30461761355400085
0.0813259556889534 0.3213183581829071 0.12308704107999802 0.34470614790916443
0.7380348443984985 0.17241032421588898 0.9992655515670776 0.29486924409866333
0.05459742993116379 0.31723353266716003 0.08267945796251297 0.3383770287036896
0.15463091433048248 0.39097562432289124 0.21670196950435638 0.4265049397945404
0.16201385855674744 0.3316643238067627 0.20927509665489197 0.36348259449005127
0.0004678666591644287 0.05955815315246582 0.9443225860595703 0.9024616479873657
0.24898608028888702 0.3163447082042694 0.3438189923763275 0.35882851481437683
0.026062244549393654 0.3157423734664917 0.04914794862270355 0.3335844874382019
0.0632127895951271 0.36270302534103394 0.10524014383554459 0.39014023542404175
0.21455666422843933 0.3319033086299896 0.2727796137332916 0.3652576506137848
0.24801526963710785 0.42758190631866455 0.32357633113861084 0.46739375591278076
0.20802181959152222 0.3318931758403778 0.25029897689819336 0.3639395534992218
0.03289233148097992 0.31664973497390747 0.054026179015636444 0.3342369794845581
