0.6540263891220093 0.0019101426005363464 0.9126173257827759 0.14823728799819946
0.5404332876205444 0.2655128240585327 0.7311180830001831 0.3553045392036438
0.4044106900691986 0.2998625636100769 0.5355747938156128 0.3601565957069397
0.3451497554779053 0.4468744099140167 0.44960302114486694 0.4981236755847931
0.13001354038715363 0.20700331032276154 0.18806473910808563 0.2564351558685303
0.21421866118907928 0.26502710580825806 0.2762935161590576 0.3013561964035034
0.10114003717899323 0.28024816513061523 0.1397571712732315 0.305881142616272
0.23371200263500214 0.3320188820362091 0.3127061426639557 0.369599848985672
0.061873458325862885 0.36016860604286194 0.09696204215288162 0.37907037138938904
0.03010610118508339 0.3464650809764862 0.058124836534261703 0.36583051085472107
0.04290178418159485 0.2824934720993042 0.07072817534208298 0.30327659845352173
0.8975330591201782 0.13410967588424683 0.9991815090179443 0.26220718026161194
0.20030811429023743 0.15269306302070618 0.25099074840545654 0.1665748655796051
0.593274712562561 0.47691240906715393 0.8355406522750854 0.5584001541137695
0.1355043202638626 0.32802480459213257 0.18005694448947906 0.35705405473709106
0.13683927059173584 0.3884894847869873 0.19025105237960815 0.421514630317688
0.5927717089653015 0.4776930809020996 0.8336682915687561 0.5576697587966919
0.06999725103378296 0.3713001012802124 0.1373506635427475 0.4042171835899353
0.28252285718917847 0.31125175952911377 0.39450180530548096 0.35972994565963745
0.008537192828953266 0.33723220229148865 0.02999664470553398 0.3535784184932709
0.28401654958724976 0.3115140497684479 0.3930204510688782 0.3590606153011322
0.060736119747161865 0.31855693459510803 0.09646685421466827 0.34379228949546814
0.17957618832588196 0.33179816603660583 0.23530134558677673 0.36579474806785583
0.19318655133247375 0.40515583753585815 0.2678111493587494 0.44461119174957275
0.012516885995864868 0.04409283399581909 0.8818987607955933 0.9113045930862427
0.17863988876342773 0.33196184039115906 0.23600879311561584 0.36575815081596375
0.09377220273017883 0.322924941778183 0.14045722782611847 0.3483187258243561
0.1366170346736908 0.38840240240097046 0.19052231311798096 0.42142796516418457
0.8936829566955566 0.12323296070098877 0.9992870092391968 0.26409563422203064
0.19318655133247375 0.40515583753585815 0.2678111493587494 0.44461119174957275
0.04058974236249924 0.3175046443939209 0.07239817082881927 0.3365257978439331
0.19318655133247375 0.40515583753585815 0.2678111493587494 0.44461119174957275
