0.6678525805473328 0.2112250179052353 0.9323218464851379 0.3305606245994568
0.6294106841087341 0.45605477690696716 0.845424473285675 0.5369110107421875
0.26428359746932983 0.24847082793712616 0.3458959460258484 0.2946147322654724
0.12926720082759857 0.21771913766860962 0.18823985755443573 0.2554367184638977
0.2809220552444458 0.32977280020713806 0.37839919328689575 0.37436744570732117
0.44633036851882935 0.28847736120224 0.5906285643577576 0.3546079397201538
0.593166708946228 0.05372758209705353 0.8233526945114136 0.1903139054775238
0.18422263860702515 0.15900804102420807 0.2288072407245636 0.1697091907262802
0.19737255573272705 0.3324803113937378 0.25703802704811096 0.36773890256881714
0.11105946451425552 0.2792932987213135 0.1471140831708908 0.3049001097679138
0.014303384348750114 0.2830924093723297 0.048314087092876434 0.3010556399822235
0.061490267515182495 0.35723239183425903 0.08925145864486694 0.3779214024543762
0.5944010019302368 0.053378328680992126 0.8245469331741333 0.1915566325187683
0.027263859286904335 0.3459240198135376 0.05603690445423126 0.36568278074264526
0.1535627245903015 0.33189257979393005 0.19338387250900269 0.36178818345069885
0.0988626703619957 0.38169190287590027 0.17525380849838257 0.4184046685695648
0.3390744924545288 0.3056912124156952 0.4604250192642212 0.3569015562534332
0.17717789113521576 0.403740257024765 0.24126817286014557 0.44378307461738586
0.006746917963027954 0.04584649205207825 0.886824369430542 0.826736330986023
0.33668795228004456 0.01415925845503807 0.41392454504966736 0.036670442670583725
0.10975463688373566 0.3246728777885437 0.1589728444814682 0.3509174585342407
0.24164238572120667 0.4231397211551666 0.3337567150592804 0.46729376912117004
0.02245485782623291 0.051063090562820435 0.7817717790603638 0.5318689346313477
0.2407158613204956 0.4226871132850647 0.33393073081970215 0.46717703342437744
0.0 0.30280330777168274 0.043758947402238846 0.32996007800102234
0.06805462390184402 0.31946903467178345 0.10648015886545181 0.3425217270851135
0.0 0.30280330777168274 0.043758947402238846 0.32996007800102234
0.17713981866836548 0.4034636318683624 0.2414710521697998 0.44298771023750305
0.05273014307022095 0.3193977177143097 0.09854552149772644 0.3431055247783661
0.0923694297671318 0.37208354473114014 0.1306534856557846 0.393308162689209
0.24164238572120667 0.4231397211551666 0.3337567150592804 0.46729376912117004
0.010337412357330322 0.12544852495193481 0.3880228102207184 0.4614883065223694
0.34084486961364746 0.30473485589027405 0.46129143238067627 0.3573286831378937
0.09835830330848694 0.3814376890659332 0.17587605118751526 0.41878774762153625
0.4489939212799072 0.28939884901046753 0.5865862369537354 0.35521334409713745
0.03291824460029602 0.03645649552345276 0.9600539207458496 0.9692347049713135
0.6294106841087341 0.45605477690696716 0.845424473285675 0.5369110107421875
