0.5016421675682068 0.12644079327583313 0.6769433617591858 0.22912684082984924
0.9100608229637146 0.15303681790828705 0.9986452460289001 0.2756231129169464
0.1706634759902954 0.2707906663417816 0.23130235075950623 0.3040330111980438
0.5051202178001404 0.2664361596107483 0.6670649647712708 0.3468291759490967
0.2935623526573181 0.327423632144928 0.4003615975379944 0.3750190734863281
0.12861226499080658 0.21846723556518555 0.1884692758321762 0.25517892837524414
0.0427108108997345 0.3518228530883789 0.07388010621070862 0.3726266026496887
0.03618374094367027 0.2802102565765381 0.07343599200248718 0.30290013551712036
0.17516227066516876 0.16315031051635742 0.21823547780513763 0.17553988099098206
0.07887357473373413 0.3635886013507843 0.10949751734733582 0.3865559995174408
0.2101956307888031 0.3325955271720886 0.2753508985042572 0.3692942261695862
0.20625533163547516 0.4153745174407959 0.27667343616485596 0.4577831029891968
0.3556677997112274 0.3005533218383789 0.4934382140636444 0.3574003577232361
0.3134235143661499 0.04749072715640068 0.38386839628219604 0.06682956218719482
0.00047826021909713745 0.308013916015625 0.05682654678821564 0.3338412046432495
0.27387431263923645 0.4324972629547119 0.3806227147579193 0.4815317392349243
0.17523644864559174 0.33314943313598633 0.21037833392620087 0.3640178442001343
0.11762192845344543 0.38780197501182556 0.1993197798728943 0.4276406466960907
0.35444045066833496 0.30049413442611694 0.4946858882904053 0.3571615219116211
0.27379584312438965 0.433082640171051 0.3807399272918701 0.48152798414230347
0.16181327402591705 0.33171889185905457 0.2007875293493271 0.36175230145454407
0.20625533163547516 0.4153745174407959 0.27667343616485596 0.4577831029891968
0.11043255776166916 0.3781502842903137 0.15254364907741547 0.4024549722671509
0.08397114276885986 0.3192547857761383 0.11587502062320709 0.3436908423900604
0.006995290517807007 0.021405905485153198 0.9104773998260498 0.881941556930542
0.35444045066833496 0.30049413442611694 0.4946858882904053 0.3571615219116211
0.11539053916931152 0.32567277550697327 0.168582022190094 0.35321149230003357
0.053814031183719635 0.3199021518230438 0.08724825829267502 0.3428848087787628
0.20625533163547516 0.4153745174407959 0.27667343616485596 0.4577831029891968
0.011669784784317017 0.01661732792854309 0.8154006004333496 0.577621340751648
1.3243407011032104e-06 0.3073621988296509 0.05758122354745865 0.33351975679397583
0.18495169281959534 0.33450400829315186 0.2166042923927307 0.36375999450683594
0.27379584312438965 0.433082640171051 0.3807399272918701 0.48152798414230347
0.0649927482008934 0.31964629888534546 0.10130908340215683 0.3424941897392273
0.006039872765541077 0.0958789736032486 0.4157690405845642 0.47829997539520264
