0.4562262296676636 0.2852421700954437 0.6037025451660156 0.3542121350765228
0.13017193973064423 0.2076193392276764 0.1887500137090683 0.25607410073280334
0.11994445323944092 0.2786644697189331 0.16988810896873474 0.30483174324035645
0.32460540533065796 0.22381266951560974 0.4237893223762512 0.28028371930122375
0.28482019901275635 0.3280670642852783 0.38672178983688354 0.3745579719543457
0.7779703736305237 0.44294679164886475 0.9995259642601013 0.5383132696151733
0.020775774493813515 0.28266698122024536 0.05528485029935837 0.30168527364730835
0.7671504020690918 0.0013787969946861267 0.9992817640304565 0.12087776511907578
0.20193307101726532 0.33313173055648804 0.26180729269981384 0.3687722682952881
0.7192202210426331 0.18107745051383972 1.0 0.31943652033805847
0.34806692600250244 0.30365443229675293 0.4727531671524048 0.35888898372650146
0.06638256460428238 0.3588421642780304 0.09643424302339554 0.3806786835193634
0.18601039052009583 0.4076220989227295 0.25119805335998535 0.44794541597366333
0.34806692600250244 0.30365443229675293 0.4727531671524048 0.35888898372650146
0.25068825483322144 0.42519938945770264 0.34723734855651855 0.47096097469329834
0.16817861795425415 0.3331022262573242 0.19936129450798035 0.36303526163101196
0.1556997448205948 0.3322944939136505 0.1944846659898758 0.3626863658428192
0.01609399914741516 0.01406639814376831 0.8778636455535889 0.6730744242668152
0.18188580870628357 0.16022038459777832 0.22590869665145874 0.17243066430091858
0.11015568673610687 0.32485654950141907 0.16445548832416534 0.3524119555950165
0.3283914625644684 0.02519577369093895 0.40151795744895935 0.050305794924497604
0.03051779977977276 0.34865057468414307 0.06052599847316742 0.3677629828453064
0.0997341126203537 0.3738313913345337 0.13768832385540009 0.39496028423309326
0.0533696711063385 0.31976956129074097 0.09826616942882538 0.3431471586227417
0.000509379431605339 0.30685803294181824 0.04905587434768677 0.33207061886787415
0.10389488935470581 0.38378870487213135 0.1827099323272705 0.4217052459716797
0.07212892919778824 0.31969231367111206 0.10788749903440475 0.34230345487594604
0.24999623000621796 0.4245942533016205 0.3471023440361023 0.470795601606369
0.18922729790210724 0.40760505199432373 0.2512887418270111 0.44701045751571655
0.000509379431605339 0.30685803294181824 0.04905587434768677 0.33207061886787415
0.25068825483322144 0.42519938945770264 0.34723734855651855 0.47096097469329834
0.7793569564819336 0.44368740916252136 0.9992419481277466 0.5385053157806396
0.012304902076721191 0.16332274675369263 0.41807764768600464 0.4685820937156677
0.34806692600250244 0.30365443229675293 0.4727531671524048 0.35888898372650146
0.10305416584014893 0.38345205783843994 0.18352878093719482 0.4219908118247986
