0.6872254610061646 0.2002660185098648 0.9713783264160156 0.32542288303375244
0.2934732437133789 0.23814186453819275 0.38102221488952637 0.28974440693855286
0.44936513900756836 0.2872571647167206 0.5939004421234131 0.35486099123954773
0.12930843234062195 0.21535687148571014 0.18819454312324524 0.255234956741333
0.28264865279197693 0.33025825023651123 0.38463184237480164 0.37500089406967163
0.1178196370601654 0.2790149748325348 0.15760746598243713 0.30448928475379944
0.2043442726135254 0.33308660984039307 0.2589717507362366 0.36813628673553467
0.695162832736969 0.45151054859161377 0.9449314475059509 0.5359905362129211
0.017683804035186768 0.28368866443634033 0.05119575560092926 0.3010931611061096
0.6703441143035889 0.0006157979369163513 0.9554052352905273 0.15943247079849243
0.028677474707365036 0.3474459648132324 0.05869269743561745 0.36659592390060425
0.18302294611930847 0.159633070230484 0.22873762249946594 0.1716998815536499
0.3434067964553833 0.30471906065940857 0.4685068130493164 0.357403427362442
0.6754598021507263 0.0024707987904548645 0.9531151652336121 0.16050541400909424
0.24921265244483948 0.4255252778530121 0.341021329164505 0.46892794966697693
0.18194462358951569 0.4053539037704468 0.24670030176639557 0.4450949430465698
0.15089842677116394 0.33187755942344666 0.1931535303592682 0.36192014813423157
0.06541693955659866 0.35817447304725647 0.09284161776304245 0.3802734911441803
0.18194462358951569 0.4053539037704468 0.24670030176639557 0.4450949430465698
0.16763406991958618 0.3331298530101776 0.198830246925354 0.36306801438331604
0.6802968382835388 0.0011219754815101624 0.9510566592216492 0.16002517938613892
0.09458596259355545 0.37304964661598206 0.13354264199733734 0.3930789530277252
0.1094222217798233 0.32459431886672974 0.15956781804561615 0.3515784740447998
8.141621947288513e-06 0.30401381850242615 0.0468955934047699 0.33087942004203796
0.010051220655441284 0.017804384231567383 0.9114127159118652 0.6853349804878235
0.1006719246506691 0.38194650411605835 0.17852464318275452 0.419994592666626
0.10212633013725281 0.3793010711669922 0.17795076966285706 0.41972869634628296
0.05334373936057091 0.31944385170936584 0.09801885485649109 0.34303608536720276
0.06955567747354507 0.3193698823451996 0.1065506860613823 0.3420359790325165
0.2458900362253189 0.42387834191322327 0.34082290530204773 0.4687759578227997
0.3434067964553833 0.30471906065940857 0.4685068130493164 0.357403427362442
8.141621947288513e-06 0.30401381850242615 0.0468955934047699 0.33087942004203796
0.3431955873966217 0.3040104806423187 0.46927788853645325 0.35789796710014343
0.2478499561548233 0.4248461127281189 0.34063732624053955 0.4689486026763916
