0.23166991770267487 0.3324184715747833 0.3093794584274292 0.37199851870536804
0.6842213869094849 0.7132493853569031 0.9866311550140381 0.8457056879997253
0.1300392597913742 0.20696817338466644 0.1886204034090042 0.25559231638908386
0.3238010108470917 0.3233826756477356 0.44002845883369446 0.37490367889404297
0.07906224578619003 0.2790261507034302 0.12617036700248718 0.30584967136383057
0.32001933455467224 0.44569292664527893 0.4476604759693146 0.4961601793766022
0.18373404443264008 0.33182185888290405 0.23584218323230743 0.36508989334106445
0.8001596927642822 0.15347686409950256 0.999984860420227 0.2880314886569977
0.09767086803913116 0.3714922368526459 0.13550879061222076 0.39681777358055115
0.35596027970314026 0.2000068575143814 0.48158571124076843 0.2694852352142334
0.35849976539611816 0.035448525100946426 0.4363067150115967 0.05783705785870552
0.06127512454986572 0.35920876264572144 0.09672610461711884 0.3806724548339844
0.3355734348297119 0.00031528249382972717 0.4082828164100647 0.022590793669223785
0.4101043939590454 0.28838038444519043 0.5683892965316772 0.3547765612602234
0.15972255170345306 0.16832225024700165 0.20576812326908112 0.18072165548801422
0.05573398247361183 0.3194315731525421 0.09349671006202698 0.34251073002815247
0.4092877209186554 0.28814786672592163 0.5704820156097412 0.35418546199798584
0.12453288584947586 0.32684171199798584 0.18765774369239807 0.35643142461776733
0.40998420119285583 0.28819000720977783 0.5678868889808655 0.35457170009613037
0.1449526846408844 0.3966209888458252 0.2363436222076416 0.44240641593933105
0.2863353192806244 0.08254031836986542 0.3513229191303253 0.09946130216121674
0.0944780558347702 0.3212520480155945 0.12677040696144104 0.34413719177246094
0.013160621747374535 0.3119511604309082 0.06825757771730423 0.3346129059791565
0.022744759917259216 0.28429147601127625 0.040897905826568604 0.2995653450489044
0.01622667908668518 0.006965935230255127 0.7547622919082642 0.6663247346878052
0.23997977375984192 0.42829763889312744 0.3197977840900421 0.4730641841888428
0.13811856508255005 0.38807061314582825 0.18489018082618713 0.410454124212265
0.8001596927642822 0.15347686409950256 0.999984860420227 0.2880314886569977
0.052374035120010376 0.28128600120544434 0.07808513939380646 0.29700320959091187
0.005667567253112793 0.04494348168373108 0.4309375286102295 0.4785367548465729
0.004129461944103241 0.3103625178337097 0.0682167336344719 0.33458423614501953
0.32001933455467224 0.44569292664527893 0.4476604759693146 0.4961601793766022
0.004926514811813831 0.3368223309516907 0.02478116750717163 0.35331541299819946
0.24021127820014954 0.42806288599967957 0.320477694272995 0.47302332520484924
0.24021127820014954 0.42806288599967957 0.320477694272995 0.47302332520484924
0.32001933455467224 0.44569292664527893 0.4476604759693146 0.4961601793766022
0.11256174743175507 0.3217833638191223 0.14811904728412628 0.34799861907958984
