0.4118475914001465 0.3025897741317749 0.5689957141876221 0.3687795400619507
0.1295815408229828 0.2224227339029312 0.18870297074317932 0.2554180324077606
0.26148077845573425 0.3287260830402374 0.349774569272995 0.3695458471775055
0.17708273231983185 0.26600944995880127 0.2466181367635727 0.3088781237602234
0.28566956520080566 0.4446054697036743 0.3836349844932556 0.4960266947746277
0.12473185360431671 0.38152211904525757 0.16779612004756927 0.4090922474861145
0.20384202897548676 0.3318607211112976 0.2653003931045532 0.3669670820236206
0.39249706268310547 0.45134615898132324 0.5526697635650635 0.5115219950675964
0.2617669999599457 0.11602524667978287 0.3156820237636566 0.13222862780094147
0.08787078410387039 0.3693680167198181 0.12737050652503967 0.39152252674102783
0.39249706268310547 0.45134615898132324 0.5526697635650635 0.5115219950675964
0.10708869993686676 0.2757357358932495 0.1472538262605667 0.3002602458000183
0.11131840944290161 0.3236705958843231 0.1537197232246399 0.3501463830471039
0.6235649585723877 0.209320530295372 0.893492579460144 0.32146602869033813
0.021297607570886612 0.3473176062107086 0.05661903694272041 0.3676135838031769
0.6262813806533813 0.20882898569107056 0.8958873748779297 0.32063519954681396
0.06342658400535583 0.3208899199962616 0.0990140289068222 0.34149476885795593
0.1464347094297409 0.17691394686698914 0.18860463798046112 0.18783292174339294
0.169684037566185 0.40342843532562256 0.28208696842193604 0.461670458316803
0.17128601670265198 0.40453898906707764 0.28258687257766724 0.46150654554367065
0.012293100357055664 0.0214005708694458 0.9131905436515808 0.8792440891265869
0.00984693318605423 0.3107195198535919 0.07305089384317398 0.3358542025089264
0.05245603621006012 0.28110262751579285 0.08954313397407532 0.3012952506542206
0.011560723185539246 0.28386005759239197 0.048501741141080856 0.300108939409256
0.1510927677154541 0.32935938239097595 0.21402448415756226 0.3598082959651947
0.00953453779220581 0.31058570742607117 0.0730133131146431 0.3357442319393158
0.005937561392784119 0.08294400572776794 0.4039027690887451 0.4741699993610382
0.41162893176078796 0.3030824065208435 0.5674678087234497 0.36926114559173584
0.31941378116607666 0.06810247898101807 0.3945735692977905 0.09151650965213776
0.28566956520080566 0.4446054697036743 0.3836349844932556 0.4960266947746277
0.39249706268310547 0.45134615898132324 0.5526697635650635 0.5115219950675964
0.3061480224132538 0.049309805035591125 0.36937054991722107 0.06745481491088867
0.1778034269809723 0.26623764634132385 0.24668696522712708 0.3090446889400482
0.28566956520080566 0.4446054697036743 0.3836349844932556 0.4960266947746277
