0.5323233008384705 0.26135963201522827 0.7523780465126038 0.3537432551383972
0.12808449566364288 0.22211822867393494 0.1874089390039444 0.25573664903640747
0.1629680097103119 0.2701210081577301 0.21663472056388855 0.30248942971229553
0.44660788774490356 0.4552534818649292 0.626754105091095 0.5231142044067383
0.3087069094181061 0.4488998055458069 0.42422494292259216 0.5086268782615662
0.2904932498931885 0.3246346712112427 0.3797371983528137 0.36939531564712524
0.1389029622077942 0.3868680000305176 0.18572998046875 0.41619443893432617
0.21646630764007568 0.3316238820552826 0.28784704208374023 0.3709776699542999
0.08691875636577606 0.2794581353664398 0.13188102841377258 0.30332961678504944
0.44405248761177063 0.45377275347709656 0.6258429884910583 0.5200543403625488
0.03409627079963684 0.35247406363487244 0.0750211700797081 0.37566885352134705
0.11860427260398865 0.3248787224292755 0.15698981285095215 0.3519321382045746
0.007465049624443054 0.10232019424438477 0.3755791187286377 0.4765774607658386
0.24553759396076202 0.1333881914615631 0.29703080654144287 0.14688003063201904
0.29342764616012573 0.22848601639270782 0.3928397297859192 0.28824421763420105
0.044950541108846664 0.28019168972969055 0.07395920157432556 0.29970547556877136
0.0986088290810585 0.37368687987327576 0.14225143194198608 0.3974206745624542
0.19205667078495026 0.42050015926361084 0.30969199538230896 0.4735989570617676
0.0627838596701622 0.32164978981018066 0.0988483801484108 0.34304898977279663
0.29342764616012573 0.22848601639270782 0.3928397297859192 0.28824421763420105
0.18361642956733704 0.40329062938690186 0.24307429790496826 0.4289962649345398
0.010739266872406006 0.02861735224723816 0.8972198367118835 0.8985110521316528
0.16463720798492432 0.3305490016937256 0.22518718242645264 0.3609403371810913
0.14136828482151031 0.1803949624300003 0.1784592717885971 0.18949000537395477
0.08604196459054947 0.3226591646671295 0.11994784325361252 0.3439303934574127
0.5323233008384705 0.26135963201522827 0.7523780465126038 0.3537432551383972
0.1918957531452179 0.42079606652259827 0.30882129073143005 0.47380712628364563
0.010538961738348007 0.3105652332305908 0.07337149977684021 0.3358907103538513
0.0986088290810585 0.37368687987327576 0.14225143194198608 0.3974206745624542
0.009913716465234756 0.3112187683582306 0.07346287369728088 0.3357227146625519
0.02168705314397812 0.3457140624523163 0.05153849720954895 0.36623415350914
0.2892961800098419 0.27650120854377747 0.3451337516307831 0.29601868987083435
0.3782135248184204 0.9148954749107361 0.5320985317230225 1.0
0.18361642956733704 0.40329062938690186 0.24307429790496826 0.4289962649345398
0.30782729387283325 0.44934722781181335 0.424457848072052 0.5086405277252197
