0.35534125566482544 0.46101775765419006 0.48227620124816895 0.5196824669837952
0.34175944328308105 0.3101942241191864 0.4574965834617615 0.36543938517570496
0.2993271052837372 0.2329469472169876 0.3833755552768707 0.2854936122894287
0.5111023187637329 0.4562794864177704 0.7273930311203003 0.5274876952171326
0.15765921771526337 0.39386239647865295 0.208820179104805 0.4260140359401703
0.12909816205501556 0.2215658277273178 0.18855999410152435 0.25537437200546265
0.08530709147453308 0.2767326533794403 0.12555094063282013 0.3021562397480011
0.7770246863365173 6.705895066261292e-05 0.9944204688072205 0.09747903048992157
0.1596282422542572 0.2678963243961334 0.22974616289138794 0.30209729075431824
0.2534168064594269 0.3305322527885437 0.331868439912796 0.3728652596473694
0.05081015080213547 0.2813549339771271 0.082508884370327 0.3009721338748932
0.21972166001796722 0.4283446669578552 0.3503440022468567 0.4866483211517334
0.5292177200317383 0.7193453311920166 0.9446735382080078 0.8835430145263672
0.9414894580841064 0.14995962381362915 1.0 0.27459633350372314
0.11636197566986084 0.37995973229408264 0.16422027349472046 0.40549924969673157
0.05542800575494766 0.3627051115036011 0.0993160828948021 0.3870444893836975
0.2768718898296356 0.11439613252878189 0.34444692730903625 0.1312776803970337
0.06978881359100342 0.32346248626708984 0.10671691596508026 0.3450767993927002
0.1299154907464981 0.325442910194397 0.1810026317834854 0.3559996485710144
0.17764945328235626 0.3306339681148529 0.25251761078834534 0.36418744921684265
0.22560666501522064 0.14238756895065308 0.27654698491096497 0.15616083145141602
0.20651380717754364 0.4101424813270569 0.2716814875602722 0.4377173185348511
0.012062210589647293 0.31084415316581726 0.0826108455657959 0.3367479145526886
0.005208611488342285 0.05066296458244324 0.8283856511116028 0.844570517539978
0.007565423846244812 0.09324963390827179 0.3915371298789978 0.49406564235687256
0.04030270874500275 0.35474395751953125 0.07504164427518845 0.3770902156829834
0.7338375449180603 0.7474933862686157 0.7792423367500305 0.7799481153488159
0.21972166001796722 0.4283446669578552 0.3503440022468567 0.4866483211517334
0.12972259521484375 0.18059572577476501 0.16635575890541077 0.1905454695224762
0.20651380717754364 0.4101424813270569 0.2716814875602722 0.4377173185348511
0.051322758197784424 0.3577188551425934 0.08667923510074615 0.3845537006855011
0.019078072160482407 0.342649906873703 0.048128392547369 0.3614570200443268
0.012148208916187286 0.3109341859817505 0.08432167023420334 0.33689403533935547
0.7355002760887146 0.7463918924331665 0.8072792887687683 0.7928633689880371
0.7767843008041382 0.0 0.9949847459793091 0.09752802550792694
0.005208611488342285 0.05066296458244324 0.8283856511116028 0.844570517539978
0.12284992635250092 0.32572469115257263 0.1606030911207199 0.3525145351886749
0.11636197566986084 0.37995973229408264 0.16422027349472046 0.40549924969673157
0.024866044521331787 0.06669643521308899 0.6021228432655334 0.573393702507019
0.5111023187637329 0.4562794864177704 0.7273930311203003 0.5274876952171326
0.0878085345029831 0.32369232177734375 0.12004521489143372 0.34433478116989136
