0.34101882576942444 0.3105735778808594 0.45454320311546326 0.3679080009460449
0.5117720365524292 0.24928395450115204 0.7060084342956543 0.33965837955474854
0.3976438641548157 0.46497729420661926 0.5425795316696167 0.5281665325164795
0.4379499852657318 0.14123156666755676 0.6126983761787415 0.23471620678901672
0.5602293610572815 0.45211681723594666 0.8135047554969788 0.5292689800262451
0.19587798416614532 0.26670151948928833 0.2636650800704956 0.30374717712402344
0.45477017760276794 0.8720170259475708 0.5970252156257629 0.9897564649581909
0.12036330997943878 0.2786884009838104 0.169183149933815 0.3067135512828827
0.13205069303512573 0.2210613638162613 0.18869361281394958 0.2557215392589569
0.18411117792129517 0.4023057222366333 0.24081256985664368 0.4381974935531616
0.06413544714450836 0.2820323407649994 0.09707470238208771 0.3034191429615021
0.8615019917488098 0.6748189330101013 0.9991173148155212 0.7994017004966736
0.2373945415019989 0.4219712018966675 0.30895623564720154 0.45206236839294434
0.040651626884937286 0.351622611284256 0.07314910739660263 0.37236037850379944
0.15403634309768677 0.32784080505371094 0.2125258445739746 0.35974282026290894
0.25019562244415283 0.1354244351387024 0.31236833333969116 0.15101894736289978
0.07747309654951096 0.36906546354293823 0.13234618306159973 0.4001046419143677
0.22672024369239807 0.3278800845146179 0.3176126778125763 0.3665405511856079
0.1126146912574768 0.3252648711204529 0.15065407752990723 0.3510006070137024
0.13912265002727509 0.38783010840415955 0.19127003848552704 0.4159798324108124
0.2511705756187439 0.43634113669395447 0.3934391736984253 0.5003219842910767
0.002440035343170166 0.04059651494026184 0.8762056231498718 0.8735101222991943
0.20140469074249268 0.14981819689273834 0.25043657422065735 0.16382057964801788
0.25032997131347656 0.4360198974609375 0.3928256630897522 0.5003026127815247
0.019177258014678955 0.31141868233680725 0.09240280091762543 0.3407001793384552
0.01770501397550106 0.3409266173839569 0.050574496388435364 0.36168232560157776
0.010229945182800293 0.0995204895734787 0.37112754583358765 0.4878197908401489
0.020110201090574265 0.31201913952827454 0.09274052083492279 0.3416869342327118
0.13928371667861938 0.3879678547382355 0.19110172986984253 0.4159053862094879
0.017936501652002335 0.283352792263031 0.04024934768676758 0.29951775074005127
0.22672024369239807 0.3278800845146179 0.3176126778125763 0.3665405511856079
0.07808126509189606 0.368624210357666 0.13197916746139526 0.3997451663017273
0.12047887593507767 0.188954696059227 0.15457090735435486 0.1972445696592331
0.14609768986701965 0.3278641998767853 0.18618860840797424 0.35695376992225647
0.08754351735115051 0.3251873552799225 0.12522034347057343 0.35032370686531067
0.24243061244487762 0.1094827726483345 0.29531997442245483 0.12788774073123932
0.47365516424179077 0.9841302037239075 0.516390323638916 0.9999898076057434
0.23860330879688263 0.4176821708679199 0.3125546872615814 0.4565699100494385
0.8622453808784485 0.6750661134719849 0.999085009098053 0.7984941005706787
0.016887038946151733 0.08415982127189636 0.5582334995269775 0.556493878364563
