1 360 0.7407407407407408 360 0.7407407407407408 0 0
2 360 0.7407407407407408 360 0.7407407407407408 0 0
3 360 0.7407407407407408 360 0.7407407407407408 0 0
4 360 0.7407407407407408 360 0.7407407407407408 0 0
5 360 0.7407407407407408 360 0.7407407407407408 0 0
6 360 0.7407407407407408 360 0.7407407407407408 0 0
7 360 0.7407407407407408 360 0.7407407407407408 0 0
8 360 0.7407407407407408 360 0.7407407407407408 0 0
9 360 0.7407407407407408 360 0.7407407407407408 0 0
10 360 0.6666666666666666 360 0.6666666666666666 0 0
11 360 0.7407407407407408 360 0.7407407407407408 0 0
12 360 0.7199999999999999 360 0.7199999999999999 0 0
13 360 0.6666666666666667 360 0.6666666666666667 0 0
14 360 0.7692307692307693 360 0.7692307692307693 0 0
15 360 0.8333333333333334 360 0.8333333333333334 0 0
16 360 0.75 360 0.75 0 0
17 360 0.9166666666666666 360 0.9166666666666666 0 0
18 360 0.9 360 0.9 0 0
19 360 0.9 360 0.9 0 0
20 360 0.8421052631578948 360 0.8421052631578948 0 0
21 360 0.8 360 0.8 0 0
22 360 0.888888888888889 360 0.888888888888889 0 0
23 360 0.823529411764706 382 0.8888888888888888 0.0653595 0.000653595
24 360 0.823529411764706 382 0.8888888888888888 0.0653595 0.00130065
25 360 0.7777777777777777 382 0.8421052631578948 0.0643275 0.00193092
26 360 0.8421052631578948 382 0.8571428571428572 0.0150376 0.00206199
27 360 0.8421052631578948 382 0.8421052631578948 0 0.00204137
28 360 0.8421052631578948 382 0.9523809523809523 0.110276 0.00312371
29 360 0.7999999999999999 382 0.9523809523809523 0.152381 0.00461628
30 360 0.7272727272727272 382 0.761904761904762 0.034632 0.00491644
31 360 0.7826086956521738 382 0.8695652173913044 0.0869565 0.00573684
32 360 0.7200000000000001 382 0.8571428571428571 0.137143 0.0070509
33 360 0.8181818181818182 382 0.9565217391304348 0.13834 0.00836379
34 360 0.7826086956521738 382 0.8695652173913043 0.0869565 0.00914972
35 360 0.7272727272727272 382 0.8181818181818182 0.0909091 0.00996731
36 360 0.8181818181818182 382 0.8695652173913043 0.0513834 0.0103815
37 360 0.8181818181818182 382 0.9166666666666666 0.0984848 0.0112625
38 360 0.761904761904762 382 0.9166666666666666 0.154762 0.0126975
39 360 0.9166666666666666 382 0.9600000000000001 0.0433333 0.0130039
40 360 0.9090909090909091 382 0.9600000000000001 0.0509091 0.0133829
41 360 0.8571428571428571 382 0.9166666666666666 0.0595238 0.0138443
42 360 0.8571428571428571 382 0.9166666666666666 0.0595238 0.0143011
43 360 0.761904761904762 382 0.8695652173913043 0.10766 0.0152347
44 360 0.7999999999999999 382 0.9090909090909091 0.109091 0.0161733
45 360 0.8571428571428571 405 0.9565217391304348 0.0993789 0.0170053
46 360 0.9090909090909091 405 0.9166666666666666 0.00757576 0.016911
47 360 0.8571428571428571 405 0.9166666666666666 0.0595238 0.0173372
48 360 0.8333333333333333 405 0.9166666666666666 0.0833333 0.0179971
49 360 0.9166666666666666 405 0.9565217391304348 0.0398551 0.0182157
50 360 0.846153846153846 405 0.9285714285714286 0.0824176 0.0188577
51 360 0.8571428571428571 405 0.8695652173913043 0.0124224 0.0187934
52 360 0.782608695652174 405 0.8 0.0173913 0.0187793
53 360 0.8695652173913043 405 0.8181818181818182 -0.0513834 0.0180777
54 360 0.8571428571428572 405 0.8571428571428572 0 0.0178969
55 360 0.8181818181818182 405 0.8695652173913043 0.0513834 0.0182318
56 360 0.7500000000000001 405 0.8333333333333333 0.0833333 0.0188828
57 360 0.8695652173913043 405 0.8695652173913043 0 0.018694
58 360 0.7199999999999999 405 0.8 0.08 0.0193071
59 360 0.7826086956521738 405 0.8799999999999999 0.0973913 0.0200879
60 360 0.7826086956521738 405 0.7826086956521738 0 0.019887
61 360 0.8181818181818182 405 0.9166666666666666 0.0984848 0.020673
62 360 0.8 405 0.8148148148148148 0.0148148 0.0206144
63 360 0.6956521739130435 405 0.8 0.104348 0.0214517
64 360 0.75 405 0.7857142857142857 0.0357143 0.0215944
65 360 0.75 405 0.8275862068965518 0.0775862 0.0221543
66 360 0.7500000000000001 405 0.8333333333333333 0.0833333 0.0227661
67 360 0.761904761904762 406 0.8333333333333334 0.0714286 0.0232527
68 360 0.7368421052631579 406 0.7826086956521738 0.0457666 0.0234778
69 360 0.7272727272727272 406 0.8 0.0727273 0.0239703
70 360 0.7826086956521738 406 0.8461538461538461 0.0635452 0.0243661
71 360 0.7272727272727272 406 0.9166666666666666 0.189394 0.0260164
72 360 0.8181818181818182 406 0.9166666666666666 0.0984848 0.0267411
73 360 0.7368421052631577 406 0.8571428571428572 0.120301 0.0276766
74 360 0.8181818181818182 406 0.8799999999999999 0.0618182 0.0280181
75 360 0.7500000000000001 406 0.8 0.05 0.0282379
76 360 0.7826086956521738 406 0.9090909090909091 0.126482 0.0292203
77 360 0.8181818181818182 406 0.9565217391304348 0.13834 0.0303115
78 360 0.8571428571428571 406 0.8695652173913043 0.0124224 0.0301326
79 360 0.8695652173913044 406 0.8799999999999999 0.0104348 0.0299357
80 360 0.8181818181818182 406 0.8695652173913043 0.0513834 0.0301501
81 360 0.8 406 0.8181818181818182 0.0181818 0.0300304
82 360 0.8571428571428571 406 0.8695652173913043 0.0124224 0.0298544
83 360 0.8571428571428571 406 0.8695652173913043 0.0124224 0.02968
84 360 0.7826086956521738 406 0.8695652173913043 0.0869565 0.0302528
85 360 0.8571428571428571 406 0.8695652173913043 0.0124224 0.0300745
86 360 0.8421052631578948 406 0.9 0.0578947 0.0303527
87 360 0.8 406 0.8695652173913043 0.0695652 0.0307448
88 360 0.8 406 0.8333333333333334 0.0333333 0.0307707
89 360 0.7826086956521738 407 0.9565217391304348 0.173913 0.0322021
90 360 0.761904761904762 407 0.9090909090909091 0.147186 0.033352
91 360 0.761904761904762 407 0.9090909090909091 0.147186 0.0344903
92 360 0.761904761904762 407 0.9523809523809523 0.190476 0.0360502
93 360 0.8 407 0.9090909090909091 0.109091 0.0367806
94 360 0.8 407 0.9090909090909091 0.109091 0.0375037
95 360 0.7272727272727273 407 0.8181818181818182 0.0909091 0.0380377
96 360 0.761904761904762 407 0.8571428571428572 0.0952381 0.0386097
97 360 0.7272727272727272 407 0.8181818181818182 0.0909091 0.0391327
98 360 0.7272727272727272 407 0.8181818181818182 0.0909091 0.0396505
99 360 0.7826086956521738 407 0.8695652173913043 0.0869565 0.0401236
100 360 0.761904761904762 407 0.8695652173913043 0.10766 0.0407989
101 360 0.7272727272727272 407 0.9166666666666666 0.189394 0.0422849
102 360 0.7500000000000001 407 0.962962962962963 0.212963 0.0439917
103 360 0.6956521739130435 407 0.8461538461538461 0.150502 0.0450568
104 360 0.7826086956521738 407 0.8799999999999999 0.0973913 0.0455801
105 360 0.7999999999999999 407 0.8695652173913043 0.0695652 0.04582
106 360 0.761904761904762 407 0.8799999999999999 0.118095 0.0465427
107 360 0.8695652173913044 407 0.9230769230769231 0.0535117 0.0466124
108 360 0.7826086956521738 407 0.8799999999999999 0.0973913 0.0471202
109 360 0.7826086956521738 407 0.8799999999999999 0.0973913 0.0476229
110 360 0.7272727272727274 407 0.8333333333333333 0.106061 0.0482073
111 360 0.7500000000000001 433 0.8333333333333333 0.0833333 0.0485585
112 360 0.6956521739130435 433 0.7826086956521738 0.0869565 0.0489425
113 360 0.7272727272727274 433 0.8333333333333333 0.106061 0.0495137
114 360 0.8181818181818182 433 0.8695652173913043 0.0513834 0.0495324
115 360 0.8181818181818182 433 0.8695652173913043 0.0513834 0.0495509
116 360 0.8181818181818182 433 0.8695652173913043 0.0513834 0.0495692
117 360 0.75 433 0.8 0.05 0.0495735
118 360 0.7200000000000001 433 0.8148148148148148 0.0948148 0.050026
119 360 0.7857142857142857 433 0.8275862068965517 0.0418719 0.0499444
120 360 0.8148148148148148 433 0.896551724137931 0.0817369 0.0502623
121 360 0.8461538461538461 433 0.888888888888889 0.042735 0.0501871
122 360 0.8275862068965517 433 0.8666666666666666 0.0390805 0.050076
123 360 0.8148148148148148 433 0.896551724137931 0.0817369 0.0503926
124 360 0.8461538461538461 433 0.9285714285714286 0.0824176 0.0507129
125 360 0.8148148148148148 433 0.8571428571428571 0.042328 0.050629
126 360 0.8148148148148148 433 0.896551724137931 0.0817369 0.0509401
127 360 0.8571428571428571 433 0.896551724137931 0.0394089 0.0508248
128 360 0.8 433 0.8148148148148148 0.0148148 0.0504647
129 360 0.7692307692307693 433 0.7857142857142857 0.0164835 0.0501249
130 360 0.888888888888889 433 0.9285714285714286 0.0396825 0.0500204
131 360 0.846153846153846 433 0.9285714285714286 0.0824176 0.0503444
132 360 0.8181818181818182 433 0.8799999999999999 0.0618182 0.0504592
133 360 0.8695652173913044 433 0.9600000000000001 0.0904348 0.0508589
134 360 0.8695652173913044 433 0.9600000000000001 0.0904348 0.0512547
135 360 0.7826086956521738 433 0.8333333333333334 0.0507246 0.0512494
136 360 0.7826086956521738 433 0.8799999999999999 0.0973913 0.0517108
137 360 0.8 433 0.923076923076923 0.123077 0.0524244
138 360 0.8 433 0.888888888888889 0.0888889 0.0527891
139 360 0.8461538461538461 433 0.888888888888889 0.042735 0.0526886
140 360 0.923076923076923 433 0.962962962962963 0.039886 0.0525605
141 360 0.88 433 0.923076923076923 0.0430769 0.0524657
142 360 0.888888888888889 433 0.9285714285714286 0.0396825 0.0523379
143 360 0.7200000000000001 433 0.8148148148148148 0.0948148 0.0527626
144 360 0.8148148148148148 433 0.888888888888889 0.0740741 0.0529757
145 360 0.846153846153846 433 0.846153846153846 0 0.052446
146 360 0.8148148148148148 433 0.888888888888889 0.0740741 0.0526623
147 360 0.888888888888889 433 0.923076923076923 0.034188 0.0524775
148 360 0.7692307692307693 433 0.8461538461538461 0.0769231 0.052722
149 360 0.8461538461538461 433 0.88 0.0338462 0.0525332
150 360 0.75 433 0.923076923076923 0.173077 0.0537387
151 360 0.8148148148148148 433 0.8571428571428571 0.042328 0.0536246
152 360 0.8 433 0.8333333333333333 0.0333333 0.0534216
153 360 0.88 433 0.8461538461538461 -0.0338462 0.052549
154 360 0.7999999999999999 433 0.923076923076923 0.123077 0.0532542
155 360 0.7692307692307692 433 0.8148148148148148 0.045584 0.0531775
156 360 0.7586206896551724 433 0.8275862068965517 0.0689655 0.0533354
157 360 0.7500000000000001 433 0.7199999999999999 -0.03 0.0525021
158 360 0.8148148148148148 433 0.846153846153846 0.031339 0.0522904
159 360 0.7826086956521738 433 0.8181818181818182 0.0355731 0.0521233
160 360 0.8333333333333333 433 0.8148148148148148 -0.0185185 0.0514168
161 360 0.8275862068965517 433 0.8275862068965517 0 0.0509027
162 360 0.88 433 0.923076923076923 0.0430769 0.0508244
163 360 0.8695652173913044 433 0.9166666666666666 0.0471014 0.0507872
164 360 0.8695652173913044 433 0.9166666666666666 0.0471014 0.0507503
165 360 0.9090909090909091 433 0.9565217391304348 0.0474308 0.0507171
166 360 0.9 433 0.9 0 0.05021
167 360 0.8571428571428572 433 0.8571428571428572 0 0.0497079
168 360 0.9 433 0.9 0 0.0492108
169 360 0.8181818181818182 433 0.9090909090909091 0.0909091 0.0496278
170 360 0.9523809523809523 433 0.9523809523809523 0 0.0491315
171 360 0.9 433 0.9523809523809523 0.052381 0.049164
172 360 0.8181818181818182 433 0.8695652173913043 0.0513834 0.0491862
173 360 0.9523809523809523 433 0.9523809523809523 0 0.0486943
174 360 0.8571428571428571 433 0.8571428571428571 0 0.0482074
175 360 0.8421052631578948 433 0.7999999999999999 -0.0421053 0.0473042
176 360 0.7999999999999999 433 0.9090909090909091 0.109091 0.0479221
177 360 0.9 431 0.9 0 0.0474429
178 360 0.9523809523809523 431 0.9 -0.052381 0.0464447
179 360 0.8571428571428572 431 0.8571428571428572 0 0.0459802
180 360 0.8571428571428572 431 0.7999999999999999 -0.0571429 0.044949
181 360 0.8571428571428572 431 0.761904761904762 -0.0952381 0.0435471
182 360 0.8181818181818181 431 0.8695652173913044 0.0513834 0.0436255
183 360 0.782608695652174 431 0.8333333333333333 0.0507246 0.0436965
184 360 0.8333333333333333 431 0.8 -0.0333333 0.0429262
185 360 0.7272727272727273 431 0.6956521739130435 -0.0316206 0.0421807
186 360 0.782608695652174 431 0.75 -0.0326087 0.0414328
187 360 0.8571428571428571 431 0.8181818181818182 -0.038961 0.0406289
188 360 0.761904761904762 431 0.8181818181818182 0.0562771 0.0407853
189 360 0.7826086956521738 431 0.8181818181818182 0.0355731 0.0407332
190 360 0.7200000000000001 431 0.7200000000000001 0 0.0403259
191 360 0.9090909090909091 431 0.8181818181818182 -0.0909091 0.0390135
192 360 0.7272727272727273 431 0.8 0.0727273 0.0393507
193 360 0.6363636363636364 431 0.8461538461538461 0.20979 0.0410551
194 360 0.8 431 0.8571428571428571 0.0571429 0.041216
195 360 0.7826086956521738 431 0.7199999999999999 -0.0626087 0.0401777
196 360 0.6666666666666666 431 0.7826086956521738 0.115942 0.0409354
197 360 0.761904761904762 431 0.9166666666666666 0.154762 0.0420736
198 360 0.761904761904762 431 0.8695652173913043 0.10766 0.0427295
199 360 0.761904761904762 431 0.8695652173913043 0.10766 0.0433788
200 360 0.8181818181818182 431 0.9166666666666666 0.0984848 0.0439299
201 360 0.8181818181818182 431 0.9565217391304348 0.13834 0.044874
202 360 0.761904761904762 431 0.9090909090909091 0.147186 0.0458971
203 360 0.8181818181818182 431 0.8695652173913043 0.0513834 0.0459519
204 360 0.8571428571428571 431 0.9565217391304348 0.0993789 0.0464862
205 360 0.9 431 0.9523809523809523 0.052381 0.0465452
206 360 0.7999999999999999 431 0.9 0.1 0.0470797
207 360 0.8571428571428572 431 0.7999999999999999 -0.0571429 0.0460375
208 360 0.9 431 0.9 0 0.0455771
209 360 0.9 431 0.9523809523809523 0.052381 0.0456451
210 360 0.9 431 0.9523809523809523 0.052381 0.0457125
211 360 0.9 431 0.9523809523809523 0.052381 0.0457792
212 360 0.9 431 0.9090909090909091 0.00909091 0.0454123
213 360 0.7777777777777778 431 0.8421052631578948 0.0643275 0.0456015
214 360 0.7777777777777777 431 0.8571428571428572 0.0793651 0.0459391
215 360 0.8421052631578948 431 0.9 0.0578947 0.0460586
216 360 0.7777777777777777 431 0.8421052631578948 0.0643275 0.0462413
217 360 0.75 431 0.8750000000000001 0.125 0.0470289
218 360 0.8 431 0.8750000000000001 0.075 0.0473086
219 360 0.8235294117647058 431 0.888888888888889 0.0653595 0.0474891
220 360 0.75 431 0.823529411764706 0.0735294 0.0477495
221 360 0.8750000000000001 431 0.8750000000000001 0 0.047272
222 360 0.8750000000000001 431 0.8750000000000001 0 0.0467993
223 360 0.823529411764706 431 0.7777777777777778 -0.0457516 0.0458738
224 360 0.823529411764706 431 0.823529411764706 0 0.0454151
225 360 0.8 431 0.8750000000000001 0.075 0.0457109
226 360 0.7058823529411764 431 0.7777777777777778 0.0718954 0.0459728
227 360 0.7058823529411764 431 0.8235294117647058 0.117647 0.0466895
228 360 0.75 431 0.823529411764706 0.0735294 0.0469579
229 360 0.8 431 0.823529411764706 0.0235294 0.0467236
230 360 0.7499999999999999 431 0.8235294117647058 0.0735294 0.0469917
231 360 0.7499999999999999 431 0.888888888888889 0.138889 0.0479107
232 360 0.7499999999999999 431 0.8235294117647058 0.0735294 0.0481668
233 360 0.7499999999999999 431 0.8235294117647058 0.0735294 0.0484205
234 360 0.7499999999999999 431 0.8235294117647058 0.0735294 0.0486716
235 360 0.8421052631578948 431 0.8571428571428572 0.0150376 0.0483352
236 360 0.7368421052631579 431 0.761904761904762 0.0250627 0.0481025
237 360 0.8421052631578948 431 0.9 0.0578947 0.0482004
238 360 0.8421052631578948 431 0.9 0.0578947 0.0482974
239 360 0.7999999999999999 431 0.761904761904762 -0.0380952 0.0474334
240 360 0.6 431 0.761904761904762 0.161905 0.0485782
241 360 0.6666666666666667 431 0.761904761904762 0.0952381 0.0490448
242 360 0.7999999999999999 431 0.9 0.1 0.0495543
243 360 0.8421052631578948 428 0.9 0.0578947 0.0496377
244 360 0.7777777777777777 428 0.9 0.122222 0.0503636
245 360 0.8421052631578948 428 0.9 0.0578947 0.0504389
246 360 0.7999999999999999 428 0.9090909090909091 0.109091 0.0510254
247 360 0.7368421052631577 428 0.8421052631578948 0.105263 0.0515678
248 360 0.761904761904762 428 0.8181818181818182 0.0562771 0.0516149
249 360 0.8 428 0.8571428571428571 0.0571429 0.0516701
250 360 0.7777777777777778 428 0.9 0.122222 0.0523757
251 360 0.761904761904762 428 0.7000000000000001 -0.0619048 0.0512329
252 360 0.761904761904762 428 0.8571428571428571 0.0952381 0.0516729
253 360 0.7368421052631579 428 0.9523809523809523 0.215539 0.0533116
254 360 0.7777777777777778 428 0.9 0.122222 0.0540007
255 360 0.761904761904762 428 0.8 0.0380952 0.0538416
256 360 0.7777777777777777 428 0.9473684210526316 0.169591 0.0549991
257 360 0.8181818181818182 428 0.9 0.0818182 0.0552673
258 360 0.7500000000000001 428 0.8181818181818181 0.0681818 0.0553964
259 360 0.8000000000000002 428 0.9473684210526316 0.147368 0.0563162
260 360 0.7368421052631577 428 0.9 0.163158 0.0573846
261 360 0.631578947368421 428 0.7 0.0684211 0.0574949
262 360 0.761904761904762 428 0.8571428571428571 0.0952381 0.0578724
263 360 0.761904761904762 428 0.9090909090909091 0.147186 0.0587655
264 360 0.7999999999999999 428 0.9 0.1 0.0591779
265 360 0.7368421052631579 428 0.8571428571428572 0.120301 0.0597891
266 360 0.761904761904762 428 0.8695652173913044 0.10766 0.0602678
267 360 0.8421052631578948 428 0.9523809523809523 0.110276 0.0607679
268 360 0.8 428 0.9090909090909091 0.109091 0.0612511
269 360 0.8571428571428571 428 0.9565217391304348 0.0993789 0.0616324
270 360 0.8 428 0.8333333333333334 0.0333333 0.0613494
271 360 0.8421052631578948 428 0.9523809523809523 0.110276 0.0618387
272 360 0.8421052631578948 428 0.9523809523809523 0.110276 0.062323
273 360 0.7000000000000001 428 0.7999999999999999 0.1 0.0626998
274 360 0.7058823529411764 428 0.8421052631578948 0.136223 0.063435
275 360 0.7058823529411764 428 0.8421052631578948 0.136223 0.0641629
276 360 0.6666666666666665 441 0.8000000000000002 0.133333 0.0648546
277 360 0.8235294117647058 441 0.9473684210526316 0.123839 0.0654445
278 360 0.7058823529411764 441 0.8421052631578948 0.136223 0.0661522
279 360 0.8235294117647058 441 0.9473684210526316 0.123839 0.0667291
280 360 0.888888888888889 441 0.9473684210526316 0.0584795 0.0666466
281 360 0.8421052631578948 441 0.9 0.0578947 0.0665591
282 360 0.8235294117647058 441 0.9473684210526316 0.123839 0.0671319
283 360 0.8235294117647058 441 0.9473684210526316 0.123839 0.067699
284 360 0.8235294117647058 441 0.9473684210526316 0.123839 0.0682604
285 360 0.8235294117647058 441 0.9473684210526316 0.123839 0.0688162
286 360 0.7777777777777778 441 0.9 0.122222 0.0693502
287 360 0.7272727272727273 441 0.7999999999999999 0.0727273 0.069384
288 360 0.761904761904762 441 0.7999999999999999 0.0380952 0.0690711
289 360 0.7777777777777777 441 0.9473684210526316 0.169591 0.0700763
290 360 0.7777777777777778 441 0.9 0.122222 0.0705978
291 360 0.7777777777777778 441 0.8421052631578948 0.0643275 0.070535
292 360 0.7777777777777777 441 0.9473684210526316 0.169591 0.0715256
293 360 0.7999999999999999 441 0.9 0.1 0.0718103
294 360 0.7777777777777778 441 0.8421052631578948 0.0643275 0.0717355
295 360 0.7368421052631577 441 0.8421052631578948 0.105263 0.0720708
296 360 1.0 441 1.0 0 0.0713501
297 360 0.9 441 0.9473684210526316 0.0473684 0.0711103
298 360 0.8750000000000001 441 0.9473684210526316 0.0723684 0.0711229
299 360 0.888888888888889 441 0.9 0.0111111 0.0705227
300 360 0.888888888888889 441 0.9473684210526316 0.0584795 0.0704023
301 360 0.9473684210526316 441 0.9473684210526316 0 0.0696983
302 360 0.9473684210526316 441 0.9473684210526316 0 0.0690013
303 360 0.888888888888889 441 0.9473684210526316 0.0584795 0.0688961
304 360 0.9411764705882353 441 1.0 0.0588235 0.0687954
305 360 0.9411764705882353 441 1.0 0.0588235 0.0686956
306 360 0.888888888888889 441 0.9473684210526316 0.0584795 0.0685935
307 360 0.888888888888889 441 0.9473684210526316 0.0584795 0.0684923
308 360 0.888888888888889 441 0.9473684210526316 0.0584795 0.0683922
309 360 0.8235294117647058 453 0.888888888888889 0.0653595 0.0683619
310 360 0.8235294117647058 453 0.9473684210526316 0.123839 0.0689167
311 360 0.7777777777777778 453 0.9 0.122222 0.0694497
312 360 0.9 453 0.9523809523809523 0.052381 0.069279
313 360 0.9 453 0.9523809523809523 0.052381 0.06911
314 360 0.8421052631578948 453 0.9 0.0578947 0.0689979
315 360 0.8 453 0.8571428571428571 0.0571429 0.0688793
316 360 0.8421052631578948 453 0.9 0.0578947 0.0687695
317 360 0.9 453 0.9 0 0.0680818
318 360 0.9 453 0.9 0 0.067401
319 360 0.9 453 0.9 0 0.066727
320 360 0.9 453 0.9523809523809523 0.052381 0.0665835
321 360 0.9 453 0.9523809523809523 0.052381 0.0664415
322 360 0.9 453 0.9523809523809523 0.052381 0.0663009
323 360 0.9 453 0.9523809523809523 0.052381 0.0661617
324 360 0.7368421052631579 453 0.8 0.0631579 0.0661316
325 360 0.8421052631578948 453 0.9 0.0578947 0.0660493
326 360 0.8571428571428571 453 0.8571428571428571 0 0.0653888
327 360 0.8 453 0.8571428571428571 0.0571429 0.0653063
328 360 0.9 453 0.9 0 0.0646533
329 360 0.8421052631578948 453 0.9 0.0578947 0.0645857
330 360 0.8421052631578948 453 0.9 0.0578947 0.0645188
331 360 0.761904761904762 453 0.9090909090909091 0.147186 0.0653454
332 360 0.8846153846153846 453 0.9259259259259259 0.0413105 0.0651051
333 360 0.88 453 0.88 0 0.064454
334 360 0.8399999999999999 453 0.8571428571428572 0.0171429 0.0639809
335 360 0.9019607843137256 453 0.8846153846153846 -0.0173454 0.0631677
336 360 0.830188679245283 453 0.8679245283018867 0.0377358 0.0629133
337 360 0.8928571428571429 453 0.847457627118644 -0.0453995 0.0618302
338 360 0.8928571428571429 453 0.9285714285714286 0.0357143 0.0615691
339 360 0.8333333333333333 453 0.819672131147541 -0.0136612 0.0608168
340 360 0.8771929824561403 453 0.896551724137931 0.0193587 0.0604022
341 360 0.8524590163934426 453 0.9354838709677419 0.0830249 0.0606284
342 360 0.8148148148148148 450 0.8461538461538461 0.031339 0.0603355
343 360 0.8070175438596492 450 0.8148148148148148 0.00779727 0.0598101
344 360 0.888888888888889 450 0.888888888888889 0 0.059212
345 360 0.8571428571428571 450 0.8214285714285714 -0.0357143 0.0582628
346 360 0.8928571428571429 450 0.851851851851852 -0.0410053 0.0572701
347 360 0.8936170212765957 450 0.9130434782608695 0.0194265 0.0568916
348 360 0.8518518518518519 450 0.8235294117647057 -0.0283224 0.0560395
349 360 0.8727272727272727 450 0.830188679245283 -0.0425386 0.0550537
350 360 0.8679245283018867 450 0.8518518518518519 -0.0160727 0.0543425
351 360 0.8421052631578948 450 0.8928571428571429 0.0507519 0.0543066
352 360 0.7999999999999999 450 0.8163265306122449 0.0163265 0.0539267
353 360 0.8571428571428571 450 0.8363636363636364 -0.0207792 0.0531797
354 360 0.7924528301886793 450 0.8148148148148149 0.022362 0.0528715
355 360 0.7924528301886793 450 0.8 0.00754717 0.0524183
356 360 0.7234042553191489 450 0.8076923076923076 0.0842881 0.052737
357 360 0.7924528301886793 450 0.8148148148148149 0.022362 0.0524332
358 360 0.8148148148148149 450 0.7999999999999999 -0.0148148 0.0517607
359 360 0.7777777777777777 450 0.7407407407407408 -0.037037 0.0508728
360 360 0.8518518518518519 450 0.8076923076923077 -0.0441595 0.0499224
361 360 0.8333333333333333 450 0.8936170212765958 0.0602837 0.050026
362 360 0.8928571428571429 450 0.8928571428571429 0 0.0495258
363 360 0.8771929824561403 450 0.8928571428571429 0.0156642 0.0491872
364 360 0.8709677419354839 450 0.8571428571428571 -0.0138249 0.0485571
365 360 0.8196721311475409 450 0.875 0.0553279 0.0486248
366 360 0.8615384615384615 450 0.8615384615384615 0 0.0481385
367 360 0.9 450 0.9180327868852458 0.0180328 0.0478375
368 360 0.8135593220338982 450 0.8571428571428571 0.0435835 0.0477949
369 360 0.9374999999999999 450 0.9090909090909091 -0.0284091 0.0470329
370 360 0.8615384615384616 450 0.8437500000000001 -0.0177885 0.0463847
371 360 0.8749999999999999 450 0.8923076923076922 0.0173077 0.0460939
372 360 0.870967741935484 450 0.8888888888888888 0.0179211 0.0458122
373 360 0.7868852459016393 450 0.7868852459016393 0 0.045354
374 360 0.847457627118644 450 0.8333333333333334 -0.0141243 0.0447593
375 360 0.8524590163934426 446 0.8571428571428571 0.00468384 0.0443585
376 360 0.847457627118644 446 0.8666666666666666 0.019209 0.044107
377 360 0.8275862068965517 446 0.8275862068965517 0 0.0436659
378 360 0.8852459016393444 446 0.8474576271186439 -0.0377883 0.0428514
379 360 0.8135593220338982 446 0.8474576271186439 0.0338983 0.0427619
380 360 0.8070175438596492 446 0.7999999999999999 -0.00701754 0.0422641
381 360 0.823529411764706 446 0.84 0.0164706 0.0420061
382 360 0.8333333333333334 446 0.8636363636363635 0.030303 0.0418891
383 360 0.8235294117647058 446 0.8799999999999999 0.0564706 0.0420349
384 360 0.9411764705882353 446 0.923076923076923 -0.0180995 0.0414336
385 360 0.8979591836734694 446 0.875 -0.0229592 0.0407897
386 360 0.8571428571428572 446 0.8749999999999999 0.0178571 0.0405603
387 360 0.8888888888888888 446 0.9019607843137256 0.0130719 0.0402854
388 360 0.9166666666666666 446 0.8936170212765958 -0.0230496 0.0396521
389 360 0.8235294117647058 446 0.8400000000000001 0.0164706 0.0394203
390 360 0.8679245283018868 446 0.8800000000000001 0.0120755 0.0391468
391 360 0.9473684210526316 446 0.9473684210526316 0 0.0387554
392 360 0.888888888888889 446 0.8695652173913043 -0.0193237 0.0381746
393 360 0.8181818181818181 446 0.8372093023255813 0.0190275 0.0379831
394 360 0.8780487804878048 446 0.9047619047619048 0.0267131 0.0378704
395 360 0.909090909090909 446 0.8837209302325583 -0.02537 0.037238
396 360 0.8780487804878049 446 0.8780487804878049 0 0.0368656
397 360 0.8837209302325582 445 0.8571428571428572 -0.0265781 0.0362312
398 360 0.8636363636363636 445 0.8636363636363636 0 0.0358689
399 360 0.8260869565217392 445 0.8510638297872339 0.0249769 0.0357599
400 360 0.7441860465116279 445 0.7619047619047619 0.0177187 0.0355795
401 360 0.8695652173913043 445 0.8444444444444444 -0.0251208 0.0349725
402 360 0.9047619047619048 445 0.8837209302325582 -0.021041 0.0344124
403 360 0.8500000000000001 445 0.9 0.05 0.0345683
404 360 0.8717948717948718 445 0.9268292682926829 0.0550344 0.0347729
405 360 0.8484848484848485 445 0.8484848484848485 0 0.0344252
406 360 0.8108108108108109 445 0.8571428571428571 0.046332 0.0345443
407 360 0.9032258064516129 445 0.8666666666666667 -0.0365591 0.0338332
408 360 0.896551724137931 445 0.888888888888889 -0.00766284 0.0334183
409 360 0.9090909090909091 445 0.9090909090909091 0 0.0330841
410 360 0.8823529411764706 445 0.8823529411764706 0 0.0327533
411 360 0.8387096774193549 445 0.9032258064516129 0.0645161 0.0330709
412 360 0.9333333333333333 445 0.896551724137931 -0.0367816 0.0323724
413 360 0.962962962962963 445 0.962962962962963 0 0.0320486
414 360 0.8750000000000001 445 0.8750000000000001 0 0.0317281
415 360 0.8666666666666666 445 0.8666666666666666 0 0.0314109
416 360 0.8666666666666666 445 0.9090909090909091 0.0424242 0.031521
417 360 0.8648648648648648 445 0.8947368421052632 0.029872 0.0315045
418 360 0.9696969696969697 445 0.9032258064516129 -0.0664712 0.0305248
419 360 0.8571428571428571 412 0.8571428571428571 0 0.0302195
420 360 0.9333333333333333 412 0.9333333333333333 0 0.0299173
421 360 0.888888888888889 412 0.888888888888889 0 0.0296181
422 360 0.923076923076923 412 0.923076923076923 0 0.029322
423 360 0.88 412 0.923076923076923 0.0430769 0.0294595
424 360 0.962962962962963 412 0.962962962962963 0 0.0291649
425 360 0.9166666666666666 412 0.9166666666666666 0 0.0288733
426 360 0.9230769230769231 412 0.9230769230769231 0 0.0285845
427 360 0.9285714285714286 412 0.9285714285714286 0 0.0282987
428 360 0.888888888888889 412 0.923076923076923 0.034188 0.0283576
429 360 0.9166666666666666 412 0.9166666666666666 0 0.028074
430 360 0.9600000000000001 412 0.9166666666666666 -0.0433333 0.0273599
431 360 0.8799999999999999 412 0.8799999999999999 0 0.0270863
432 360 0.888888888888889 412 0.846153846153846 -0.042735 0.0263881
433 360 0.8695652173913043 412 0.8695652173913043 0 0.0261242
434 360 0.9166666666666666 412 0.9166666666666666 0 0.025863
435 360 0.846153846153846 412 0.846153846153846 0 0.0256044
436 360 0.888888888888889 412 0.888888888888889 0 0.0253483
437 360 0.896551724137931 412 0.9333333333333333 0.0367816 0.0254627
438 360 0.9032258064516129 412 0.967741935483871 0.0645161 0.0258532
439 360 0.9333333333333333 412 0.896551724137931 -0.0367816 0.0252268
440 360 0.8387096774193549 412 0.8387096774193549 0 0.0249746
441 360 0.8125000000000001 371 0.7741935483870968 -0.0383065 0.0243418
442 360 0.9090909090909091 371 0.9032258064516129 -0.0058651 0.0240397
443 360 0.8275862068965517 371 0.8275862068965517 0 0.0237993
444 360 0.8387096774193549 371 0.8749999999999999 0.0362903 0.0239242
445 360 0.846153846153846 371 0.846153846153846 0 0.023685
446 360 0.8571428571428571 371 0.896551724137931 0.0394089 0.0238422
447 360 0.7999999999999999 371 0.7999999999999999 0 0.0236038
448 360 0.888888888888889 371 0.9285714285714286 0.0396825 0.0237646
449 360 0.9285714285714286 371 0.9285714285714286 0 0.0235269
450 360 0.7741935483870968 371 0.7741935483870968 0 0.0232917
451 360 0.8387096774193549 371 0.8387096774193549 0 0.0230587
452 360 0.8484848484848485 371 0.8484848484848485 0 0.0228281
453 360 0.8387096774193549 371 0.8387096774193549 0 0.0225999
454 360 0.8750000000000001 371 0.8750000000000001 0 0.0223739
455 360 0.8387096774193548 371 0.8387096774193548 0 0.0221501
456 360 0.8387096774193548 371 0.8387096774193548 0 0.0219286
457 360 0.888888888888889 371 0.888888888888889 0 0.0217093
458 360 0.8947368421052632 371 0.9189189189189189 0.0241821 0.0217341
459 360 0.8947368421052632 371 0.8648648648648648 -0.029872 0.021218
460 360 0.896551724137931 371 0.9285714285714286 0.0320197 0.021326
461 360 0.8823529411764706 371 0.8823529411764706 0 0.0211128
462 360 0.9375 371 0.9090909090909091 -0.0284091 0.0206175
463 360 0.8750000000000001 370 0.9090909090909091 0.0340909 0.0207523
464 360 0.9375 370 0.9375 0 0.0205448
465 360 0.9333333333333333 370 0.9333333333333333 0 0.0203393
466 360 0.962962962962963 370 0.962962962962963 0 0.0201359
467 360 0.8148148148148148 370 0.7692307692307692 -0.045584 0.0194787
468 360 0.8181818181818182 370 0.7826086956521738 -0.0355731 0.0189282
469 360 0.7857142857142856 370 0.7407407407407408 -0.0449735 0.0182892
470 360 0.7857142857142858 370 0.7857142857142858 0 0.0181063
471 360 0.9285714285714286 370 0.8461538461538461 -0.0824176 0.0171011
472 360 0.6666666666666666 370 0.7826086956521738 0.115942 0.0180895
473 360 0.5925925925925926 370 0.6666666666666666 0.0740741 0.0186493
474 360 0.6666666666666666 370 0.8000000000000002 0.133333 0.0197961
475 360 0.9 370 0.7999999999999999 -0.1 0.0185982
476 360 0.761904761904762 370 0.7000000000000001 -0.0619048 0.0177932
477 360 0.9565217391304348 370 0.8695652173913043 -0.0869565 0.0167457
478 360 0.7826086956521738 370 0.7826086956521738 0 0.0165782
479 360 0.8461538461538461 370 0.9230769230769231 0.0769231 0.0171817
480 360 0.7826086956521738 370 0.7826086956521738 0 0.0170098
481 360 0.761904761904762 370 0.761904761904762 0 0.0168397
482 360 0.8181818181818182 370 0.8571428571428571 0.038961 0.0170609
483 360 0.8181818181818182 370 0.6956521739130435 -0.12253 0.015665
484 360 0.9523809523809523 370 0.8421052631578948 -0.110276 0.0144056
485 360 0.9090909090909091 371 0.8 -0.109091 0.0131707
486 360 0.761904761904762 371 0.7999999999999999 0.0380952 0.0134199
487 360 0.823529411764706 371 0.7777777777777778 -0.0457516 0.0128282
488 360 0.7777777777777777 371 0.7777777777777777 0 0.0126999
489 360 0.8750000000000001 371 0.8750000000000001 0 0.0125729
490 360 0.9090909090909091 371 0.9090909090909091 0 0.0124472
491 360 0.7777777777777777 371 0.7777777777777777 0 0.0123227
492 360 0.7999999999999999 371 0.8181818181818182 0.0181818 0.0123813
493 360 0.7000000000000001 371 0.6666666666666667 -0.0333333 0.0119242
494 360 0.8235294117647058 371 0.888888888888889 0.0653595 0.0124585
495 360 0.7058823529411764 371 0.7777777777777777 0.0718954 0.0130529
496 360 0.8421052631578948 371 0.9 0.0578947 0.0135013
497 360 0.9 371 0.9523809523809523 0.052381 0.0138901
498 360 0.8421052631578948 371 0.8421052631578948 0 0.0137512
499 360 0.8235294117647058 371 0.888888888888889 0.0653595 0.0142673
500 360 0.7499999999999999 371 0.7499999999999999 0 0.0141246
501 360 0.7058823529411765 371 0.7777777777777778 0.0718954 0.0147023
502 360 0.9 371 0.9473684210526316 0.0473684 0.015029
503 360 0.8888888888888888 371 0.8888888888888888 0 0.0148787
504 360 0.8421052631578948 371 0.8421052631578948 0 0.0147299
505 360 0.9 371 0.9 0 0.0145826
506 360 0.7777777777777778 371 0.7777777777777778 0 0.0144368
507 360 0.8571428571428571 373 0.9090909090909091 0.0519481 0.0148119
508 360 0.7999999999999999 373 0.8571428571428572 0.0571429 0.0152352
509 360 0.888888888888889 373 0.888888888888889 0 0.0150828
510 360 0.8695652173913044 373 0.8695652173913044 0 0.014932
511 360 0.75 373 0.8421052631578948 0.0921053 0.0157038
512 360 0.8235294117647058 373 0.7777777777777777 -0.0457516 0.0150892
513 360 0.75 373 0.823529411764706 0.0735294 0.0156736
514 360 0.888888888888889 373 0.7499999999999999 -0.138889 0.014128
515 360 0.7058823529411764 373 0.625 -0.0808824 0.0131779
516 360 0.8 373 0.8 0 0.0130461
517 360 0.823529411764706 373 0.823529411764706 0 0.0129156
518 360 0.8571428571428571 373 0.8571428571428571 0 0.0127865
519 360 0.9 373 0.9 0 0.0126586
520 360 0.8181818181818182 373 0.8571428571428572 0.038961 0.0129216
521 360 0.7200000000000001 373 0.7692307692307692 0.0492308 0.0132847
522 360 0.8333333333333333 373 0.8333333333333333 0 0.0131519
523 360 0.8799999999999999 373 0.8799999999999999 0 0.0130204
524 360 0.8 373 0.7500000000000001 -0.05 0.0123902
525 360 0.8275862068965518 373 0.7586206896551724 -0.0689655 0.0115766
526 360 0.8695652173913043 373 0.9090909090909091 0.0395257 0.0118561
527 360 0.8333333333333333 373 0.8799999999999999 0.0466667 0.0122042
528 360 0.8571428571428571 373 0.8571428571428571 0 0.0120822
529 360 0.75 397 0.8333333333333334 0.0833333 0.0127947
530 360 0.8148148148148148 397 0.7857142857142857 -0.0291005 0.0123757
531 360 0.7499999999999999 397 0.8 0.05 0.012752
532 360 0.782608695652174 397 0.782608695652174 0 0.0126244
533 360 0.9090909090909091 397 0.9090909090909091 0 0.0124982
534 360 0.7777777777777777 397 0.9 0.122222 0.0135954
535 360 0.9 397 0.9 0 0.0134595
536 360 0.8571428571428572 397 0.8571428571428572 0 0.0133249
537 360 0.8421052631578948 397 0.9 0.0578947 0.0137706
538 360 0.7826086956521738 397 0.7826086956521738 0 0.0136329
539 360 0.7499999999999999 397 0.7499999999999999 0 0.0134965
540 360 0.8181818181818181 397 0.8181818181818181 0 0.0133616
541 360 0.8181818181818181 397 0.7826086956521738 -0.0355731 0.0128722
542 360 0.923076923076923 397 0.923076923076923 0 0.0127435
543 360 0.8666666666666666 397 0.8666666666666666 0 0.0126161
544 360 0.782608695652174 397 0.782608695652174 0 0.0124899
545 360 0.8695652173913043 397 0.9166666666666666 0.0471014 0.012836
546 360 0.8181818181818182 397 0.8181818181818182 0 0.0127077
547 360 0.9090909090909091 397 0.9090909090909091 0 0.0125806
548 360 0.8571428571428572 397 0.8181818181818182 -0.038961 0.0120652
549 360 0.9090909090909091 397 0.9090909090909091 0 0.0119445
550 360 0.9090909090909091 397 0.8571428571428572 -0.0519481 0.0113056
551 360 0.8799999999999999 397 0.9166666666666666 0.0366667 0.0115592
552 360 0.8695652173913044 397 0.9166666666666666 0.0471014 0.0119146
553 360 0.9166666666666666 397 0.9166666666666666 0 0.0117955
554 360 0.9 397 0.9 0 0.0116775
555 360 0.9166666666666666 397 0.9565217391304348 0.0398551 0.0119593
556 360 0.846153846153846 397 0.888888888888889 0.042735 0.0122671
557 360 0.8181818181818181 397 0.8695652173913044 0.0513834 0.0126582
558 360 0.8695652173913044 397 0.9166666666666666 0.0471014 0.0130027
559 360 0.8461538461538461 397 0.8333333333333333 -0.0128205 0.0127444
560 360 0.896551724137931 397 0.8571428571428571 -0.0394089 0.0122229
561 360 0.8275862068965517 397 0.8275862068965517 0 0.0121007
562 360 0.896551724137931 393 0.8571428571428571 -0.0394089 0.0115856
563 360 0.8666666666666666 393 0.8148148148148148 -0.0518519 0.0109512
564 360 0.9333333333333333 393 0.896551724137931 -0.0367816 0.0104739
565 360 0.8387096774193548 393 0.8750000000000001 0.0362903 0.010732
566 360 0.8750000000000001 393 0.9090909090909091 0.0340909 0.0109656
567 360 0.8888888888888888 393 0.918918918918919 0.03003 0.0111563
568 360 0.9189189189189189 393 0.8571428571428571 -0.0617761 0.0104269
569 360 0.888888888888889 393 0.888888888888889 0 0.0103227
570 360 0.8000000000000002 393 0.8275862068965517 0.0275862 0.0104953
571 360 0.888888888888889 393 0.9189189189189189 0.03003 0.0106907
572 360 0.8648648648648648 393 0.8333333333333333 -0.0315315 0.0102684
573 360 0.8749999999999999 393 0.9090909090909091 0.0340909 0.0105067
574 360 0.9375 393 0.9032258064516129 -0.0342742 0.0100589
575 360 0.8750000000000001 393 0.8750000000000001 0 0.00995826
576 360 0.8125000000000001 393 0.8125000000000001 0 0.00985868
577 360 0.8484848484848485 393 0.8484848484848485 0 0.00976009
578 360 0.8125000000000001 393 0.8484848484848485 0.0359848 0.0100223
579 360 0.888888888888889 393 0.888888888888889 0 0.00992212
580 360 0.9333333333333333 393 0.967741935483871 0.0344086 0.010167
581 360 0.8484848484848485 393 0.8484848484848485 0 0.0100653
582 360 0.8823529411764706 393 0.8571428571428571 -0.0252101 0.00971256
583 360 0.8333333333333334 393 0.8571428571428571 0.0238095 0.00985353
584 360 0.8823529411764706 367 0.8484848484848484 -0.0338681 0.00941631
585 360 0.8888888888888888 367 0.918918918918919 0.03003 0.00962245
586 360 0.8749999999999999 367 0.9090909090909091 0.0340909 0.00986713
587 360 0.8666666666666666 367 0.8666666666666666 0 0.00976846
588 360 0.962962962962963 367 0.9285714285714286 -0.0343915 0.00932686
589 360 0.9655172413793104 367 0.9655172413793104 0 0.00923359
590 360 0.8799999999999999 367 0.923076923076923 0.0430769 0.00957203
591 360 0.8333333333333333 367 0.88 0.0466667 0.00994297
592 360 0.8666666666666666 367 0.8275862068965517 -0.0390805 0.00945274
593 360 0.88 367 0.888888888888889 0.00888889 0.0094471
594 360 0.8275862068965517 367 0.8275862068965517 0 0.00935263
595 360 0.8461538461538461 367 0.88 0.0338462 0.00959757
596 360 0.8571428571428571 367 0.8571428571428571 0 0.00950159
597 360 0.8 367 0.923076923076923 0.123077 0.0106373
598 360 0.8461538461538461 367 0.88 0.0338462 0.0108694
599 360 0.8 367 0.8333333333333333 0.0333333 0.0110941
600 360 0.7586206896551725 367 0.8 0.0413793 0.0113969
601 360 0.8750000000000001 367 0.8387096774193548 -0.0362903 0.0109201
602 360 0.7586206896551724 367 0.7857142857142858 0.0270936 0.0110818
603 360 0.8148148148148148 367 0.72 -0.0948148 0.0100228
604 360 0.8125 367 0.8387096774193549 0.0262097 0.0101847
605 360 0.7826086956521738 367 0.7826086956521738 0 0.0100828
606 360 0.8 367 0.8 0 0.00998201
607 360 0.8799999999999999 367 0.8799999999999999 0 0.00988219
608 360 0.8275862068965518 367 0.7407407407407408 -0.0868455 0.00891492
609 360 0.8000000000000002 367 0.787878787878788 -0.0121212 0.00870455
610 360 0.7692307692307692 367 0.7407407407407408 -0.02849 0.00833261
611 360 0.7857142857142856 367 0.8275862068965518 0.0418719 0.008668
612 360 0.7692307692307692 367 0.8148148148148148 0.045584 0.00903716
613 360 0.8000000000000002 367 0.7586206896551724 -0.0413793 0.008533
614 360 0.6875000000000001 367 0.7272727272727272 0.0397727 0.0088454
615 360 0.7878787878787877 367 0.8125000000000001 0.0246212 0.00900315
616 360 0.7333333333333334 367 0.7333333333333334 0 0.00891312
617 360 0.75 365 0.8 0.05 0.00932399
618 360 0.8333333333333333 365 0.8799999999999999 0.0466667 0.00969742
619 360 0.8275862068965518 365 0.7857142857142856 -0.0418719 0.00918172
620 360 0.7692307692307692 365 0.846153846153846 0.0769231 0.00985914
621 360 0.8666666666666667 365 0.8275862068965518 -0.0390805 0.00936974
622 360 0.8695652173913043 365 0.8571428571428571 -0.0124224 0.00915182
623 360 0.8333333333333333 365 0.8333333333333333 0 0.0090603
624 360 0.9600000000000001 365 0.9600000000000001 0 0.0089697
625 360 0.761904761904762 365 0.8181818181818181 0.0562771 0.00944277
626 360 0.8181818181818182 365 0.7999999999999999 -0.0181818 0.00916653
627 360 0.923076923076923 365 0.923076923076923 0 0.00907486
628 360 0.9473684210526316 365 0.9473684210526316 0 0.00898411
629 360 0.9 365 0.8421052631578948 -0.0578947 0.00831532
630 360 0.7857142857142856 365 0.7857142857142856 0 0.00823217
631 360 0.8571428571428572 365 0.761904761904762 -0.0952381 0.00719747
632 360 0.9600000000000001 365 0.9600000000000001 0 0.00712549
633 360 0.8461538461538461 365 0.8148148148148148 -0.031339 0.00674085
634 360 0.782608695652174 365 0.923076923076923 0.140468 0.00807812
635 360 0.923076923076923 365 0.923076923076923 0 0.00799734
636 360 0.8571428571428571 365 0.8571428571428571 0 0.00791737
637 360 0.88 365 0.962962962962963 0.082963 0.00866782
638 360 0.8799999999999999 365 0.8799999999999999 0 0.00858115
639 360 0.888888888888889 365 0.923076923076923 0.034188 0.00883721
640 360 0.962962962962963 365 0.923076923076923 -0.039886 0.00834998
641 360 0.888888888888889 365 0.8148148148148148 -0.0740741 0.00752574
642 360 0.88 365 0.88 0 0.00745048
643 360 0.8 365 0.8 0 0.00737598
644 360 0.8695652173913044 365 0.8333333333333333 -0.0362319 0.0069399
645 360 0.8695652173913044 365 0.8695652173913044 0 0.0068705
646 360 0.88 365 0.88 0 0.0068018
647 360 0.7826086956521738 365 0.7826086956521738 0 0.00673378
648 360 0.9166666666666666 365 0.9166666666666666 0 0.00666644
649 360 0.8181818181818181 365 0.761904761904762 -0.0562771 0.00603701
650 360 0.8571428571428571 364 0.8571428571428571 0 0.00597664
651 360 0.9 364 0.9 0 0.00591687
652 360 0.761904761904762 364 0.761904761904762 0 0.0058577
653 360 0.8695652173913044 364 0.8695652173913044 0 0.00579912
654 360 0.9090909090909091 364 0.9090909090909091 0 0.00574113
655 360 0.8571428571428571 364 0.8571428571428571 0 0.00568372
656 360 0.9 364 0.8571428571428572 -0.0428571 0.00519831
657 360 0.9090909090909091 364 0.9090909090909091 0 0.00514633
658 360 0.888888888888889 364 0.888888888888889 0 0.00509487
659 360 0.8750000000000001 364 0.8 -0.075 0.00429392
660 360 0.9411764705882353 364 0.9411764705882353 0 0.00425098
661 360 0.8750000000000001 364 0.8750000000000001 0 0.00420847
662 360 0.8 364 0.761904761904762 -0.0380952 0.00378543
663 360 0.9090909090909091 364 0.8695652173913043 -0.0395257 0.00335232
664 360 0.8695652173913044 364 0.8695652173913044 0 0.0033188
665 360 0.8181818181818181 364 0.8695652173913044 0.0513834 0.00379944
666 360 0.8181818181818181 364 0.8181818181818181 0 0.00376145
667 360 0.8695652173913044 364 0.8181818181818181 -0.0513834 0.00321
668 360 0.8181818181818181 364 0.8181818181818181 0 0.0031779
669 360 0.8 364 0.8181818181818182 0.0181818 0.00332794
670 360 0.761904761904762 364 0.761904761904762 0 0.00329466
671 360 0.8421052631578948 364 0.9 0.0578947 0.00384066
672 360 0.8181818181818182 364 0.8571428571428571 0.038961 0.00419186
673 360 0.8181818181818182 364 0.8571428571428571 0.038961 0.00453956
674 360 0.8181818181818182 364 0.8571428571428571 0.038961 0.00488377
675 360 0.8181818181818182 364 0.8181818181818182 0 0.00483493
676 360 0.8181818181818182 364 0.8181818181818182 0 0.00478658
677 360 0.8695652173913044 364 0.7826086956521738 -0.0869565 0.00386915
678 360 0.8181818181818182 364 0.7826086956521738 -0.0355731 0.00347473
679 360 0.8181818181818182 364 0.7826086956521738 -0.0355731 0.00308425
680 360 0.8181818181818182 364 0.8571428571428571 0.038961 0.00344302
681 360 0.8181818181818182 364 0.8571428571428571 0.038961 0.0037982
682 360 0.8181818181818182 364 0.8181818181818182 0 0.00376022
683 360 0.7826086956521738 393 0.8799999999999999 0.0973913 0.00469653
684 360 0.8181818181818182 393 0.9166666666666666 0.0984848 0.00563441
685 360 0.8695652173913044 393 0.9600000000000001 0.0904348 0.00648242
686 360 0.8333333333333333 393 0.88 0.0466667 0.00688426
687 360 0.7826086956521738 393 0.8695652173913044 0.0869565 0.00768498
688 360 0.75 393 0.8333333333333333 0.0833333 0.00844146
689 360 0.8333333333333333 393 0.88 0.0466667 0.00882372
690 360 0.7826086956521738 393 0.8695652173913044 0.0869565 0.00960504
691 360 0.7826086956521738 393 0.8695652173913043 0.0869565 0.0103786
692 360 0.7826086956521738 393 0.9090909090909091 0.126482 0.0115396
693 360 0.8333333333333333 393 0.8333333333333333 0 0.0114242
694 360 0.8695652173913044 393 0.8333333333333333 -0.0362319 0.0109476
695 360 0.8181818181818181 393 0.8695652173913044 0.0513834 0.011352
696 360 0.8181818181818181 393 0.8695652173913044 0.0513834 0.0117523
697 360 0.8181818181818182 393 0.8695652173913043 0.0513834 0.0121486
698 360 0.8333333333333333 393 0.8333333333333333 0 0.0120271
699 360 0.8181818181818182 393 0.9090909090909091 0.0909091 0.012816
700 360 0.8695652173913044 393 0.8695652173913044 0 0.0126878
701 360 0.8695652173913044 393 0.8695652173913044 0 0.0125609
702 360 0.8181818181818182 393 0.9090909090909091 0.0909091 0.0133444
703 360 0.8571428571428571 393 0.9090909090909091 0.0519481 0.0137304
704 360 0.8571428571428571 393 0.9090909090909091 0.0519481 0.0141126
705 360 0.8181818181818182 393 0.9565217391304348 0.13834 0.0153549
706 360 0.8181818181818182 393 0.9565217391304348 0.13834 0.0165847
707 360 0.8695652173913044 393 0.8695652173913044 0 0.0164189
708 360 0.9166666666666666 393 0.9600000000000001 0.0433333 0.016688
709 360 0.9166666666666666 393 0.9600000000000001 0.0433333 0.0169545
710 360 0.9600000000000001 393 0.9166666666666666 -0.0433333 0.0163516
711 360 0.9166666666666666 393 0.8799999999999999 -0.0366667 0.0158214
712 360 0.8695652173913044 393 0.9600000000000001 0.0904348 0.0165676
713 360 0.8571428571428571 393 0.9090909090909091 0.0519481 0.0169214
714 360 0.8181818181818182 393 0.9090909090909091 0.0909091 0.0176612
715 360 0.7826086956521738 393 0.8695652173913043 0.0869565 0.0183542
716 360 0.761904761904762 413 0.8571428571428571 0.0952381 0.019123
717 360 0.7999999999999999 413 0.8571428571428572 0.0571429 0.0195032
718 360 0.761904761904762 413 0.8571428571428571 0.0952381 0.0202606
719 360 0.761904761904762 413 0.8571428571428571 0.0952381 0.0210104
720 360 0.7272727272727274 413 0.8695652173913044 0.142292 0.0222232
721 360 0.8181818181818182 413 0.9090909090909091 0.0909091 0.02291
722 360 0.8571428571428571 413 0.9090909090909091 0.0519481 0.0232004
723 360 0.8181818181818181 413 0.8695652173913044 0.0513834 0.0234822
724 360 0.8 413 0.8571428571428571 0.0571429 0.0238189
725 360 0.8 413 0.8571428571428571 0.0571429 0.0241521
726 360 0.761904761904762 413 0.9090909090909091 0.147186 0.0253824
727 360 0.761904761904762 413 0.8181818181818181 0.0562771 0.0256914
728 360 0.761904761904762 413 0.8181818181818181 0.0562771 0.0259972
729 360 0.8 413 0.8695652173913043 0.0695652 0.0264329
730 360 0.782608695652174 413 0.8333333333333333 0.0507246 0.0266758
731 360 0.8421052631578948 413 0.9 0.0578947 0.026988
732 360 0.8421052631578948 413 0.9 0.0578947 0.0272971
733 360 0.761904761904762 413 0.8571428571428571 0.0952381 0.0279765
734 360 0.8181818181818182 413 0.9 0.0818182 0.0285149
735 360 0.8181818181818182 413 0.761904761904762 -0.0562771 0.027667
736 360 0.7999999999999999 413 0.7999999999999999 0 0.0273903
737 360 0.8421052631578948 413 0.8421052631578948 0 0.0271164
738 360 0.8571428571428572 413 0.761904761904762 -0.0952381 0.0258929
739 360 0.8695652173913044 413 0.7826086956521738 -0.0869565 0.0247644
740 360 0.9090909090909091 413 0.8181818181818182 -0.0909091 0.0236076
741 360 0.761904761904762 413 0.7272727272727272 -0.034632 0.0230253
742 360 0.8000000000000002 413 0.8000000000000002 0 0.022795
743 360 0.761904761904762 413 0.8571428571428572 0.0952381 0.0235194
744 360 0.8571428571428571 413 0.8181818181818182 -0.038961 0.0228946
745 360 0.8571428571428571 413 0.8181818181818182 -0.038961 0.0222761
746 360 0.761904761904762 413 0.8181818181818182 0.0562771 0.0226161
747 360 0.761904761904762 413 0.8181818181818182 0.0562771 0.0229527
748 360 0.8695652173913044 413 0.9166666666666666 0.0471014 0.0231942
749 360 0.8181818181818182 413 0.9090909090909091 0.0909091 0.0238713
750 360 0.8181818181818182 413 0.9090909090909091 0.0909091 0.0245417
751 360 0.8181818181818182 413 0.8695652173913043 0.0513834 0.0248101
752 360 0.8181818181818182 413 0.8695652173913043 0.0513834 0.0250759
753 360 0.761904761904762 413 0.8181818181818182 0.0562771 0.0253879
754 360 0.8181818181818182 413 0.8695652173913043 0.0513834 0.0256478
755 360 0.7826086956521738 413 0.8333333333333333 0.0507246 0.0258986
756 360 0.7826086956521738 413 0.8333333333333333 0.0507246 0.0261468
757 360 0.7826086956521738 413 0.9090909090909091 0.126482 0.0271502
758 360 0.7500000000000001 413 0.8799999999999999 0.13 0.0281787
759 360 0.7200000000000001 413 0.88 0.16 0.0294969
760 360 0.7826086956521738 448 0.9600000000000001 0.177391 0.0309759
761 360 0.7826086956521738 448 0.9166666666666666 0.134058 0.0320067
762 360 0.7826086956521738 448 0.9166666666666666 0.134058 0.0330272
763 360 0.7826086956521738 448 0.9166666666666666 0.134058 0.0340375
764 360 0.7200000000000001 448 0.888888888888889 0.168889 0.035386
765 360 0.7407407407407406 448 0.896551724137931 0.155811 0.0365903
766 360 0.7200000000000001 448 0.962962962962963 0.242963 0.038654
767 360 0.7200000000000001 448 0.8 0.08 0.0390674
768 360 0.7692307692307692 448 0.962962962962963 0.193732 0.0406141
769 360 0.7200000000000001 448 0.962962962962963 0.242963 0.0426376
770 360 0.6956521739130435 448 0.8461538461538461 0.150502 0.0437162
771 360 0.6923076923076923 448 0.8571428571428571 0.164835 0.0449274
772 360 0.75 448 0.8 0.05 0.0449781
773 360 0.7692307692307692 448 0.888888888888889 0.119658 0.0457249
774 360 0.8799999999999999 448 0.888888888888889 0.00888889 0.0453566
775 360 0.8695652173913044 448 0.9166666666666666 0.0471014 0.045374
776 360 0.8333333333333333 448 0.8799999999999999 0.0466667 0.045387
777 360 0.8461538461538461 448 0.888888888888889 0.042735 0.0453604
778 360 0.888888888888889 448 0.888888888888889 0 0.0449068
779 360 0.75 448 0.88 0.13 0.0457578
780 360 0.8333333333333333 448 0.8799999999999999 0.0466667 0.0457669
781 360 0.8181818181818181 448 0.8695652173913044 0.0513834 0.045823
782 360 0.8181818181818181 448 0.8695652173913044 0.0513834 0.0458786
783 360 0.8181818181818182 448 0.9090909090909091 0.0909091 0.0463289
784 360 0.7826086956521738 448 0.8333333333333334 0.0507246 0.0463729
785 360 0.8333333333333334 448 0.8799999999999999 0.0466667 0.0463758
786 360 0.8333333333333333 448 0.8 -0.0333333 0.0455787
787 360 0.8571428571428572 448 0.8695652173913044 0.0124224 0.0452472
788 360 0.7200000000000001 448 0.8148148148148148 0.0948148 0.0457428
789 360 0.8181818181818182 448 0.8799999999999999 0.0618182 0.0459036
790 360 0.9473684210526316 448 0.9523809523809523 0.00501253 0.0454947
791 360 0.8181818181818182 448 0.9166666666666666 0.0984848 0.0460246
792 360 0.8181818181818182 448 0.8695652173913043 0.0513834 0.0460782
793 360 0.7272727272727272 449 0.761904761904762 0.034632 0.0459637
794 360 0.7826086956521738 449 0.8695652173913044 0.0869565 0.0463736
795 360 0.7826086956521738 449 0.8333333333333333 0.0507246 0.0464172
796 360 0.7272727272727272 449 0.7826086956521738 0.055336 0.0465063
797 360 0.7272727272727272 449 0.8181818181818182 0.0909091 0.0469504
798 360 0.7272727272727272 449 0.8181818181818182 0.0909091 0.04739
799 360 0.8181818181818182 449 0.8181818181818182 0 0.0469161
800 360 0.7826086956521738 449 0.8181818181818182 0.0355731 0.0468026
801 360 0.8571428571428572 449 0.9 0.0428571 0.0467632
802 360 0.7826086956521738 449 0.8695652173913043 0.0869565 0.0471651
803 360 0.75 449 0.923076923076923 0.173077 0.0484242
804 360 0.8695652173913043 449 0.9565217391304348 0.0869565 0.0488095
805 360 0.8333333333333334 449 0.9090909090909091 0.0757576 0.049079
806 360 0.7826086956521738 449 0.8181818181818182 0.0355731 0.048944
807 360 0.9090909090909091 449 0.9523809523809523 0.04329 0.0488874
808 360 0.9090909090909091 449 0.9090909090909091 0 0.0483986
809 360 0.8799999999999999 449 0.9166666666666666 0.0366667 0.0482812
810 360 0.9565217391304348 449 0.9166666666666666 -0.0398551 0.0473999
811 360 0.9166666666666666 449 0.9565217391304348 0.0398551 0.0473244
812 360 0.8695652173913043 449 0.9565217391304348 0.0869565 0.0477207
813 360 0.8799999999999999 449 0.9600000000000001 0.08 0.0480435
814 360 0.8799999999999999 449 0.9600000000000001 0.08 0.0483631
815 360 0.8333333333333333 449 0.9166666666666666 0.0833333 0.0487128
816 360 0.9090909090909091 449 0.9090909090909091 0 0.0482257
817 360 0.8333333333333334 449 0.8695652173913043 0.0362319 0.0481057
818 360 0.8181818181818182 449 0.9090909090909091 0.0909091 0.0485338
819 360 0.8799999999999999 449 0.8333333333333333 -0.0466667 0.0475818
820 360 0.8571428571428572 449 0.8571428571428572 0 0.0471059
821 360 0.9166666666666666 449 0.8333333333333333 -0.0833333 0.0458016
822 360 0.8181818181818182 449 0.8181818181818182 0 0.0453435
823 360 0.8181818181818181 449 0.8333333333333333 0.0151515 0.0450416
824 360 0.8333333333333334 449 0.8695652173913043 0.0362319 0.0449535
825 360 0.8461538461538461 449 0.8 -0.0461538 0.0440425
826 360 0.8333333333333334 449 0.8 -0.0333333 0.0432687
827 360 0.8695652173913043 449 0.8 -0.0695652 0.0421404
828 360 0.7826086956521738 449 0.8461538461538461 0.0635452 0.0423544
829 360 0.75 449 0.8 0.05 0.0424309
830 360 0.7826086956521738 449 0.8333333333333334 0.0507246 0.0425138
831 360 0.7826086956521738 449 0.8695652173913043 0.0869565 0.0429582
832 360 0.8571428571428572 449 0.9523809523809523 0.0952381 0.043481
833 360 0.8571428571428572 449 0.8 -0.0571429 0.0424748
834 360 0.9565217391304348 449 0.8333333333333334 -0.123188 0.0408182
835 360 0.8333333333333333 449 0.8695652173913043 0.0362319 0.0407723
836 360 0.8 449 0.8 0 0.0403646
837 360 0.8148148148148148 431 0.8461538461538461 0.031339 0.0402743
838 360 0.8571428571428571 431 0.888888888888889 0.031746 0.040189
839 360 0.7500000000000001 431 0.7826086956521738 0.0326087 0.0401132
840 360 0.8181818181818182 431 0.8181818181818182 0 0.0397121
841 360 0.8181818181818182 431 0.8181818181818182 0 0.039315
842 360 0.8181818181818182 431 0.8571428571428572 0.038961 0.0393114
843 360 0.7199999999999999 431 0.8799999999999999 0.16 0.0405183
844 360 0.8181818181818182 431 0.8181818181818182 0 0.0401131
845 360 0.8571428571428571 431 0.9090909090909091 0.0519481 0.0402315
846 360 0.7999999999999999 431 0.8571428571428572 0.0571429 0.0404006
847 360 0.8571428571428571 431 0.9090909090909091 0.0519481 0.0405161
848 360 0.7272727272727272 431 0.9090909090909091 0.181818 0.0419291
849 360 0.761904761904762 431 0.9523809523809523 0.190476 0.0434146
850 360 0.8181818181818182 431 0.8695652173913043 0.0513834 0.0434943
851 360 0.761904761904762 431 0.8571428571428572 0.0952381 0.0440117
852 360 0.7999999999999999 431 0.8181818181818182 0.0181818 0.0437534
853 360 0.761904761904762 431 0.9 0.138095 0.0446968
854 360 0.7272727272727273 431 0.8181818181818182 0.0909091 0.0451589
855 360 0.7826086956521738 431 0.9166666666666666 0.134058 0.0460479
856 360 0.7826086956521738 431 0.7826086956521738 0 0.0455874
857 360 0.8333333333333334 431 0.9166666666666666 0.0833333 0.0459649
858 360 0.8181818181818182 431 0.8181818181818182 0 0.0455053
859 360 0.7826086956521738 431 0.9166666666666666 0.134058 0.0463908
860 360 0.6956521739130435 431 0.8333333333333333 0.137681 0.0473037
861 360 0.7000000000000001 431 0.8695652173913043 0.169565 0.0485263
862 360 0.7999999999999999 431 0.9090909090909091 0.109091 0.0491319
863 360 0.8181818181818182 431 0.9090909090909091 0.0909091 0.0495497
864 360 0.7499999999999999 431 0.8 0.05 0.0495542
865 360 0.8 431 0.923076923076923 0.123077 0.0502894
866 360 0.75 431 0.923076923076923 0.173077 0.0515173
867 360 0.761904761904762 431 0.9166666666666666 0.154762 0.0525498
868 360 0.8421052631578948 431 0.8181818181818182 -0.0239234 0.051785
869 360 0.8571428571428572 431 0.8 -0.0571429 0.0506958
870 360 0.88 431 0.8571428571428571 -0.0228571 0.0499602
871 360 0.88 431 0.8571428571428571 -0.0228571 0.0492321
872 360 0.7826086956521738 431 0.7857142857142857 0.00310559 0.0487708
873 360 0.88 431 0.888888888888889 0.00888889 0.048372
874 360 0.7826086956521738 431 0.8799999999999999 0.0973913 0.0488622
875 360 0.9166666666666666 431 0.9600000000000001 0.0433333 0.0488069
876 360 0.8571428571428571 431 0.896551724137931 0.0394089 0.0487129
877 360 0.7272727272727272 431 0.9565217391304348 0.229249 0.0505183
878 360 0.7777777777777777 431 0.9 0.122222 0.0512353
879 360 0.7999999999999999 431 0.9090909090909091 0.109091 0.0518139
880 360 0.8571428571428571 431 0.9565217391304348 0.0993789 0.0522895
881 360 0.9090909090909091 431 0.9565217391304348 0.0474308 0.0522409
882 360 0.9090909090909091 431 0.9565217391304348 0.0474308 0.0521928
883 360 0.9090909090909091 431 0.9565217391304348 0.0474308 0.0521452
884 360 0.6666666666666665 431 0.8421052631578948 0.175439 0.0533781
885 360 0.888888888888889 431 0.9 0.0111111 0.0529555
886 360 0.7777777777777777 431 0.9473684210526316 0.169591 0.0541218
887 360 0.8421052631578948 431 0.7999999999999999 -0.0421053 0.0531595
888 360 0.7000000000000001 431 0.761904761904762 0.0619048 0.053247
889 360 0.7368421052631579 431 0.7000000000000001 -0.0368421 0.0523461
890 360 0.8421052631578948 431 0.8571428571428572 0.0150376 0.051973
891 360 0.8571428571428572 431 0.8571428571428572 0 0.0514533
892 360 0.8000000000000002 431 0.8421052631578948 0.0421053 0.0513598
893 360 0.6956521739130435 431 0.9 0.204348 0.0528897
894 360 0.7826086956521738 431 0.75 -0.0326087 0.0520347
895 360 0.8571428571428571 431 0.9090909090909091 0.0519481 0.0520338
896 360 0.8181818181818182 431 0.9090909090909091 0.0909091 0.0524226
897 360 0.8181818181818182 431 0.9090909090909091 0.0909091 0.0528075
898 360 0.7999999999999999 431 0.8421052631578948 0.0421053 0.0527004
899 360 0.6666666666666666 431 0.7999999999999999 0.133333 0.0535068
900 360 0.8181818181818182 431 0.9090909090909091 0.0909091 0.0538808
901 360 0.8571428571428572 431 0.9090909090909091 0.0519481 0.0538615
902 360 0.7826086956521738 431 0.9090909090909091 0.126482 0.0545877
903 360 0.7826086956521738 427 0.8333333333333333 0.0507246 0.054549
904 360 0.8181818181818182 427 0.8695652173913043 0.0513834 0.0545174
905 360 0.8421052631578948 427 0.9 0.0578947 0.0545512
906 360 0.8571428571428571 427 0.9090909090909091 0.0519481 0.0545251
907 360 0.8695652173913044 427 0.8695652173913044 0 0.0539799
908 360 0.761904761904762 427 0.8695652173913044 0.10766 0.0545167
909 360 0.9090909090909091 427 0.9565217391304348 0.0474308 0.0544458
910 360 0.761904761904762 427 0.9166666666666666 0.154762 0.055449
911 360 0.8571428571428571 427 0.9565217391304348 0.0993789 0.0558883
912 360 0.8571428571428571 427 0.9090909090909091 0.0519481 0.0558489
913 360 0.9 427 0.9 0 0.0552904
914 360 0.9 427 0.8571428571428572 -0.0428571 0.0543089
915 360 0.9 427 0.9523809523809523 0.052381 0.0542896
916 360 0.8421052631578948 427 0.9 0.0578947 0.0543257
917 360 0.7999999999999999 427 0.8181818181818182 0.0181818 0.0539642
918 360 0.9 427 0.9090909090909091 0.00909091 0.0535155
919 360 0.9 427 0.9523809523809523 0.052381 0.0535042
920 360 0.9 427 0.9523809523809523 0.052381 0.0534929
921 360 0.8421052631578948 427 0.888888888888889 0.0467836 0.0534258
922 360 0.888888888888889 427 0.9473684210526316 0.0584795 0.0534764
923 360 0.7777777777777777 427 0.7777777777777777 0 0.0529416
924 360 0.888888888888889 427 0.888888888888889 0 0.0524122
925 360 0.8421052631578948 409 0.888888888888889 0.0467836 0.0523559
926 360 0.8421052631578948 409 0.8421052631578948 0 0.0518324
927 360 0.888888888888889 409 0.888888888888889 0 0.051314
928 360 0.7999999999999999 409 0.8571428571428572 0.0571429 0.0513723
929 360 0.8421052631578948 409 0.9 0.0578947 0.0514375
930 360 0.8421052631578948 409 0.9 0.0578947 0.0515021
931 360 0.8421052631578948 409 0.9 0.0578947 0.051566
932 360 0.9 409 0.9 0 0.0510504
933 360 0.7999999999999999 409 0.9 0.1 0.0515399
934 360 0.761904761904762 409 0.9 0.138095 0.0524054
935 360 0.9090909090909091 409 0.9 -0.00909091 0.0517905
936 360 0.8421052631578948 409 0.9 0.0578947 0.0518515
937 360 0.8421052631578948 409 0.9 0.0578947 0.0519119
938 360 0.8421052631578948 409 0.9 0.0578947 0.0519718
939 360 0.8421052631578948 409 0.9 0.0578947 0.052031
940 360 0.8421052631578948 409 0.9 0.0578947 0.0520896
941 360 0.8421052631578948 409 0.9 0.0578947 0.0521477
942 360 0.8421052631578948 409 0.9 0.0578947 0.0522052
943 360 0.8421052631578948 409 0.9 0.0578947 0.0522621
944 360 0.7999999999999999 409 0.9 0.1 0.0527394
945 360 0.7999999999999999 409 0.8571428571428572 0.0571429 0.0527835
946 360 0.8421052631578948 409 0.9 0.0578947 0.0528346
947 360 0.8421052631578948 409 0.9 0.0578947 0.0528852
948 360 0.8421052631578948 409 0.9 0.0578947 0.0529353
949 360 0.8421052631578948 409 0.8421052631578948 0 0.0524059
950 360 0.8 409 0.8571428571428571 0.0571429 0.0524533
951 360 0.888888888888889 409 0.9473684210526316 0.0584795 0.0525136
952 360 0.8421052631578948 409 0.8571428571428572 0.0150376 0.0521388
953 360 0.8421052631578948 409 0.9 0.0578947 0.0521964
954 360 0.8421052631578948 409 0.9 0.0578947 0.0522533
955 360 0.8421052631578948 409 0.8571428571428572 0.0150376 0.0518812
956 360 0.8421052631578948 409 0.9 0.0578947 0.0519413
957 360 0.8421052631578948 409 0.9 0.0578947 0.0520009
958 360 0.8 410 0.9090909090909091 0.109091 0.0525718
959 360 0.761904761904762 410 0.8695652173913044 0.10766 0.0531226
960 360 0.8571428571428571 410 0.9565217391304348 0.0993789 0.0535852
961 360 0.8421052631578948 410 0.9523809523809523 0.110276 0.0541521
962 360 0.8695652173913044 410 0.9166666666666666 0.0471014 0.0540816
963 360 0.8571428571428571 410 0.9565217391304348 0.0993789 0.0545346
964 360 0.8333333333333333 410 0.88 0.0466667 0.0544559
965 360 0.8 410 0.8148148148148148 0.0148148 0.0540595
966 360 0.761904761904762 410 0.8181818181818181 0.0562771 0.0540817
967 360 0.7777777777777778 410 0.7999999999999999 0.0222222 0.0537631
968 360 0.8 410 0.8181818181818182 0.0181818 0.0534073
969 360 0.8421052631578948 410 0.9090909090909091 0.0669856 0.053543
970 360 0.888888888888889 410 0.9523809523809523 0.0634921 0.0536425
971 360 0.7999999999999999 410 0.9090909090909091 0.109091 0.054197
972 360 0.7777777777777778 410 0.9 0.122222 0.0548773
973 360 0.8750000000000001 410 1.0 0.125 0.0555785
974 360 0.8235294117647058 410 0.9473684210526316 0.123839 0.0562611
975 360 0.8421052631578948 410 0.9523809523809523 0.110276 0.0568012
976 360 0.7368421052631579 410 0.8571428571428572 0.120301 0.0574362
977 360 0.7000000000000001 410 0.9090909090909091 0.209091 0.0589528
978 360 0.7058823529411764 410 0.9473684210526316 0.241486 0.0607781
979 360 0.7368421052631579 410 0.9090909090909091 0.172249 0.0618928
980 360 0.8695652173913044 410 0.9600000000000001 0.0904348 0.0621782
981 360 0.7368421052631579 410 0.8571428571428571 0.120301 0.0627595
982 360 0.7777777777777777 410 0.8571428571428572 0.0793651 0.0629255
983 360 0.7368421052631577 410 0.8571428571428572 0.120301 0.0634993
984 360 0.8421052631578948 410 0.9523809523809523 0.110276 0.063967
985 360 0.7777777777777778 410 0.9 0.122222 0.0645496
986 360 0.7777777777777777 410 0.888888888888889 0.111111 0.0650152
987 360 0.7368421052631577 410 0.8421052631578948 0.105263 0.0654177
988 360 0.7777777777777778 410 0.9 0.122222 0.0659857
989 360 0.8571428571428571 410 0.9090909090909091 0.0519481 0.0658454
990 360 0.7499999999999999 410 0.888888888888889 0.138889 0.0665758
991 360 0.888888888888889 429 0.8421052631578948 -0.0467836 0.0654422
992 360 0.7692307692307692 429 0.8064516129032259 0.0372208 0.06516
993 360 0.835820895522388 429 0.9014084507042254 0.0655876 0.0651643
994 360 0.8955223880597014 429 0.8955223880597014 0 0.0645126
995 360 0.918918918918919 429 0.8918918918918918 -0.027027 0.0635972
996 360 0.8648648648648648 429 0.8333333333333334 -0.0315315 0.0626459
997 360 0.8405797101449276 429 0.8450704225352113 0.00449071 0.0620644
998 360 0.8070175438596491 429 0.8620689655172413 0.0550514 0.0619942
999 360 0.819672131147541 429 0.7999999999999999 -0.0196721 0.0611776
1000 360 0.8405797101449276 429 0.8656716417910448 0.0250919 0.0608167
1001 360 0.8695652173913043 429 0.8955223880597014 0.0259572 0.0604681
1002 360 0.8985507246376812 429 0.927536231884058 0.0289855 0.0601533
1003 360 0.911764705882353 429 0.927536231884058 0.0157715 0.0597095
1004 360 0.7878787878787878 429 0.835820895522388 0.0479421 0.0595918
1005 360 0.8157894736842105 429 0.8311688311688312 0.0153794 0.0591497
1006 360 0.8333333333333334 429 0.8378378378378379 0.0045045 0.0586032
1007 360 0.7837837837837838 429 0.8311688311688312 0.047385 0.0584911
1008 360 0.8571428571428572 429 0.8799999999999999 0.0228571 0.0581347
1009 360 0.868421052631579 429 0.868421052631579 0 0.0575534
1010 360 0.8378378378378378 429 0.8108108108108107 -0.027027 0.0567076
1011 360 0.8266666666666665 429 0.8266666666666665 0 0.0561405
1012 360 0.9041095890410958 429 0.9041095890410958 0 0.0555791
1013 360 0.8800000000000001 429 0.8800000000000001 0 0.0550233
1014 360 0.8461538461538461 429 0.9090909090909091 0.0629371 0.0551024
1015 360 0.8684210526315789 429 0.9066666666666667 0.0382456 0.0549339
1016 360 0.9315068493150684 429 0.958904109589041 0.0273973 0.0546585
1017 360 0.8055555555555556 429 0.8378378378378378 0.0322823 0.0544347
1018 360 0.8732394366197183 429 0.8888888888888888 0.0156495 0.0540469
1019 360 0.8333333333333334 429 0.8611111111111113 0.0277778 0.0537842
1020 360 0.8266666666666667 429 0.8421052631578948 0.0154386 0.0534007
1021 360 0.8695652173913043 429 0.823529411764706 -0.0460358 0.0524064
1022 360 0.835820895522388 429 0.835820895522388 0 0.0518823
1023 360 0.888888888888889 429 0.888888888888889 0 0.0513635
1024 360 0.8823529411764706 406 0.8571428571428571 -0.0252101 0.0505977
1025 360 0.8732394366197184 406 0.8985507246376812 0.0253113 0.0503449
1026 360 0.8648648648648649 406 0.8571428571428572 -0.00772201 0.0497642
1027 360 0.9014084507042254 406 0.9315068493150684 0.0300984 0.0495676
1028 360 0.7761194029850746 406 0.8 0.0238806 0.0493107
1029 360 0.8059701492537313 406 0.8285714285714285 0.0226013 0.0490436
1030 360 0.8571428571428572 406 0.8571428571428572 0 0.0485532
1031 360 0.8484848484848485 406 0.8529411764705881 0.00445633 0.0481122
1032 360 0.8823529411764706 406 0.8695652173913043 -0.0127877 0.0475032
1033 360 0.8823529411764706 406 0.8529411764705882 -0.0294118 0.046734
1034 360 0.9090909090909091 406 0.8831168831168831 -0.025974 0.046007
1035 360 0.8333333333333334 406 0.8450704225352113 0.0117371 0.0456643
1036 360 0.875 406 0.846153846153846 -0.0288462 0.0449192
1037 360 0.8354430379746836 406 0.8157894736842105 -0.0196536 0.0442734
1038 360 0.8115942028985507 406 0.8405797101449276 0.0289855 0.0441206
1039 360 0.8169014084507044 406 0.8115942028985507 -0.00530721 0.0436263
1040 360 0.8450704225352113 406 0.8450704225352113 0 0.04319
1041 360 0.8493150684931509 406 0.88 0.0306849 0.043065
1042 360 0.8648648648648649 406 0.8918918918918918 0.027027 0.0429046
1043 360 0.7792207792207793 406 0.7532467532467533 -0.025974 0.0422158
1044 360 0.8169014084507042 406 0.8219178082191781 0.0050164 0.0418438
1045 360 0.8421052631578947 406 0.8831168831168831 0.0410116 0.0418355
1046 360 0.8266666666666665 406 0.8051948051948051 -0.0214719 0.0412024
1047 360 0.8571428571428571 406 0.8421052631578947 -0.0150376 0.04064
1048 360 0.8717948717948718 406 0.8717948717948718 0 0.0402336
1049 360 0.8860759493670887 406 0.860759493670886 -0.0253165 0.0395781
1050 360 0.8275862068965517 406 0.7764705882352941 -0.0511156 0.0386712
1051 360 0.7792207792207793 406 0.85 0.0707792 0.0389922
1052 360 0.8192771084337349 406 0.8275862068965517 0.0083091 0.0386854
1053 360 0.8266666666666665 406 0.8266666666666665 0 0.0382986
1054 360 0.8533333333333334 406 0.9090909090909091 0.0557576 0.0384732
1055 360 0.7848101265822784 406 0.8395061728395062 0.054696 0.0386354
1056 360 0.8684210526315789 406 0.8266666666666667 -0.0417544 0.0378315
1057 360 0.8059701492537312 407 0.7941176470588235 -0.0118525 0.0373346
1058 360 0.8450704225352113 407 0.8 -0.0450704 0.0365106
1059 360 0.8285714285714285 407 0.821917808219178 -0.00665362 0.036079
1060 360 0.823529411764706 407 0.8695652173913043 0.0460358 0.0361785
1061 360 0.8450704225352113 407 0.8767123287671232 0.0316419 0.0361332
1062 360 0.8533333333333334 407 0.8493150684931505 -0.00401826 0.0357316
1063 360 0.8831168831168831 407 0.8461538461538461 -0.036963 0.0350047
1064 360 0.8157894736842105 407 0.85 0.0342105 0.0349968
1065 360 0.810126582278481 407 0.8292682926829269 0.0191417 0.0348382
1066 360 0.8055555555555556 407 0.8266666666666667 0.0211111 0.0347009
1067 360 0.8450704225352113 407 0.8333333333333334 -0.0117371 0.0342365
1068 360 0.7272727272727272 407 0.7407407407407408 0.013468 0.0340289
1069 360 0.7160493827160493 407 0.7317073170731707 0.0156579 0.0338452
1070 360 0.7764705882352942 407 0.7857142857142856 0.0092437 0.0335991
1071 360 0.8101265822784809 407 0.8205128205128205 0.0103862 0.033367
1072 360 0.8311688311688312 407 0.8311688311688312 0 0.0330333
1073 360 0.8395061728395062 407 0.8500000000000001 0.0104938 0.0328079
1074 360 0.8275862068965517 407 0.888888888888889 0.0613027 0.0330929
1075 360 0.8222222222222222 407 0.8723404255319148 0.0501182 0.0332631
1076 360 0.8181818181818182 407 0.8666666666666666 0.0484848 0.0334154
1077 360 0.8860759493670887 407 0.875 -0.0110759 0.0329704
1078 360 0.9411764705882352 407 0.8941176470588236 -0.0470588 0.0321702
1079 360 0.8571428571428572 409 0.8292682926829269 -0.0278746 0.0315697
1080 360 0.8571428571428571 409 0.8780487804878049 0.0209059 0.0314631
1081 360 0.8095238095238095 409 0.8292682926829267 0.0197445 0.0313459
1082 360 0.8275862068965517 409 0.8444444444444444 0.0168582 0.031201
1083 360 0.8275862068965516 409 0.8351648351648351 0.00757863 0.0309648
1084 360 0.7816091954022989 409 0.8089887640449438 0.0273796 0.0309289
1085 360 0.8181818181818182 409 0.813953488372093 -0.00422833 0.0305774
1086 360 0.8089887640449438 409 0.7954545454545455 -0.0135342 0.0301362
1087 360 0.875 409 0.860759493670886 -0.0142405 0.0296925
1088 360 0.8292682926829269 409 0.8571428571428572 0.0278746 0.0296743
1089 360 0.8051948051948051 409 0.8500000000000001 0.0448052 0.0298256
1090 360 0.810126582278481 409 0.8571428571428571 0.0470163 0.0299975
1091 360 0.8172043010752689 409 0.8297872340425532 0.0125829 0.0298234
1092 360 0.8089887640449439 409 0.853932584269663 0.0449438 0.0299746
1093 360 0.7692307692307692 409 0.7912087912087913 0.021978 0.0298946
1094 360 0.8387096774193549 409 0.8089887640449439 -0.0297209 0.0292985
1095 360 0.7674418604651163 409 0.7999999999999998 0.0325581 0.029331
1096 360 0.8045977011494252 409 0.8 -0.0045977 0.0289918
1097 360 0.775 409 0.7951807228915663 0.0201807 0.0289037
1098 360 0.8314606741573034 409 0.8089887640449439 -0.0224719 0.0283899
1099 360 0.7999999999999999 409 0.8048780487804879 0.00487805 0.0281548
1100 360 0.8048780487804877 409 0.8235294117647058 0.0186514 0.0280597
1101 360 0.8000000000000002 411 0.8311688311688312 0.0311688 0.0280908
1102 360 0.8607594936708861 411 0.8311688311688312 -0.0295907 0.027514
1103 360 0.8048780487804877 411 0.8292682926829269 0.0243902 0.0274828
1104 360 0.860759493670886 411 0.8354430379746834 -0.0253165 0.0269548
1105 360 0.7948717948717948 411 0.7792207792207791 -0.015651 0.0265287
1106 360 0.8461538461538461 411 0.860759493670886 0.0146056 0.0264095
1107 360 0.8461538461538461 411 0.8705882352941177 0.0244344 0.0263897
1108 360 0.891566265060241 411 0.8571428571428571 -0.0344234 0.0257816
1109 360 0.8860759493670887 411 0.878048780487805 -0.00802717 0.0254435
1110 360 0.8395061728395061 411 0.825 -0.0145062 0.025044
1111 360 0.8311688311688312 411 0.8421052631578947 0.0109364 0.024903
1112 360 0.8641975308641975 411 0.8571428571428571 -0.00705467 0.0245834
1113 360 0.8311688311688312 411 0.8461538461538461 0.014985 0.0244874
1114 360 0.8292682926829267 411 0.8536585365853658 0.0243902 0.0244864
1115 360 0.8266666666666667 411 0.825 -0.00166667 0.0242249
1116 360 0.8493150684931507 411 0.8648648648648648 0.0155498 0.0241381
1117 360 0.7945205479452054 411 0.8378378378378379 0.0433173 0.0243299
1118 360 0.8648648648648648 411 0.8648648648648648 0 0.0240866
1119 360 0.8767123287671234 411 0.904109589041096 0.0273973 0.0241197
1120 360 0.7999999999999999 411 0.8656716417910448 0.0656716 0.0245353
1121 360 0.904109589041096 411 0.8732394366197183 -0.0308702 0.0239812
1122 360 0.88 411 0.88 0 0.0237414
1123 360 0.8405797101449276 407 0.8732394366197184 0.0326597 0.0238306
1124 360 0.8732394366197183 407 0.8767123287671234 0.00347289 0.023627
1125 360 0.8181818181818182 407 0.8405797101449276 0.0223979 0.0236147
1126 360 0.7936507936507936 407 0.8307692307692308 0.0371184 0.0237497
1127 360 0.8059701492537314 407 0.8307692307692307 0.0247991 0.0237602
1128 360 0.8387096774193549 407 0.8253968253968254 -0.0133129 0.0233895
1129 360 0.7586206896551724 407 0.7868852459016393 0.0282646 0.0234383
1130 360 0.7333333333333334 407 0.7999999999999999 0.0666667 0.0238705
1131 360 0.8253968253968254 407 0.8253968253968254 0 0.0236318
1132 360 0.7692307692307692 407 0.7499999999999999 -0.0192308 0.0232032
1133 360 0.8125000000000001 407 0.8307692307692308 0.0182692 0.0231539
1134 360 0.7272727272727273 407 0.782608695652174 0.055336 0.0234757
1135 360 0.7868852459016394 407 0.7540983606557377 -0.0327869 0.0229131
1136 360 0.8059701492537312 407 0.835820895522388 0.0298507 0.0229824
1137 360 0.7878787878787878 407 0.8169014084507042 0.0290226 0.0230428
1138 360 0.7796610169491526 407 0.7999999999999999 0.020339 0.0230158
1139 360 0.7936507936507937 407 0.8253968253968255 0.031746 0.0231031
1140 360 0.8253968253968255 407 0.7936507936507937 -0.031746 0.0225546
1141 360 0.8524590163934426 407 0.8571428571428571 0.00468384 0.0223759
1142 360 0.8363636363636363 407 0.8813559322033899 0.0449923 0.0226021
1143 360 0.787878787878788 407 0.823529411764706 0.0356506 0.0227326
1144 360 0.7714285714285714 407 0.8055555555555555 0.034127 0.0228465
1145 360 0.8285714285714285 405 0.8 -0.0285714 0.0223323
1146 360 0.8732394366197183 405 0.8611111111111112 -0.0121283 0.0219877
1147 360 0.7936507936507937 405 0.8985507246376812 0.1049 0.0228168
1148 360 0.8405797101449276 405 0.8857142857142857 0.0451346 0.02304
1149 360 0.8253968253968255 405 0.8615384615384616 0.0361416 0.023171
1150 360 0.8285714285714285 405 0.8285714285714285 0 0.0229393
1151 360 0.8484848484848485 405 0.8358208955223881 -0.012664 0.0225833
1152 360 0.8108108108108109 405 0.8157894736842106 0.00497866 0.0224072
1153 360 0.8656716417910448 405 0.8529411764705882 -0.0127305 0.0220559
1154 360 0.8 405 0.8253968253968254 0.0253968 0.0220893
1155 360 0.8450704225352113 405 0.8285714285714285 -0.016499 0.0217034
1156 360 0.8333333333333333 405 0.8571428571428572 0.0238095 0.0217245
1157 360 0.8115942028985507 405 0.823529411764706 0.0119352 0.0216266
1158 360 0.8648648648648649 405 0.8493150684931507 -0.0155498 0.0212548
1159 360 0.767123287671233 405 0.8378378378378378 0.0707146 0.0217494
1160 360 0.8266666666666665 405 0.8648648648648648 0.0381982 0.0219139
1161 360 0.8266666666666667 405 0.8266666666666667 0 0.0216947
1162 360 0.870967741935484 405 0.875 0.00403226 0.0215181
1163 360 0.8358208955223881 405 0.84375 0.0079291 0.0213822
1164 360 0.8571428571428571 405 0.8749999999999999 0.0178571 0.021347
1165 360 0.8615384615384616 405 0.8529411764705882 -0.00859729 0.0210475
1166 360 0.90625 405 0.8666666666666666 -0.0395833 0.0204412
1167 360 0.8615384615384615 405 0.8307692307692308 -0.0307692 0.0199291
1168 360 0.8253968253968255 405 0.8253968253968255 0 0.0197298
1169 360 0.835820895522388 405 0.8405797101449276 0.00475881 0.0195801
1170 360 0.8115942028985508 405 0.7826086956521738 -0.0289855 0.0190945
1171 360 0.7714285714285714 405 0.7887323943661972 0.0173038 0.0190766
1172 360 0.8115942028985509 405 0.7887323943661971 -0.0228618 0.0186572
1173 360 0.8387096774193549 405 0.8888888888888888 0.0501792 0.0189724
1174 360 0.8787878787878787 405 0.8387096774193549 -0.0400782 0.0183819
1175 360 0.8852459016393444 405 0.8474576271186439 -0.0377883 0.0178202
1176 360 0.8709677419354839 405 0.888888888888889 0.0179211 0.0178212
1177 360 0.8307692307692307 405 0.8656716417910447 0.0349024 0.017992
1178 360 0.8307692307692307 406 0.8484848484848486 0.0177156 0.0179892
1179 360 0.8923076923076922 406 0.8787878787878787 -0.0135198 0.0176742
1180 360 0.8571428571428572 406 0.8571428571428572 0 0.0174974
1181 360 0.7868852459016394 406 0.7999999999999999 0.0131148 0.0174536
1182 360 0.7868852459016394 406 0.8437500000000001 0.0568648 0.0178477
1183 360 0.8437499999999999 406 0.8484848484848485 0.00473485 0.0177166
1184 360 0.8823529411764706 406 0.8307692307692308 -0.0515837 0.0170236
1185 360 0.8524590163934426 406 0.8524590163934426 0 0.0168533
1186 360 0.8524590163934426 406 0.8709677419354839 0.0185087 0.0168699
1187 360 0.8727272727272728 406 0.8214285714285715 -0.0512987 0.0161882
1188 360 0.8679245283018867 406 0.823529411764706 -0.0443951 0.0155824
1189 360 0.8 406 0.7916666666666667 -0.00833333 0.0153432
1190 360 0.823529411764706 406 0.7999999999999999 -0.0235294 0.0149545
1191 360 0.7796610169491526 406 0.7719298245614036 -0.00773119 0.0147276
1192 360 0.7857142857142856 406 0.8571428571428571 0.0714286 0.0152946
1193 360 0.7999999999999999 406 0.7457627118644067 -0.0542373 0.0145993
1194 360 0.8679245283018867 406 0.830188679245283 -0.0377358 0.014076
1195 360 0.7659574468085106 406 0.7659574468085106 0 0.0139352
1196 360 0.782608695652174 406 0.7916666666666667 0.00905797 0.0138864
1197 360 0.7906976744186047 406 0.7727272727272727 -0.0179704 0.0135679
1198 360 0.7727272727272727 406 0.8444444444444444 0.0717172 0.0141494
1199 360 0.8085106382978723 406 0.7916666666666666 -0.016844 0.0138394
1200 360 0.7999999999999999 406 0.7999999999999999 0 0.013701
1201 360 0.7906976744186046 406 0.8571428571428571 0.0664452 0.0142285
1202 360 0.7916666666666666 406 0.7916666666666666 0 0.0140862
1203 360 0.8372093023255814 406 0.8571428571428571 0.0199336 0.0141447
1204 360 0.8837209302325583 406 0.8571428571428571 -0.0265781 0.0137374
1205 360 0.7777777777777778 406 0.7272727272727273 -0.0505051 0.013095
1206 360 0.8333333333333333 406 0.8510638297872342 0.0177305 0.0131414
1207 360 0.8333333333333334 406 0.7916666666666667 -0.0416667 0.0125933
1208 360 0.8085106382978723 406 0.8695652173913044 0.0610546 0.0130779
1209 360 0.7916666666666667 406 0.7916666666666667 0 0.0129471
1210 360 0.8444444444444444 406 0.8085106382978724 -0.0359338 0.0124583
1211 360 0.888888888888889 406 0.851063829787234 -0.0378251 0.0119555
1212 360 0.8695652173913043 406 0.7999999999999999 -0.0695652 0.0111403
1213 360 0.8636363636363636 406 0.8095238095238095 -0.0541126 0.0104877
1214 360 0.9047619047619047 406 0.85 -0.0547619 0.00983524
1215 360 0.7999999999999999 406 0.85 0.05 0.0102369
1216 360 0.7999999999999999 406 0.7999999999999999 0 0.0101345
1217 360 0.8 406 0.8 0 0.0100332
1218 360 0.8205128205128205 406 0.8421052631578948 0.0215924 0.0101488
1219 360 0.7555555555555556 406 0.8181818181818181 0.0626263 0.0106735
1220 360 0.7727272727272727 406 0.8181818181818181 0.0454545 0.0110214
1221 360 0.7317073170731708 406 0.8095238095238096 0.0778165 0.0116893
1222 360 0.8181818181818182 406 0.8181818181818182 0 0.0115724
1223 360 0.8444444444444444 406 0.8372093023255814 -0.00723514 0.0113843
1224 360 0.9268292682926829 406 0.9 -0.0268293 0.0110022
1225 360 0.7692307692307693 406 0.8205128205128205 0.0512821 0.011405
1226 360 0.8444444444444444 406 0.8372093023255814 -0.00723514 0.0112186
1227 360 0.8947368421052632 406 0.8947368421052632 0 0.0111064
1228 360 0.723404255319149 406 0.8 0.0765957 0.0117613
1229 360 0.8571428571428571 406 0.8292682926829268 -0.0278746 0.0113649
1230 360 0.7027027027027026 406 0.8421052631578947 0.139403 0.0126453
1231 360 0.8 406 0.8 0 0.0125189
1232 360 0.8108108108108109 406 0.7777777777777778 -0.033033 0.0120634
1233 360 0.8648648648648648 408 0.8648648648648648 0 0.0119427
1234 360 0.8333333333333334 408 0.8648648648648648 0.0315315 0.0121386
1235 360 0.8421052631578948 408 0.8421052631578948 0 0.0120172
1236 360 0.8571428571428572 408 0.8125000000000001 -0.0446429 0.0114506
1237 360 0.7368421052631579 408 0.7692307692307693 0.0323887 0.01166
1238 360 0.85 408 0.85 0 0.0115434
1239 360 0.7999999999999999 408 0.7999999999999999 0 0.011428
1240 360 0.7441860465116279 408 0.85 0.105814 0.0123718
1241 360 0.8333333333333334 408 0.8333333333333334 0 0.0122481
1242 360 0.7058823529411765 408 0.7878787878787877 0.0819964 0.0129456
1243 360 0.8181818181818182 408 0.8571428571428571 0.038961 0.0132057
1244 360 0.8888888888888888 408 0.8888888888888888 0 0.0130737
1245 360 0.888888888888889 408 0.8571428571428571 -0.031746 0.0126255
1246 360 0.742857142857143 408 0.742857142857143 0 0.0124992
1247 360 0.8484848484848485 408 0.823529411764706 -0.0249554 0.0121247
1248 360 0.7272727272727272 408 0.9090909090909091 0.181818 0.0138216
1249 360 0.8235294117647058 408 0.7647058823529413 -0.0588235 0.0130952
1250 360 0.7647058823529411 408 0.7272727272727272 -0.0374332 0.0125899
1251 360 0.7692307692307693 408 0.7692307692307693 0 0.012464
1252 360 0.7567567567567567 408 0.8205128205128205 0.0637561 0.0129769
1253 360 0.8666666666666666 408 0.9333333333333333 0.0666667 0.0135138
1254 360 0.9032258064516129 408 0.9032258064516129 0 0.0133787
1255 360 0.8666666666666666 408 0.8275862068965517 -0.0390805 0.0128541
1256 360 0.8666666666666666 408 0.8666666666666666 0 0.0127255
1257 360 0.9375 408 0.9696969696969697 0.032197 0.0129203
1258 360 0.9142857142857143 408 0.9142857142857143 0 0.012791
1259 360 0.8888888888888888 408 0.8421052631578947 -0.0467836 0.0121953
1260 360 0.8823529411764706 408 0.8571428571428571 -0.0252101 0.0118212
1261 360 0.8666666666666666 408 0.8387096774193549 -0.027957 0.0114235
1262 360 0.896551724137931 408 0.896551724137931 0 0.0113092
1263 360 0.7647058823529412 408 0.8947368421052632 0.130031 0.0124964
1264 360 0.8125 408 0.787878787878788 -0.0246212 0.0121253
1265 360 0.8 408 0.7647058823529412 -0.0352941 0.0116511
1266 360 0.8125 409 0.8125 0 0.0115346
1267 360 0.823529411764706 409 0.7878787878787877 -0.0356506 0.0110627
1268 360 0.7999999999999999 409 0.7999999999999999 0 0.0109521
1269 360 0.8484848484848485 409 0.7999999999999999 -0.0484848 0.0103577
1270 360 0.9032258064516129 409 0.8666666666666666 -0.0365591 0.00988855
1271 360 0.8333333333333334 409 0.823529411764706 -0.00980392 0.00969163
1272 360 0.875 409 0.8387096774193549 -0.0362903 0.00923181
1273 360 0.7741935483870969 409 0.8000000000000002 0.0258065 0.00939755
1274 360 0.8275862068965517 409 0.7999999999999999 -0.0275862 0.00902772
1275 360 0.8461538461538461 409 0.8 -0.0461538 0.0084759
1276 360 0.9090909090909091 409 0.8387096774193548 -0.0703812 0.00768733
1277 360 0.7407407407407406 409 0.7857142857142857 0.0449735 0.00806019
1278 360 0.8333333333333333 409 0.88 0.0466667 0.00844626
1279 360 0.8275862068965517 409 0.8275862068965517 0 0.00836179
1280 360 0.8666666666666666 409 0.896551724137931 0.0298851 0.00857703
1281 360 0.9230769230769231 409 0.9166666666666666 -0.00641026 0.00842715
1282 360 0.7692307692307693 409 0.7692307692307693 0 0.00834288
1283 360 0.7826086956521738 409 0.8333333333333333 0.0507246 0.0087667
1284 360 0.7826086956521738 409 0.761904761904762 -0.0207039 0.00847199
1285 360 0.75 409 0.7826086956521738 0.0326087 0.00871336
1286 360 0.888888888888889 409 0.888888888888889 0 0.00862623
1287 360 0.88 409 0.8333333333333333 -0.0466667 0.0080733
1288 360 0.8571428571428572 409 0.8571428571428572 0 0.00799256
1289 360 0.9 409 0.9 0 0.00791264
1290 360 0.8695652173913043 409 0.8333333333333334 -0.0362319 0.00747119
1291 360 0.8 409 0.8695652173913044 0.0695652 0.00809213
1292 360 0.8461538461538461 409 0.7692307692307692 -0.0769231 0.00724198
1293 360 0.8461538461538461 409 0.8 -0.0461538 0.00670802
1294 360 0.9166666666666666 409 0.9600000000000001 0.0433333 0.00707428
1295 360 0.888888888888889 409 0.8571428571428571 -0.031746 0.00668607
1296 360 0.782608695652174 409 0.8333333333333333 0.0507246 0.00712646
1297 360 0.8571428571428571 409 0.8181818181818182 -0.038961 0.00666558
1298 360 0.9411764705882353 409 0.8750000000000001 -0.0661765 0.00593716
1299 360 0.9411764705882353 410 0.9411764705882353 0 0.00587779
1300 360 0.8421052631578948 410 0.8421052631578948 0 0.00581901
1301 360 0.9565217391304348 410 0.9565217391304348 0 0.00576082
1302 360 0.7826086956521738 410 0.7272727272727274 -0.055336 0.00514986
1303 360 0.8571428571428571 410 0.8571428571428571 0 0.00509836
1304 360 0.8181818181818182 410 0.9090909090909091 0.0909091 0.00595646
1305 360 0.8571428571428572 410 0.7999999999999999 -0.0571429 0.00532547
1306 360 0.782608695652174 410 0.7272727272727273 -0.055336 0.00471886
1307 360 0.8 410 0.8 0 0.00467167
1308 360 0.761904761904762 410 0.761904761904762 0 0.00462495
1309 360 0.8181818181818182 410 0.8695652173913043 0.0513834 0.00509254
1310 360 0.9523809523809523 410 0.7999999999999999 -0.152381 0.0035178
1311 360 0.8181818181818182 410 0.8 -0.0181818 0.0033008
1312 360 0.9090909090909091 410 0.8181818181818182 -0.0909091 0.00235871
1313 360 0.8571428571428571 410 0.8571428571428571 0 0.00233512
1314 360 0.8 410 0.8 0 0.00231177
1315 360 0.888888888888889 410 0.9473684210526316 0.0584795 0.00287345
1316 360 0.9523809523809523 410 0.9523809523809523 0 0.00284471
1317 360 0.8571428571428572 410 0.9 0.0428571 0.00324484
1318 360 0.9 410 0.9 0 0.00321239
1319 360 0.846153846153846 410 0.888888888888889 0.042735 0.00360761
1320 360 0.8333333333333333 410 0.8333333333333333 0 0.00357154
1321 360 0.88 410 0.88 0 0.00353582
