1 360 0.8333333333333333 360 0.8333333333333333 0 0
2 360 0.88 360 0.88 0 0
3 360 1.0 360 1.0 0 0
4 360 0.8695652173913043 360 0.8695652173913043 0 0
5 360 0.9166666666666666 360 0.9166666666666666 0 0
6 360 0.8125000000000001 360 0.8125000000000001 0 0
7 360 0.8461538461538461 360 0.8461538461538461 0 0
8 360 0.7857142857142856 360 0.7857142857142856 0 0
9 360 0.9166666666666666 360 0.9166666666666666 0 0
10 360 0.9090909090909091 360 0.9090909090909091 0 0
11 360 0.7692307692307692 360 0.7692307692307692 0 0
12 360 0.9090909090909091 360 0.9090909090909091 0 0
13 360 0.9473684210526316 360 0.9473684210526316 0 0
14 360 1.0 360 1.0 0 0
15 360 0.8571428571428572 360 0.8571428571428572 0 0
16 360 0.8181818181818182 360 0.8181818181818182 0 0
17 360 0.8571428571428571 360 0.8571428571428571 0 0
18 360 0.9565217391304348 360 0.9565217391304348 0 0
19 360 1.0 360 1.0 0 0
20 360 1.0 360 1.0 0 0
21 360 0.9230769230769231 360 0.9230769230769231 0 0
22 360 0.9166666666666666 360 0.9166666666666666 0 0
23 360 0.8571428571428571 355 0.8571428571428571 0 0
24 360 0.8461538461538461 355 0.9230769230769231 0.0769231 0.000769231
25 360 0.8461538461538461 355 0.8799999999999999 0.0338462 0.0011
26 360 0.9565217391304348 355 0.9565217391304348 0 0.001089
27 360 0.888888888888889 355 0.9600000000000001 0.0711111 0.00178922
28 360 1.0 355 1.0 0 0.00177133
29 360 0.8 355 0.8 0 0.00175362
30 360 0.8571428571428571 355 0.8148148148148148 -0.042328 0.0013128
31 360 0.9600000000000001 355 0.9600000000000001 0 0.00129967
32 360 0.88 355 0.923076923076923 0.0430769 0.00171744
33 360 0.8235294117647058 355 0.7499999999999999 -0.0735294 0.000964975
34 360 0.8666666666666666 355 0.8387096774193549 -0.027957 0.000675755
35 360 0.7647058823529411 355 0.7878787878787877 0.0231729 0.000900727
36 360 0.9444444444444444 355 0.972972972972973 0.0285285 0.001177
37 360 0.8108108108108107 355 0.8648648648648648 0.0540541 0.00170578
38 360 0.9047619047619048 355 0.8837209302325582 -0.021041 0.00147831
39 360 0.7999999999999999 355 0.7999999999999999 0 0.00146352
40 360 0.9142857142857143 355 0.918918918918919 0.0046332 0.00149522
41 360 0.8888888888888888 355 0.8888888888888888 0 0.00148027
42 360 0.742857142857143 355 0.742857142857143 0 0.00146547
43 360 0.8947368421052632 355 0.8947368421052632 0 0.00145081
44 360 0.8888888888888888 355 0.8888888888888888 0 0.0014363
45 360 0.9473684210526316 347 0.9230769230769231 -0.0242915 0.00117903
46 360 0.8108108108108109 347 0.8947368421052632 0.083926 0.0020065
47 360 0.8947368421052632 347 0.9189189189189189 0.0241821 0.00222825
48 360 0.9032258064516129 347 0.9375 0.0342742 0.00254871
49 360 0.875 347 0.8484848484848485 -0.0265152 0.00225807
50 360 0.9142857142857143 347 0.9444444444444444 0.0301587 0.00253708
51 360 0.918918918918919 347 0.9444444444444444 0.0255255 0.00276696
52 360 0.8947368421052632 347 0.85 -0.0447368 0.00229193
53 360 0.8717948717948718 347 0.8421052631578947 -0.0296896 0.00197211
54 360 0.9743589743589743 347 0.9473684210526316 -0.0269906 0.00168248
55 360 0.9375 347 0.9032258064516129 -0.0342742 0.00132292
56 360 0.8421052631578947 347 0.7894736842105262 -0.0526316 0.000783372
57 360 0.8421052631578947 347 0.8421052631578947 0 0.000775538
58 360 0.9142857142857143 347 0.8823529411764706 -0.0319328 0.000448455
59 360 0.8387096774193549 347 0.8387096774193549 0 0.00044397
60 360 0.8823529411764706 347 0.8125000000000001 -0.0698529 -0.000258999
61 360 0.8484848484848485 347 0.8484848484848485 0 -0.000256409
62 360 0.8421052631578948 347 0.8108108108108109 -0.0312945 -0.000566789
63 360 0.8666666666666666 347 0.8666666666666666 0 -0.000561121
64 360 0.8235294117647058 347 0.9444444444444444 0.120915 0.00065364
65 360 1.0 347 0.967741935483871 -0.0322581 0.000324523
66 360 0.9655172413793104 347 0.9655172413793104 0 0.000321278
67 360 0.8333333333333333 345 0.9230769230769231 0.0897436 0.0012155
68 360 0.8571428571428571 345 0.8571428571428571 0 0.00120335
69 360 0.9523809523809523 345 0.9090909090909091 -0.04329 0.000758412
70 360 0.8333333333333333 345 0.7826086956521738 -0.0507246 0.000243582
71 360 0.9090909090909091 345 0.9565217391304348 0.0474308 0.000715454
72 360 0.9565217391304348 345 0.8695652173913043 -0.0869565 -0.000161266
73 360 0.7777777777777777 345 0.7777777777777777 0 -0.000159653
74 360 0.8000000000000002 345 0.8000000000000002 0 -0.000158056
75 360 0.9333333333333333 345 0.9333333333333333 0 -0.000156476
76 360 1.0 345 1.0 0 -0.000154911
77 360 0.7999999999999999 345 0.7999999999999999 0 -0.000153362
78 360 0.7777777777777777 345 0.8235294117647058 0.0457516 0.000305688
79 360 0.7777777777777777 345 0.7777777777777777 0 0.000302631
80 360 0.8888888888888888 345 0.8888888888888888 0 0.000299605
81 360 0.7999999999999999 345 0.7999999999999999 0 0.000296609
82 360 0.8571428571428571 345 0.7999999999999999 -0.0571429 -0.000277786
83 360 0.823529411764706 345 0.823529411764706 0 -0.000275008
84 360 0.9 345 0.9 0 -0.000272258
85 360 0.9411764705882353 345 0.9411764705882353 0 -0.000269535
86 360 0.888888888888889 345 0.7777777777777777 -0.111111 -0.00137795
87 360 1.0 345 1.0 0 -0.00136417
88 360 0.8 345 0.8 0 -0.00135053
89 360 0.8181818181818182 339 0.8181818181818182 0 -0.00133702
90 360 0.7999999999999999 339 0.8571428571428572 0.0571429 -0.000752226
91 360 0.8 339 0.8571428571428571 0.0571429 -0.000173275
92 360 0.8888888888888888 339 0.8421052631578948 -0.0467836 -0.000639378
93 360 0.9 339 0.9 0 -0.000632985
94 360 0.9 339 0.9 0 -0.000626655
95 360 0.9090909090909091 339 0.9090909090909091 0 -0.000620388
96 360 0.8888888888888888 339 0.8888888888888888 0 -0.000614184
97 360 0.9090909090909091 339 0.9090909090909091 0 -0.000608043
98 360 0.9166666666666666 339 0.9565217391304348 0.0398551 -0.000203411
99 360 0.9565217391304348 339 0.9166666666666666 -0.0398551 -0.000599928
100 360 0.8571428571428571 339 0.8571428571428571 0 -0.000593929
101 360 0.8000000000000002 339 0.8000000000000002 0 -0.000587989
102 360 0.8695652173913044 339 0.8695652173913044 0 -0.00058211
103 360 0.9090909090909091 339 0.9090909090909091 0 -0.000576288
104 360 1.0 339 0.9 -0.1 -0.00157053
105 360 0.9523809523809523 339 0.9523809523809523 0 -0.00155482
106 360 0.88 339 0.88 0 -0.00153927
107 360 0.9565217391304348 339 0.9090909090909091 -0.0474308 -0.00199819
108 360 0.9090909090909091 339 0.9090909090909091 0 -0.00197821
109 360 0.9090909090909091 339 0.9523809523809523 0.04329 -0.00152552
110 360 0.888888888888889 339 0.888888888888889 0 -0.00151027
111 360 0.896551724137931 339 0.896551724137931 0 -0.00149517
112 360 0.962962962962963 339 0.962962962962963 0 -0.00148021
113 360 0.9230769230769231 339 0.8799999999999999 -0.0430769 -0.00189618
114 360 0.7826086956521738 339 0.8181818181818182 0.0355731 -0.00152149
115 360 0.888888888888889 339 0.8148148148148148 -0.0740741 -0.00224701
116 360 0.8461538461538461 339 0.888888888888889 0.042735 -0.00179719
117 360 0.8148148148148148 339 0.8148148148148148 0 -0.00177922
118 360 0.9230769230769231 339 0.8799999999999999 -0.0430769 -0.0021922
119 360 0.8571428571428571 339 0.896551724137931 0.0394089 -0.00177619
120 360 0.896551724137931 339 0.9655172413793104 0.0689655 -0.00106877
121 360 0.8000000000000002 339 0.896551724137931 0.0965517 -9.25655e-05
122 360 0.888888888888889 332 0.7692307692307692 -0.119658 -0.00128822
123 360 0.896551724137931 332 0.896551724137931 0 -0.00127534
124 360 0.8275862068965518 332 0.8666666666666666 0.0390805 -0.000871781
125 360 0.7878787878787878 332 0.7741935483870968 -0.0136852 -0.000999915
126 360 0.8666666666666666 332 0.8275862068965517 -0.0390805 -0.00138072
127 360 0.846153846153846 332 0.896551724137931 0.0503979 -0.000862935
128 360 0.7199999999999999 332 0.6666666666666667 -0.0533333 -0.00138764
129 360 0.888888888888889 332 0.8148148148148148 -0.0740741 -0.0021145
130 360 0.8387096774193549 332 0.7741935483870968 -0.0645161 -0.00273852
131 360 0.8666666666666666 332 0.8666666666666666 0 -0.00271113
132 360 0.8571428571428571 332 0.8125 -0.0446429 -0.00313045
133 360 0.967741935483871 332 0.9032258064516129 -0.0645161 -0.00374431
134 360 0.967741935483871 332 0.967741935483871 0 -0.00370687
135 360 0.823529411764706 332 0.8484848484848485 0.0249554 -0.00342024
136 360 0.9714285714285714 332 0.823529411764706 -0.147899 -0.00486503
137 360 0.9444444444444444 332 0.9142857142857143 -0.0301587 -0.00511797
138 360 0.8500000000000001 332 0.8500000000000001 0 -0.00506679
139 360 0.896551724137931 332 0.9333333333333333 0.0367816 -0.0046483
140 360 0.8571428571428571 332 0.8571428571428571 0 -0.00460182
141 360 0.9333333333333333 332 0.8571428571428571 -0.0761905 -0.00531771
142 360 0.9375 332 0.9375 0 -0.00526453
143 360 0.8333333333333333 332 0.8205128205128205 -0.0128205 -0.00534009
144 360 0.8275862068965517 332 0.8275862068965517 0 -0.00528669
145 360 0.9032258064516129 332 0.9032258064516129 0 -0.00523382
146 360 0.8333333333333334 332 0.8947368421052632 0.0614035 -0.00456745
147 360 0.888888888888889 332 0.9523809523809523 0.0634921 -0.00388685
148 360 0.8095238095238095 332 0.8372093023255814 0.0276855 -0.00357113
149 360 0.9565217391304348 332 0.9090909090909091 -0.0474308 -0.00400973
150 360 0.9268292682926829 332 0.9268292682926829 0 -0.00396963
151 360 0.8837209302325582 332 0.8571428571428571 -0.0265781 -0.00419572
152 360 0.888888888888889 332 0.888888888888889 0 -0.00415376
153 360 0.9047619047619048 332 0.8837209302325583 -0.021041 -0.00432263
154 360 0.8085106382978723 332 0.7916666666666666 -0.016844 -0.00444784
155 360 0.8095238095238095 329 0.8372093023255814 0.0276855 -0.00412651
156 360 0.888888888888889 329 0.8636363636363635 -0.0252525 -0.00433777
157 360 0.8936170212765957 329 0.8695652173913043 -0.0240518 -0.00453491
158 360 0.8333333333333333 329 0.8571428571428572 0.0238095 -0.00425147
159 360 0.9302325581395349 329 0.8837209302325583 -0.0465116 -0.00467407
160 360 0.8260869565217391 329 0.8260869565217391 0 -0.00462733
161 360 0.9019607843137256 329 0.8800000000000001 -0.0219608 -0.00480066
162 360 0.8780487804878048 329 0.8780487804878048 0 -0.00475266
163 360 0.8749999999999999 329 0.8695652173913043 -0.00543478 -0.00475948
164 360 0.909090909090909 329 0.909090909090909 0 -0.00471188
165 360 0.975609756097561 329 0.9268292682926829 -0.0487805 -0.00515257
166 360 0.8846153846153847 329 0.8679245283018867 -0.0166909 -0.00526795
167 360 0.8695652173913043 329 0.875 0.00543478 -0.00516092
168 360 0.9166666666666666 329 0.9387755102040817 0.0221088 -0.00488823
169 360 0.8837209302325582 329 0.888888888888889 0.00516796 -0.00478766
170 360 0.8695652173913043 329 0.9130434782608695 0.0434783 -0.004305
171 360 0.8085106382978724 329 0.8085106382978724 0 -0.00426195
172 360 0.8936170212765957 329 0.8260869565217391 -0.0675301 -0.00489464
173 360 0.8085106382978724 329 0.8085106382978724 0 -0.00484569
174 360 0.875 329 0.8333333333333333 -0.0416667 -0.0052139
175 360 0.8749999999999999 329 0.8749999999999999 0 -0.00516176
176 360 0.8333333333333334 329 0.8333333333333334 0 -0.00511014
177 360 0.8363636363636363 329 0.8148148148148148 -0.0215488 -0.00527453
178 360 0.816326530612245 329 0.8571428571428572 0.0408163 -0.00481362
179 360 0.8363636363636363 329 0.8727272727272728 0.0363636 -0.00440185
180 360 0.8474576271186439 329 0.8275862068965517 -0.0198714 -0.00455654
181 360 0.847457627118644 329 0.8214285714285715 -0.0260291 -0.00477127
182 360 0.8727272727272727 329 0.8928571428571429 0.0201299 -0.00452226
183 360 0.8771929824561403 329 0.8620689655172414 -0.015124 -0.00462828
184 360 0.8666666666666666 329 0.8333333333333334 -0.0333333 -0.00491533
185 360 0.8421052631578947 329 0.8421052631578947 0 -0.00486617
186 360 0.9473684210526316 329 0.8771929824561403 -0.0701754 -0.00551927
187 360 0.8771929824561403 329 0.8771929824561403 0 -0.00546407
188 360 0.8771929824561403 330 0.8771929824561403 0 -0.00540943
189 360 0.9090909090909091 330 0.8928571428571429 -0.0162338 -0.00551768
190 360 0.8813559322033898 330 0.8275862068965517 -0.0537697 -0.0060002
191 360 0.8709677419354839 330 0.8387096774193549 -0.0322581 -0.00626277
192 360 0.8813559322033899 330 0.8620689655172414 -0.019287 -0.00639302
193 360 0.8813559322033898 330 0.8999999999999999 0.0186441 -0.00614265
194 360 0.8709677419354839 330 0.8524590163934426 -0.0185087 -0.00626631
195 360 0.8529411764705881 330 0.8529411764705881 0 -0.00620364
196 360 0.8484848484848484 330 0.8307692307692308 -0.0177156 -0.00631876
197 360 0.8732394366197184 330 0.8450704225352113 -0.028169 -0.00653727
198 360 0.8358208955223881 330 0.8529411764705883 0.0171203 -0.00630069
199 360 0.8493150684931505 330 0.8493150684931505 0 -0.00623768
200 360 0.8000000000000002 330 0.821917808219178 0.0219178 -0.00595613
201 360 0.835820895522388 330 0.8115942028985507 -0.0242267 -0.00613883
202 360 0.8181818181818181 330 0.7999999999999999 -0.0181818 -0.00625926
203 360 0.7384615384615385 330 0.7619047619047619 0.0234432 -0.00596224
204 360 0.8253968253968255 330 0.8253968253968255 0 -0.00590262
205 360 0.90625 330 0.923076923076923 0.0168269 -0.00567532
206 360 0.8253968253968254 330 0.8387096774193549 0.0133129 -0.00548544
207 360 0.9473684210526316 330 0.8928571428571429 -0.0545113 -0.0059757
208 360 0.9032258064516129 330 0.9032258064516129 0 -0.00591594
209 360 0.923076923076923 330 0.8749999999999999 -0.0480769 -0.00633755
210 360 0.9393939393939394 330 0.9375 -0.00189394 -0.00629311
211 360 0.923076923076923 330 0.8571428571428571 -0.0659341 -0.00688952
212 360 0.9375 330 0.9354838709677419 -0.00201613 -0.00684079
213 360 0.8571428571428572 330 0.7636363636363638 -0.0935065 -0.00770745
214 360 0.847457627118644 330 0.847457627118644 0 -0.00763037
215 360 0.8333333333333334 330 0.7741935483870969 -0.0591398 -0.00814547
216 360 0.7931034482758621 330 0.7586206896551724 -0.0344828 -0.00840884
217 360 0.8771929824561403 330 0.8421052631578947 -0.0350877 -0.00867563
218 360 0.8307692307692308 330 0.7333333333333334 -0.0974359 -0.00956323
219 360 0.8115942028985507 330 0.823529411764706 0.0119352 -0.00934825
220 360 0.84375 330 0.84375 0 -0.00925476
221 360 0.7868852459016394 330 0.8620689655172413 0.0751837 -0.00841038
222 360 0.8070175438596492 330 0.8571428571428571 0.0501253 -0.00782502
223 360 0.7407407407407408 330 0.7857142857142857 0.0449735 -0.00729704
224 360 0.7999999999999999 330 0.7936507936507936 -0.00634921 -0.00728756
225 360 0.8358208955223881 330 0.8307692307692308 -0.00505166 -0.0072652
226 360 0.8923076923076922 330 0.8571428571428571 -0.0351648 -0.0075442
227 360 0.8437500000000001 330 0.8387096774193549 -0.00504032 -0.00751916
228 360 0.847457627118644 330 0.8524590163934426 0.00500139 -0.00739395
229 360 0.8307692307692308 330 0.8787878787878787 0.0480186 -0.00683983
230 360 0.8571428571428571 330 0.875 0.0178571 -0.00659286
231 360 0.923076923076923 330 0.923076923076923 0 -0.00652693
232 360 0.9152542372881356 330 0.9 -0.0152542 -0.0066142
233 360 0.8571428571428572 330 0.896551724137931 0.0394089 -0.00615397
234 360 0.9310344827586207 330 0.9152542372881356 -0.0157802 -0.00625023
235 360 0.847457627118644 330 0.847457627118644 0 -0.00618773
236 360 0.8852459016393442 330 0.84375 -0.0414959 -0.00654081
237 360 0.8985507246376812 330 0.8823529411764706 -0.0161978 -0.00663738
238 360 0.875 330 0.8571428571428571 -0.0178571 -0.00674958
239 360 0.8524590163934426 330 0.8852459016393444 0.0327869 -0.00635421
240 360 0.8615384615384616 330 0.8955223880597014 0.0339839 -0.00595083
241 360 0.8857142857142858 330 0.875 -0.0107143 -0.00599847
242 360 0.8955223880597014 330 0.8656716417910447 -0.0298507 -0.00623699
243 360 0.8529411764705882 330 0.8857142857142858 0.0327731 -0.00584689
244 360 0.8285714285714286 330 0.8115942028985507 -0.0169772 -0.00595819
245 360 0.888888888888889 330 0.8115942028985507 -0.0772947 -0.00667156
246 360 0.8831168831168831 330 0.8571428571428571 -0.025974 -0.00686458
247 360 0.8405797101449276 330 0.8656716417910448 0.0250919 -0.00654502
248 360 0.8 330 0.8 0 -0.00647957
249 360 0.8285714285714285 330 0.7671232876712328 -0.0614481 -0.00702925
250 360 0.8493150684931505 330 0.8378378378378377 -0.0114772 -0.00707373
251 360 0.8266666666666665 330 0.8219178082191781 -0.00474886 -0.00705048
252 360 0.8 330 0.7837837837837838 -0.0162162 -0.00714214
253 360 0.8051948051948051 330 0.8461538461538461 0.040959 -0.00666113
254 360 0.8354430379746834 334 0.810126582278481 -0.0253165 -0.00684768
255 360 0.8051948051948051 334 0.7792207792207793 -0.025974 -0.00703895
256 360 0.8378378378378377 334 0.8055555555555556 -0.0322823 -0.00729138
257 360 0.8641975308641974 334 0.8571428571428572 -0.00705467 -0.00728901
258 360 0.8101265822784809 334 0.8148148148148148 0.00468823 -0.00716924
259 360 0.7948717948717949 334 0.8421052631578948 0.0472335 -0.00662521
260 360 0.8157894736842104 334 0.8421052631578947 0.0263158 -0.0062958
261 360 0.8536585365853658 334 0.8941176470588236 0.0404591 -0.00582825
262 360 0.8433734939759037 334 0.8915662650602411 0.0481928 -0.00528804
263 360 0.8292682926829267 334 0.8192771084337349 -0.00999118 -0.00533508
264 360 0.7674418604651163 334 0.7640449438202246 -0.00339692 -0.00531569
265 360 0.8395061728395062 334 0.8148148148148148 -0.0246914 -0.00550945
266 360 0.8461538461538461 334 0.860759493670886 0.0146056 -0.0053083
267 360 0.8395061728395061 334 0.7948717948717949 -0.0446344 -0.00570156
268 360 0.8571428571428572 334 0.8333333333333333 -0.0238095 -0.00588264
269 360 0.846153846153846 334 0.8292682926829269 -0.0168856 -0.00599267
270 360 0.7804878048780488 334 0.7951807228915663 0.0146929 -0.00578581
271 360 0.868421052631579 334 0.868421052631579 0 -0.00572795
272 360 0.8372093023255814 334 0.7865168539325842 -0.0506924 -0.0061776
273 360 0.8536585365853658 334 0.860759493670886 0.00710096 -0.00604481
274 360 0.8048780487804879 334 0.8148148148148148 0.00993677 -0.005885
275 360 0.8095238095238095 334 0.8333333333333333 0.0238095 -0.00558805
276 360 0.8888888888888888 334 0.875 -0.0138889 -0.00567106
277 360 0.9176470588235294 334 0.9176470588235294 0 -0.00561435
278 360 0.8533333333333333 334 0.8157894736842105 -0.0375439 -0.00593365
279 360 0.8607594936708861 334 0.8888888888888888 0.0281294 -0.00559302
280 360 0.8354430379746837 334 0.8395061728395061 0.00406313 -0.00549645
281 360 0.8421052631578948 334 0.8101265822784809 -0.0319787 -0.00576128
282 360 0.8533333333333333 334 0.8571428571428571 0.00380952 -0.00566557
283 360 0.8354430379746837 334 0.8 -0.035443 -0.00596334
284 360 0.868421052631579 334 0.8266666666666665 -0.0417544 -0.00632125
285 360 0.7894736842105262 334 0.7368421052631577 -0.0526316 -0.00678436
286 360 0.7951807228915663 334 0.7999999999999998 0.00481928 -0.00666832
287 360 0.8048780487804879 333 0.8333333333333333 0.0284553 -0.00631708
288 360 0.8470588235294118 333 0.8235294117647058 -0.0235294 -0.00648921
289 360 0.823529411764706 333 0.7906976744186047 -0.0328317 -0.00675263
290 360 0.7764705882352942 333 0.7727272727272727 -0.00374332 -0.00672254
291 360 0.8148148148148148 333 0.8148148148148148 0 -0.00665531
292 360 0.8333333333333333 333 0.8333333333333333 0 -0.00658876
293 360 0.7945205479452054 333 0.8055555555555556 0.011035 -0.00641252
294 360 0.767123287671233 333 0.7945205479452054 0.0273973 -0.00607443
295 360 0.8285714285714286 333 0.8405797101449276 0.0120083 -0.0058936
296 360 0.8421052631578947 333 0.8157894736842106 -0.0263158 -0.00609782
297 360 0.7945205479452054 333 0.7837837837837837 -0.0107368 -0.00614421
298 360 0.8571428571428571 333 0.8311688311688312 -0.025974 -0.00634251
299 360 0.810126582278481 333 0.8354430379746836 0.0253165 -0.00602592
300 360 0.8780487804878048 333 0.8860759493670887 0.00802717 -0.00588539
301 360 0.8461538461538461 333 0.8205128205128206 -0.025641 -0.00608294
302 360 0.8333333333333334 333 0.7941176470588236 -0.0392157 -0.00641427
303 360 0.8405797101449276 333 0.823529411764706 -0.0170503 -0.00652063
304 360 0.8378378378378378 333 0.8450704225352113 0.00723258 -0.0063831
305 360 0.8611111111111112 333 0.8533333333333334 -0.00777778 -0.00639705
306 360 0.8852459016393444 333 0.8888888888888888 0.00364299 -0.00629665
307 360 0.8823529411764706 333 0.8405797101449276 -0.0417732 -0.00665141
308 360 0.8571428571428571 333 0.8405797101449276 -0.0165631 -0.00675053
309 360 0.7931034482758621 333 0.7619047619047619 -0.0311987 -0.00699501
310 360 0.8333333333333334 333 0.8064516129032259 -0.0268817 -0.00719388
311 360 0.8666666666666667 333 0.8 -0.0666667 -0.00778861
312 360 0.7999999999999999 333 0.7999999999999999 0 -0.00771072
313 360 0.7826086956521738 333 0.8169014084507044 0.0342927 -0.00729069
314 360 0.8064516129032258 333 0.8125 0.00604839 -0.00715729
315 360 0.7619047619047619 333 0.7741935483870969 0.0122888 -0.00696283
316 360 0.7500000000000001 333 0.8125 0.0625 -0.00626821
317 360 0.8125000000000001 333 0.8125000000000001 0 -0.00620552
318 360 0.7931034482758621 333 0.8064516129032259 0.0133482 -0.00600999
319 360 0.8135593220338982 333 0.8524590163934426 0.0388997 -0.00556089
320 360 0.8518518518518519 328 0.9152542372881356 0.0634024 -0.00487126
321 360 0.7843137254901961 328 0.851851851851852 0.0675381 -0.00414716
322 360 0.75 328 0.8275862068965517 0.0775862 -0.00332983
323 360 0.8627450980392156 328 0.8846153846153846 0.0218703 -0.00307783
324 360 0.7843137254901961 328 0.76 -0.0243137 -0.00329019
325 360 0.8800000000000001 328 0.8571428571428572 -0.0228571 -0.00348586
326 360 0.8571428571428572 328 0.8571428571428572 0 -0.003451
327 360 0.8260869565217391 328 0.8444444444444444 0.0183575 -0.00323291
328 360 0.8461538461538461 328 0.8800000000000001 0.0338462 -0.00286212
329 360 0.92 328 0.8571428571428572 -0.0628571 -0.00346207
330 360 0.8461538461538461 328 0.8235294117647058 -0.0226244 -0.0036537
331 360 0.8 328 0.8 0 -0.00361716
332 360 0.761904761904762 328 0.8 0.0380952 -0.00320004
333 360 0.8 328 0.8 0 -0.00316804
334 360 0.8421052631578948 328 0.8421052631578948 0 -0.00313635
335 360 0.7368421052631579 328 0.7368421052631579 0 -0.00310499
336 360 0.8 328 0.8 0 -0.00307394
337 360 0.7368421052631579 328 0.7368421052631579 0 -0.0030432
338 360 0.761904761904762 328 0.8 0.0380952 -0.00263182
339 360 0.8421052631578948 328 0.8421052631578948 0 -0.0026055
340 360 0.7368421052631577 328 0.7368421052631577 0 -0.00257944
341 360 0.7999999999999999 328 0.7999999999999999 0 -0.00255365
342 360 0.888888888888889 328 0.888888888888889 0 -0.00252811
343 360 0.8421052631578948 328 0.8421052631578948 0 -0.00250283
344 360 0.7777777777777778 328 0.7777777777777778 0 -0.0024778
345 360 0.823529411764706 328 0.7777777777777778 -0.0457516 -0.00291054
346 360 0.8421052631578948 328 0.7999999999999999 -0.0421053 -0.00330249
347 360 0.7777777777777778 328 0.7777777777777778 0 -0.00326946
348 360 0.761904761904762 328 0.8421052631578948 0.0802005 -0.00243476
349 360 0.7368421052631579 328 0.7777777777777778 0.0409357 -0.00200106
350 360 0.7999999999999999 328 0.8421052631578948 0.0421053 -0.00156
351 360 0.7368421052631579 328 0.7777777777777778 0.0409357 -0.00113504
352 360 0.8235294117647058 328 0.8235294117647058 0 -0.00112369
353 360 0.7368421052631579 323 0.8421052631578948 0.105263 -5.98217e-05
354 360 0.7368421052631579 323 0.7777777777777778 0.0409357 0.000350133
355 360 0.7777777777777777 323 0.8235294117647058 0.0457516 0.000804148
356 360 0.7777777777777777 323 0.8235294117647058 0.0457516 0.00125362
357 360 0.7777777777777777 323 0.8235294117647058 0.0457516 0.0016986
358 360 0.7777777777777777 323 0.7777777777777777 0 0.00168162
359 360 0.7777777777777777 323 0.7368421052631577 -0.0409357 0.00125544
360 360 0.7368421052631579 323 0.7368421052631579 0 0.00124289
361 360 0.7000000000000001 323 0.7000000000000001 0 0.00123046
362 360 0.761904761904762 323 0.761904761904762 0 0.00121816
363 360 0.761904761904762 323 0.761904761904762 0 0.00120597
364 360 0.761904761904762 323 0.8181818181818182 0.0562771 0.00175669
365 360 0.7272727272727272 323 0.8181818181818182 0.0909091 0.00264821
366 360 0.7500000000000001 323 0.8 0.05 0.00312173
367 360 0.761904761904762 323 0.7500000000000001 -0.0119048 0.00297146
368 360 0.7272727272727274 323 0.8333333333333333 0.106061 0.00400235
369 360 0.7999999999999999 323 0.8181818181818182 0.0181818 0.00414415
370 360 0.8 323 0.8181818181818182 0.0181818 0.00428453
371 360 0.8 323 0.8571428571428571 0.0571429 0.00481311
372 360 0.8 323 0.8571428571428571 0.0571429 0.00533641
373 360 0.8 323 0.8571428571428571 0.0571429 0.00585447
374 360 0.8 323 0.8 0 0.00579593
375 360 0.8 323 0.8571428571428571 0.0571429 0.0063094
376 360 0.761904761904762 323 0.8181818181818181 0.0562771 0.00680907
377 360 0.761904761904762 323 0.761904761904762 0 0.00674098
378 360 0.6666666666666667 323 0.7826086956521738 0.115942 0.00783299
379 360 0.8571428571428571 323 0.8181818181818182 -0.038961 0.00736505
380 360 0.8333333333333333 323 0.7500000000000001 -0.0833333 0.00645807
381 360 0.7000000000000001 323 0.7272727272727272 0.0272727 0.00666621
382 360 0.7272727272727274 323 0.6956521739130435 -0.0316206 0.00628335
383 360 0.761904761904762 323 0.8695652173913044 0.10766 0.00729712
384 360 0.7826086956521738 323 0.6956521739130435 -0.0869565 0.00635458
385 360 0.8333333333333333 323 0.75 -0.0833333 0.0054577
386 360 0.7826086956521738 327 0.8695652173913044 0.0869565 0.00627269
387 360 0.8181818181818182 327 0.9090909090909091 0.0909091 0.00711905
388 360 0.8181818181818182 327 0.8695652173913043 0.0513834 0.0075617
389 360 0.9 327 0.9 0 0.00748608
390 360 0.761904761904762 327 0.8181818181818181 0.0562771 0.00797399
391 360 0.7000000000000001 327 0.8571428571428571 0.157143 0.00946568
392 360 0.8181818181818181 327 0.8695652173913044 0.0513834 0.00988486
393 360 0.8695652173913044 327 0.8695652173913044 0 0.00978601
394 360 0.8571428571428571 327 0.8571428571428571 0 0.00968815
395 360 0.8571428571428572 327 0.9 0.0428571 0.0100198
396 360 0.9 327 0.9 0 0.00991964
397 360 0.8421052631578948 327 0.9 0.0578947 0.0103994
398 360 0.8 327 0.8571428571428571 0.0571429 0.0108668
399 360 0.8421052631578948 327 0.9 0.0578947 0.0113371
400 360 0.8 327 0.8181818181818182 0.0181818 0.0114056
401 360 0.8571428571428571 327 0.8571428571428571 0 0.0112915
402 360 0.8 327 0.8695652173913043 0.0695652 0.0118742
403 360 0.761904761904762 327 0.8571428571428571 0.0952381 0.0127079
404 360 0.8181818181818182 327 0.9090909090909091 0.0909091 0.0134899
405 360 0.8181818181818182 327 0.8571428571428571 0.038961 0.0137446
406 360 0.8421052631578948 327 0.8421052631578948 0 0.0136071
407 360 0.761904761904762 327 0.7999999999999999 0.0380952 0.013852
408 360 0.8571428571428571 327 0.8571428571428571 0 0.0137135
409 360 0.761904761904762 327 0.8181818181818182 0.0562771 0.0141391
410 360 0.8235294117647058 327 0.888888888888889 0.0653595 0.0146513
411 360 0.7777777777777778 327 0.8421052631578948 0.0643275 0.0151481
412 360 0.8235294117647058 327 0.888888888888889 0.0653595 0.0156502
413 360 0.8235294117647058 327 0.8235294117647058 0 0.0154937
414 360 0.7777777777777778 327 0.8421052631578948 0.0643275 0.0159821
415 360 0.7000000000000001 327 0.8181818181818181 0.118182 0.0170041
416 360 0.8421052631578948 327 0.9 0.0578947 0.017413
417 360 0.8421052631578948 327 0.9 0.0578947 0.0178178
418 360 0.7999999999999999 327 0.8571428571428572 0.0571429 0.018211
419 360 0.8421052631578948 326 0.8181818181818182 -0.0239234 0.0177897
420 360 0.8421052631578948 326 0.8181818181818182 -0.0239234 0.0173726
421 360 0.8421052631578948 326 0.8181818181818182 -0.0239234 0.0169596
422 360 0.9 326 0.8181818181818182 -0.0818182 0.0159718
423 360 0.8421052631578948 326 0.8181818181818182 -0.0239234 0.0155729
424 360 0.8421052631578948 326 0.8421052631578948 0 0.0154171
425 360 0.8571428571428571 326 0.7826086956521738 -0.0745342 0.0145176
426 360 0.7999999999999999 326 0.761904761904762 -0.0380952 0.0139915
427 360 0.7999999999999999 326 0.8421052631578948 0.0421053 0.0142726
428 360 0.7999999999999999 326 0.7999999999999999 0 0.0141299
429 360 0.8421052631578948 326 0.8421052631578948 0 0.0139886
430 360 0.8571428571428571 326 0.8571428571428571 0 0.0138487
431 360 0.8571428571428571 326 0.8181818181818182 -0.038961 0.0133206
432 360 0.7999999999999999 326 0.761904761904762 -0.0380952 0.0128065
433 360 0.8181818181818182 326 0.7826086956521738 -0.0355731 0.0123227
434 360 0.8181818181818181 326 0.7826086956521738 -0.0355731 0.0118437
435 360 0.7826086956521738 326 0.7826086956521738 0 0.0117253
436 360 0.8571428571428571 326 0.8181818181818182 -0.038961 0.0112184
437 360 0.8571428571428571 326 0.8181818181818182 -0.038961 0.0107166
438 360 0.761904761904762 326 0.8181818181818182 0.0562771 0.0111722
439 360 0.8181818181818182 326 0.8181818181818182 0 0.0110605
440 360 0.8181818181818182 326 0.75 -0.0681818 0.0102681
441 360 0.8181818181818182 334 0.8571428571428571 0.038961 0.010555
442 360 0.8571428571428571 334 0.8181818181818182 -0.038961 0.0100598
443 360 0.8571428571428571 334 0.8571428571428571 0 0.00995925
444 360 0.8333333333333333 334 0.8 -0.0333333 0.00952632
445 360 0.8181818181818181 334 0.8695652173913044 0.0513834 0.00994489
446 360 0.8333333333333333 334 0.8333333333333333 0 0.00984544
447 360 0.923076923076923 334 0.88 -0.0430769 0.00931622
448 360 0.923076923076923 334 0.88 -0.0430769 0.00879229
449 360 0.8799999999999999 334 0.8333333333333333 -0.0466667 0.0082377
450 360 0.846153846153846 334 0.8 -0.0461538 0.00769378
451 360 0.8695652173913044 334 0.8695652173913044 0 0.00761684
452 360 0.8695652173913043 334 0.9565217391304348 0.0869565 0.00841024
453 360 0.9166666666666666 334 0.9166666666666666 0 0.00832614
454 360 0.8333333333333333 334 0.88 0.0466667 0.00870954
455 360 0.8461538461538461 334 0.8461538461538461 0 0.00862245
456 360 0.88 334 0.923076923076923 0.0430769 0.00896699
457 360 0.923076923076923 334 0.923076923076923 0 0.00887732
458 360 0.923076923076923 334 0.923076923076923 0 0.00878855
459 360 0.8333333333333333 334 0.8333333333333333 0 0.00870066
460 360 0.846153846153846 334 0.846153846153846 0 0.00861366
461 360 0.923076923076923 334 0.923076923076923 0 0.00852752
462 360 0.846153846153846 334 0.846153846153846 0 0.00844225
463 360 0.846153846153846 337 0.888888888888889 0.042735 0.00878517
464 360 0.8148148148148148 337 0.8275862068965518 0.0127714 0.00882504
465 360 0.7857142857142856 337 0.8571428571428571 0.0714286 0.00945107
466 360 0.8695652173913044 337 0.8799999999999999 0.0104348 0.00946091
467 360 0.8695652173913044 337 0.8799999999999999 0.0104348 0.00947065
468 360 0.782608695652174 337 0.8 0.0173913 0.00954985
469 360 0.8181818181818181 337 0.8695652173913044 0.0513834 0.00996819
470 360 0.8181818181818181 337 0.8333333333333333 0.0151515 0.01002
471 360 0.8181818181818181 337 0.8799999999999999 0.0618182 0.010538
472 360 0.8571428571428571 337 0.8695652173913043 0.0124224 0.0105568
473 360 0.8571428571428571 337 0.8333333333333334 -0.0238095 0.0102132
474 360 0.782608695652174 337 0.8333333333333333 0.0507246 0.0106183
475 360 0.8181818181818181 337 0.8695652173913044 0.0513834 0.0110259
476 360 0.8571428571428571 337 0.9090909090909091 0.0519481 0.0114352
477 360 0.8695652173913044 337 0.8799999999999999 0.0104348 0.0114252
478 360 0.8181818181818181 337 0.8695652173913044 0.0513834 0.0118247
479 360 0.761904761904762 337 0.8181818181818181 0.0562771 0.0122693
480 360 0.6666666666666666 337 0.7200000000000001 0.0533333 0.0126799
481 360 0.8181818181818181 337 0.8695652173913044 0.0513834 0.0130669
482 360 0.8421052631578948 337 0.9 0.0578947 0.0135152
483 360 0.8421052631578948 337 0.9 0.0578947 0.013959
484 360 0.8571428571428571 337 0.9090909090909091 0.0519481 0.0143389
485 360 0.9 338 0.9523809523809523 0.052381 0.0147193
486 360 0.8181818181818182 338 0.8695652173913043 0.0513834 0.015086
487 360 0.8181818181818181 338 0.8695652173913044 0.0513834 0.0154489
488 360 0.8571428571428571 338 0.9090909090909091 0.0519481 0.0158139
489 360 0.8571428571428571 338 0.9090909090909091 0.0519481 0.0161753
490 360 0.8695652173913044 338 0.8695652173913044 0 0.0160135
491 360 0.8181818181818181 338 0.9166666666666666 0.0984848 0.0168382
492 360 0.7826086956521738 338 0.8333333333333334 0.0507246 0.0171771
493 360 0.8695652173913044 338 0.9166666666666666 0.0471014 0.0174763
494 360 0.8695652173913044 338 0.9166666666666666 0.0471014 0.0177726
495 360 0.8333333333333333 338 0.8799999999999999 0.0466667 0.0180615
496 360 0.8695652173913044 338 0.9166666666666666 0.0471014 0.0183519
497 360 0.8695652173913044 338 0.9166666666666666 0.0471014 0.0186394
498 360 0.8333333333333333 338 0.8799999999999999 0.0466667 0.0189197
499 360 0.7826086956521738 338 0.8695652173913044 0.0869565 0.0196001
500 360 0.8333333333333333 338 0.8695652173913044 0.0362319 0.0197664
501 360 0.7826086956521738 338 0.8333333333333333 0.0507246 0.020076
502 360 0.8 338 0.9090909090909091 0.109091 0.0209661
503 360 0.8571428571428571 338 0.8 -0.0571429 0.020185
504 360 0.8571428571428571 338 0.8181818181818182 -0.038961 0.0195936
505 360 0.8 338 0.8571428571428571 0.0571429 0.0199691
506 360 0.8 338 0.8 0 0.0197694
507 360 0.8571428571428571 340 0.8695652173913043 0.0124224 0.0196959
508 360 0.8571428571428571 340 0.8695652173913043 0.0124224 0.0196232
509 360 0.8571428571428571 340 0.8333333333333334 -0.0238095 0.0191888
510 360 0.9090909090909091 340 0.8333333333333334 -0.0757576 0.0182394
511 360 0.8181818181818182 340 0.8333333333333334 0.0151515 0.0182085
512 360 0.761904761904762 340 0.7826086956521738 0.0207039 0.0182335
513 360 0.8571428571428571 340 0.8695652173913043 0.0124224 0.0181753
514 360 0.8571428571428571 340 0.8181818181818182 -0.038961 0.017604
515 360 0.761904761904762 340 0.9090909090909091 0.147186 0.0188998
516 360 0.8571428571428571 340 0.8181818181818182 -0.038961 0.0183212
517 360 0.8571428571428571 340 0.8571428571428571 0 0.018138
518 360 0.8571428571428571 340 0.7826086956521738 -0.0745342 0.0172113
519 360 0.8571428571428571 340 0.8181818181818182 -0.038961 0.0166495
520 360 0.8571428571428571 340 0.8181818181818182 -0.038961 0.0160934
521 360 0.8571428571428571 340 0.8181818181818182 -0.038961 0.0155429
522 360 0.8571428571428571 340 0.8571428571428571 0 0.0153875
523 360 0.8571428571428571 340 0.8571428571428571 0 0.0152336
524 360 0.8571428571428571 340 0.8571428571428571 0 0.0150812
525 360 0.8571428571428571 340 0.8571428571428571 0 0.0149304
526 360 0.8181818181818182 340 0.8571428571428571 0.038961 0.0151707
527 360 0.8571428571428571 340 0.8571428571428571 0 0.015019
528 360 0.8333333333333333 340 0.782608695652174 -0.0507246 0.0143616
529 360 0.8181818181818181 339 0.7826086956521738 -0.0355731 0.0138622
530 360 0.8181818181818181 339 0.8181818181818181 0 0.0137236
531 360 0.8181818181818182 339 0.8181818181818182 0 0.0135864
532 360 0.8571428571428571 339 0.8181818181818182 -0.038961 0.0130609
533 360 0.8571428571428571 339 0.8571428571428571 0 0.0129303
534 360 0.8571428571428571 339 0.8571428571428571 0 0.012801
535 360 0.8571428571428571 339 0.8571428571428571 0 0.012673
536 360 0.8571428571428571 339 0.8571428571428571 0 0.0125463
537 360 0.8571428571428571 339 0.8571428571428571 0 0.0124208
538 360 0.8333333333333333 339 0.782608695652174 -0.0507246 0.0117893
539 360 0.8695652173913044 339 0.8181818181818181 -0.0513834 0.0111576
540 360 0.8695652173913044 339 0.8695652173913044 0 0.011046
541 360 0.9090909090909091 339 0.9090909090909091 0 0.0109356
542 360 0.8181818181818181 339 0.8181818181818181 0 0.0108262
543 360 0.8695652173913044 339 0.8695652173913044 0 0.010718
544 360 0.8333333333333333 339 0.8695652173913044 0.0362319 0.0109731
545 360 0.8333333333333333 339 0.782608695652174 -0.0507246 0.0103561
546 360 0.8181818181818181 339 0.8181818181818181 0 0.0102526
547 360 0.8181818181818181 339 0.8181818181818181 0 0.01015
548 360 0.8 339 0.8 0 0.0100485
549 360 0.761904761904762 339 0.761904761904762 0 0.00994805
550 360 0.8 339 0.761904761904762 -0.0380952 0.00946762
551 360 0.8181818181818181 339 0.8181818181818181 0 0.00937294
552 360 0.8181818181818181 339 0.8181818181818181 0 0.00927921
553 360 0.7826086956521738 339 0.7826086956521738 0 0.00918642
554 360 0.8181818181818181 339 0.7826086956521738 -0.0355731 0.00873883
555 360 0.761904761904762 339 0.761904761904762 0 0.00865144
556 360 0.761904761904762 339 0.761904761904762 0 0.00856492
557 360 0.8181818181818181 339 0.8181818181818181 0 0.00847928
558 360 0.8181818181818181 339 0.7272727272727274 -0.0909091 0.00748539
559 360 0.9090909090909091 339 0.761904761904762 -0.147186 0.00593868
560 360 0.8181818181818181 339 0.7272727272727274 -0.0909091 0.0049702
561 360 0.8571428571428571 339 0.8 -0.0571429 0.00434907
562 360 0.8571428571428571 343 0.8571428571428571 0 0.00430558
563 360 0.8181818181818182 343 0.8571428571428571 0.038961 0.00465213
564 360 0.8181818181818182 343 0.9090909090909091 0.0909091 0.0055147
565 360 0.8181818181818181 343 0.761904761904762 -0.0562771 0.00489678
566 360 0.8181818181818181 343 0.761904761904762 -0.0562771 0.00428505
567 360 0.8181818181818181 343 0.761904761904762 -0.0562771 0.00367942
568 360 0.8571428571428571 343 0.8 -0.0571429 0.0030712
569 360 0.8571428571428571 343 0.8 -0.0571429 0.00246906
570 360 0.7826086956521738 343 0.761904761904762 -0.0207039 0.00223733
571 360 0.8571428571428571 343 0.7272727272727272 -0.12987 0.000916257
572 360 0.7826086956521738 343 0.7272727272727274 -0.055336 0.000353734
573 360 0.8181818181818182 343 0.7826086956521738 -0.0355731 -5.53429e-06
574 360 0.8181818181818182 343 0.8181818181818182 0 -5.47894e-06
575 360 0.8333333333333333 343 0.7826086956521738 -0.0507246 -0.000512671
576 360 0.7826086956521738 343 0.7272727272727273 -0.055336 -0.0010609
577 360 0.7272727272727272 343 0.7272727272727272 0 -0.00105029
578 360 0.8181818181818182 343 0.761904761904762 -0.0562771 -0.00160256
579 360 0.7826086956521738 343 0.8181818181818182 0.0355731 -0.00123081
580 360 0.7826086956521738 343 0.8181818181818182 0.0355731 -0.000862766
581 360 0.7826086956521738 343 0.7826086956521738 0 -0.000854138
582 360 0.8695652173913044 343 0.8695652173913044 0 -0.000845597
583 360 0.8695652173913044 343 0.8695652173913044 0 -0.000837141
584 360 0.9166666666666666 343 0.8695652173913044 -0.0471014 -0.00129978
585 360 0.88 343 0.88 0 -0.00128679
586 360 0.8333333333333333 343 0.88 0.0466667 -0.000807252
587 360 0.8695652173913044 343 0.8695652173913044 0 -0.000799179
588 360 0.8695652173913044 343 0.8695652173913044 0 -0.000791187
589 360 0.8695652173913044 343 0.8695652173913044 0 -0.000783275
590 360 0.8181818181818182 343 0.8695652173913043 0.0513834 -0.000261609
591 360 0.8181818181818182 343 0.8695652173913043 0.0513834 0.000254841
592 360 0.8181818181818182 343 0.8181818181818182 0 0.000252293
593 360 0.8695652173913044 343 0.8695652173913044 0 0.00024977
594 360 0.8181818181818182 343 0.8181818181818182 0 0.000247272
595 360 0.8181818181818182 343 0.8181818181818182 0 0.0002448
596 360 0.8181818181818182 343 0.8181818181818182 0 0.000242352
597 360 0.8695652173913044 343 0.8695652173913044 0 0.000239928
598 360 0.8695652173913044 343 0.8695652173913044 0 0.000237529
599 360 0.8181818181818182 343 0.8181818181818182 0 0.000235153
600 360 0.8181818181818182 343 0.8181818181818182 0 0.000232802
601 360 0.8181818181818182 343 0.8181818181818182 0 0.000230474
602 360 0.8181818181818182 343 0.8181818181818182 0 0.000228169
603 360 0.8181818181818182 343 0.8181818181818182 0 0.000225888
604 360 0.8181818181818182 343 0.8181818181818182 0 0.000223629
605 360 0.8181818181818182 343 0.8181818181818182 0 0.000221392
606 360 0.8181818181818182 341 0.8695652173913043 0.0513834 0.000733012
607 360 0.8181818181818182 341 0.8333333333333334 0.0151515 0.000877197
608 360 0.7826086956521738 341 0.8 0.0173913 0.00104234
609 360 0.8181818181818182 341 0.8333333333333334 0.0151515 0.00118343
610 360 0.8181818181818182 341 0.8333333333333334 0.0151515 0.00132311
611 360 0.8181818181818182 341 0.8333333333333334 0.0151515 0.0014614
612 360 0.8181818181818182 341 0.8 -0.0181818 0.00126496
613 360 0.8333333333333333 341 0.8461538461538461 0.0128205 0.00138052
614 360 0.8 341 0.8148148148148148 0.0148148 0.00151486
615 360 0.8 341 0.8148148148148148 0.0148148 0.00164786
616 360 0.8 341 0.8148148148148148 0.0148148 0.00177953
617 360 0.8 341 0.8148148148148148 0.0148148 0.00190988
618 360 0.75 341 0.8148148148148148 0.0648148 0.00253893
619 360 0.7826086956521738 341 0.8 0.0173913 0.00268746
620 360 0.6956521739130435 341 0.75 0.0543478 0.00320406
621 360 0.6666666666666667 341 0.6923076923076923 0.025641 0.00342843
622 360 0.761904761904762 341 0.7826086956521738 0.0207039 0.00360118
623 360 0.88 341 0.8571428571428571 -0.0228571 0.0033366
624 360 0.846153846153846 341 0.8571428571428571 0.010989 0.00341313
625 360 0.8571428571428571 341 0.8695652173913043 0.0124224 0.00350322
626 360 0.782608695652174 341 0.8 0.0173913 0.0036421
627 360 0.8181818181818181 341 0.8333333333333333 0.0151515 0.00375719
628 360 0.8695652173913044 341 0.8799999999999999 0.0104348 0.00382397
629 360 0.761904761904762 341 0.8 0.0380952 0.00416668
630 360 0.7826086956521738 341 0.8333333333333333 0.0507246 0.00463226
631 360 0.8695652173913044 341 0.8799999999999999 0.0104348 0.00469029
632 360 0.8695652173913044 341 0.8799999999999999 0.0104348 0.00474773
633 360 0.8333333333333333 341 0.8461538461538461 0.0128205 0.00482846
634 360 0.8695652173913044 341 0.8799999999999999 0.0104348 0.00488452
635 360 0.8333333333333333 341 0.8461538461538461 0.0128205 0.00496388
636 360 0.8461538461538461 341 0.888888888888889 0.042735 0.00534159
637 360 0.8 341 0.8461538461538461 0.0461538 0.00574972
638 360 0.8333333333333333 341 0.8461538461538461 0.0128205 0.00582042
639 360 0.8333333333333333 338 0.8461538461538461 0.0128205 0.00589043
640 360 0.8 338 0.8 0 0.00583152
641 360 0.888888888888889 338 0.9285714285714286 0.0396825 0.00617003
642 360 0.8333333333333333 338 0.8 -0.0333333 0.005775
643 360 0.75 338 0.75 0 0.00571725
644 360 0.75 338 0.75 0 0.00566008
645 360 0.7826086956521738 338 0.7826086956521738 0 0.00560347
646 360 0.7826086956521738 338 0.7826086956521738 0 0.00554744
647 360 0.8181818181818182 338 0.8181818181818182 0 0.00549197
648 360 0.8571428571428571 338 0.8571428571428571 0 0.00543705
649 360 0.8181818181818181 338 0.8181818181818181 0 0.00538268
650 360 0.8571428571428571 338 0.8571428571428571 0 0.00532885
651 360 0.9090909090909091 338 0.8571428571428571 -0.0519481 0.00475608
652 360 0.8571428571428571 338 0.8571428571428571 0 0.00470852
653 360 0.8 338 0.9090909090909091 0.109091 0.00575234
654 360 0.8 338 0.9090909090909091 0.109091 0.00678573
655 360 0.8571428571428571 338 0.9090909090909091 0.0519481 0.00723735
656 360 0.761904761904762 338 0.9090909090909091 0.147186 0.00863684
657 360 0.7999999999999999 338 0.9 0.1 0.00955047
658 360 0.761904761904762 338 0.8181818181818181 0.0562771 0.0100177
659 360 0.761904761904762 338 0.8181818181818181 0.0562771 0.0104803
660 360 0.8181818181818181 338 0.8181818181818181 0 0.0103755
661 360 0.10526315789473685 338 0.10526315789473685 0 0.0102718
662 360 0.7499999999999999 338 0.8235294117647058 0.0735294 0.0109043
663 360 0.7499999999999999 338 0.7499999999999999 0 0.0107953
664 360 0.7499999999999999 338 0.8235294117647058 0.0735294 0.0114226
665 360 0.7499999999999999 338 0.7499999999999999 0 0.0113084
666 360 0.923076923076923 338 0.923076923076923 0 0.0111953
667 360 0.9411764705882353 338 0.9411764705882353 0 0.0110834
668 360 0.9411764705882353 338 0.9411764705882353 0 0.0109725
669 360 0.8421052631578948 338 0.8421052631578948 0 0.0108628
670 360 0.8571428571428571 338 0.8571428571428571 0 0.0107542
671 360 0.9333333333333333 338 0.9333333333333333 0 0.0106467
672 360 0.9333333333333333 338 0.9333333333333333 0 0.0105402
673 360 0.8 338 0.8 0 0.0104348
674 360 0.7692307692307692 338 0.7692307692307692 0 0.0103304
675 360 0.8750000000000001 338 0.8750000000000001 0 0.0102271
676 360 0.823529411764706 338 0.823529411764706 0 0.0101249
677 360 0.823529411764706 338 0.8888888888888888 0.0653595 0.0106772
678 360 0.8333333333333333 338 0.8333333333333333 0 0.0105704
679 360 0.5 338 0.5333333333333333 0.0333333 0.0107981
680 360 0.7142857142857143 338 0.7142857142857143 0 0.0106901
681 360 0.923076923076923 338 0.923076923076923 0 0.0105832
682 360 0.923076923076923 338 0.8333333333333333 -0.0897436 0.00957991
683 360 0.8571428571428571 338 0.8571428571428571 0 0.00948411
684 360 0.7692307692307693 338 0.7692307692307693 0 0.00938927
685 360 0.8571428571428571 338 0.8571428571428571 0 0.00929538
686 360 0.7142857142857143 338 0.7999999999999999 0.0857143 0.0100596
687 360 0.7999999999999999 338 0.7999999999999999 0 0.00995897
688 360 0.8235294117647058 338 0.8235294117647058 0 0.00985938
689 360 0.875 338 0.875 0 0.00976079
690 360 0.761904761904762 338 0.761904761904762 0 0.00966318
691 360 0.9090909090909091 338 0.8695652173913043 -0.0395257 0.00917129
692 360 0.8421052631578948 338 0.8421052631578948 0 0.00907958
693 360 0.9523809523809523 338 0.8421052631578948 -0.110276 0.00788603
694 360 0.8 338 0.8 0 0.00780717
695 360 0.8181818181818181 338 0.761904761904762 -0.0562771 0.00716633
696 360 0.888888888888889 338 0.888888888888889 0 0.00709466
697 360 0.8181818181818181 338 0.7826086956521738 -0.0355731 0.00666798
698 360 0.8333333333333333 338 0.8 -0.0333333 0.00626797
699 360 0.9565217391304348 338 0.9565217391304348 0 0.00620529
700 360 0.8571428571428571 338 0.9090909090909091 0.0519481 0.00666272
701 360 0.8181818181818182 338 0.8181818181818182 0 0.00659609
702 360 0.9166666666666666 338 0.9166666666666666 0 0.00653013
703 360 0.8695652173913043 338 0.8695652173913043 0 0.00646483
704 360 0.896551724137931 338 0.8571428571428571 -0.0394089 0.00600609
705 360 0.923076923076923 338 0.923076923076923 0 0.00594603
706 360 0.9166666666666666 338 0.9166666666666666 0 0.00588657
707 360 0.9090909090909091 338 0.9090909090909091 0 0.00582771
708 360 0.9600000000000001 338 0.9600000000000001 0 0.00576943
709 360 0.9333333333333333 338 0.896551724137931 -0.0367816 0.00534392
710 360 0.8484848484848484 338 0.7894736842105263 -0.0590112 0.00470037
711 360 0.896551724137931 338 0.9655172413793104 0.0689655 0.00534302
712 360 0.8750000000000001 338 0.8750000000000001 0 0.00528959
713 360 0.8235294117647058 338 0.3529411764705882 -0.470588 0.000530811
714 360 0.8387096774193548 338 0.25 -0.58871 -0.00536159
715 360 0.9714285714285714 338 0.375 -0.596429 -0.0112723
716 360 0.875 338 0.875 0 -0.0111595
717 360 0.9090909090909091 338 0.9375 0.0284091 -0.0107639
718 360 0.896551724137931 338 0.7586206896551724 -0.137931 -0.0120355
719 360 0.8125 338 0.8387096774193549 0.0262097 -0.0116531
720 360 0.7857142857142856 338 0.7857142857142856 0 -0.0115365
721 360 0.9333333333333333 338 0.9333333333333333 0 -0.0114212
722 360 0.8823529411764706 338 0.8484848484848484 -0.0338681 -0.0116456
723 360 0.9285714285714286 338 0.9285714285714286 0 -0.0115292
724 360 0.8275862068965518 338 0.896551724137931 0.0689655 -0.0107242
725 360 0.8333333333333333 338 0.8333333333333333 0 -0.010617
726 360 0.888888888888889 338 0.88 -0.00888889 -0.0105997
727 360 0.8275862068965517 335 0.7857142857142857 -0.0418719 -0.0109124
728 360 0.896551724137931 335 0.8666666666666667 -0.0298851 -0.0111022
729 360 0.896551724137931 335 0.896551724137931 0 -0.0109911
730 360 1.0 335 0.923076923076923 -0.0769231 -0.0116505
731 360 0.8823529411764706 335 0.9142857142857143 0.0319328 -0.0112146
732 360 0.896551724137931 335 0.9333333333333333 0.0367816 -0.0107347
733 360 0.896551724137931 335 0.9032258064516129 0.00667408 -0.0105606
734 360 0.967741935483871 335 0.9655172413793104 -0.00222469 -0.0104772
735 360 0.896551724137931 335 0.9333333333333333 0.0367816 -0.0100046
736 360 0.9285714285714286 335 0.9655172413793104 0.0369458 -0.00953513
737 360 0.9090909090909091 335 0.9090909090909091 0 -0.00943978
738 360 0.9090909090909091 335 0.8750000000000001 -0.0340909 -0.00968629
739 360 0.9032258064516129 335 0.9032258064516129 0 -0.00958943
740 360 0.8823529411764706 335 0.8823529411764706 0 -0.00949353
741 360 0.8648648648648648 335 0.8421052631578947 -0.0227596 -0.0096262
742 360 0.9 335 0.8205128205128205 -0.0794872 -0.0103248
743 360 0.9411764705882353 335 0.9411764705882353 0 -0.0102216
744 360 0.9142857142857143 335 0.8823529411764706 -0.0319328 -0.0104387
745 360 0.8717948717948718 335 0.9230769230769231 0.0512821 -0.00982146
746 360 0.9444444444444444 335 0.918918918918919 -0.0255255 -0.0099785
747 360 0.972972972972973 335 0.9444444444444444 -0.0285285 -0.010164
748 360 0.85 335 0.9047619047619047 0.0547619 -0.00951474
749 360 0.9767441860465117 335 0.9333333333333332 -0.0434109 -0.00985371
750 360 0.9523809523809523 335 0.909090909090909 -0.04329 -0.0101881
751 360 0.9130434782608695 335 0.9361702127659574 0.0231267 -0.00985492
752 360 0.8444444444444444 335 0.8695652173913043 0.0251208 -0.00950516
753 360 0.8444444444444444 335 0.8636363636363636 0.0191919 -0.00921819
754 360 0.8444444444444443 335 0.7826086956521738 -0.0618357 -0.00974437
755 360 0.8571428571428572 335 0.8333333333333334 -0.0238095 -0.00988502
756 360 0.88 335 0.8627450980392156 -0.0172549 -0.00995872
757 360 0.923076923076923 335 0.923076923076923 0 -0.00985913
758 360 0.9019607843137256 335 0.9019607843137256 0 -0.00976054
759 360 0.9259259259259259 335 0.8888888888888888 -0.037037 -0.0100333
760 360 0.8363636363636363 326 0.8070175438596491 -0.0293461 -0.0102264
761 360 0.8727272727272727 326 0.8421052631578947 -0.030622 -0.0104304
762 360 0.923076923076923 326 0.9019607843137256 -0.0211161 -0.0105372
763 360 0.8461538461538461 326 0.8461538461538461 0 -0.0104319
764 360 0.888888888888889 326 0.8679245283018867 -0.0209644 -0.0105372
765 360 0.8571428571428572 326 0.8571428571428572 0 -0.0104318
766 360 0.9019607843137256 326 0.8800000000000001 -0.0219608 -0.0105471
767 360 0.8679245283018867 326 0.830188679245283 -0.0377358 -0.010819
768 360 0.9056603773584904 326 0.8846153846153847 -0.021045 -0.0109213
769 360 0.8571428571428571 326 0.8235294117647057 -0.0336134 -0.0111482
770 360 0.7857142857142856 326 0.7857142857142856 0 -0.0110367
771 360 0.8627450980392156 326 0.8800000000000001 0.0172549 -0.0107538
772 360 0.8 326 0.8 0 -0.0106462
773 360 0.92 326 0.9019607843137256 -0.0180392 -0.0107202
774 360 0.8363636363636363 326 0.830188679245283 -0.00617496 -0.0106747
775 360 0.8571428571428571 326 0.8421052631578948 -0.0150376 -0.0107184
776 360 0.84375 326 0.8387096774193549 -0.00504032 -0.0106616
777 360 0.8363636363636364 326 0.8363636363636364 0 -0.010555
778 360 0.8571428571428571 326 0.8813559322033899 0.0242131 -0.0102073
779 360 0.8846153846153846 326 0.9259259259259259 0.0413105 -0.0096921
780 360 0.7936507936507938 326 0.7936507936507938 0 -0.00959518
781 360 0.8135593220338982 326 0.7796610169491527 -0.0338983 -0.00983821
782 360 0.8666666666666666 326 0.819672131147541 -0.0469945 -0.0102098
783 360 0.8125 326 0.8437500000000001 0.03125 -0.00979518
784 360 0.8571428571428571 326 0.8571428571428571 0 -0.00969722
785 360 0.851851851851852 326 0.8571428571428572 0.00529101 -0.00954734
786 360 0.8076923076923077 326 0.830188679245283 0.0224964 -0.00922691
787 360 0.7916666666666667 326 0.8333333333333334 0.0416667 -0.00871797
788 360 0.823529411764706 326 0.830188679245283 0.00665927 -0.0085642
789 360 0.823529411764706 326 0.84 0.0164706 -0.00831385
790 360 0.8333333333333333 326 0.8333333333333333 0 -0.00823071
791 360 0.8163265306122449 326 0.7755102040816326 -0.0408163 -0.00855657
792 360 0.8444444444444444 326 0.8260869565217391 -0.0183575 -0.00865458
793 360 0.8636363636363636 320 0.8260869565217391 -0.0375494 -0.00894352
794 360 0.8936170212765957 320 0.9130434782608695 0.0194265 -0.00865982
795 360 0.8181818181818182 320 0.8695652173913043 0.0513834 -0.00805939
796 360 0.851063829787234 320 0.851063829787234 0 -0.0079788
797 360 0.888888888888889 320 0.8695652173913043 -0.0193237 -0.00809225
798 360 0.8372093023255813 320 0.8372093023255813 0 -0.00801132
799 360 0.9523809523809523 320 0.8780487804878049 -0.0743322 -0.00867453
800 360 0.8372093023255814 320 0.9 0.0627907 -0.00795988
801 360 0.8421052631578947 320 0.8717948717948718 0.0296896 -0.00758339
802 360 0.888888888888889 320 0.8648648648648648 -0.024024 -0.00774779
803 360 0.8648648648648648 320 0.8947368421052632 0.029872 -0.00737159
804 360 0.8717948717948718 320 0.85 -0.0217949 -0.00751583
805 360 0.85 320 0.8292682926829269 -0.0207317 -0.00764799
806 360 0.75 320 0.761904761904762 0.0119048 -0.00745246
807 360 0.8888888888888888 320 0.8947368421052632 0.00584795 -0.00731945
808 360 1.0 320 0.9743589743589743 -0.025641 -0.00750267
809 360 0.9230769230769231 320 0.8717948717948718 -0.0512821 -0.00794046
810 360 0.9130434782608696 320 0.9130434782608696 0 -0.00786106
811 360 0.8510638297872339 320 0.8510638297872339 0 -0.00778245
812 360 0.8800000000000001 320 0.851063829787234 -0.0289362 -0.00799399
813 360 0.8372093023255814 320 0.8571428571428571 0.0199336 -0.00771471
814 360 0.8085106382978724 320 0.7916666666666667 -0.016844 -0.007806
815 360 0.8085106382978723 320 0.8333333333333333 0.0248227 -0.00747972
816 360 0.7843137254901961 320 0.7843137254901961 0 -0.00740492
817 360 0.8627450980392156 320 0.8235294117647057 -0.0392157 -0.00772303
818 360 0.7916666666666667 320 0.7391304347826088 -0.0525362 -0.00817116
819 360 0.8636363636363636 320 0.8571428571428571 -0.00649351 -0.00815438
820 360 0.8181818181818182 320 0.744186046511628 -0.0739958 -0.0088128
821 360 0.8717948717948718 320 0.8500000000000001 -0.0217949 -0.00894262
822 360 0.9302325581395349 320 0.9302325581395349 0 -0.00885319
823 360 0.761904761904762 320 0.7906976744186046 0.0287929 -0.00847673
824 360 0.8636363636363635 320 0.8444444444444444 -0.0191919 -0.00858388
825 360 0.8695652173913043 320 0.8444444444444444 -0.0251208 -0.00874925
826 360 0.8292682926829269 316 0.9302325581395349 0.100964 -0.00765212
827 360 0.8095238095238095 316 0.8636363636363636 0.0541126 -0.00703447
828 360 0.8571428571428571 316 0.9047619047619047 0.047619 -0.00648793
829 360 0.9230769230769231 316 0.9230769230769231 0 -0.00642305
830 360 0.8421052631578947 316 0.8205128205128205 -0.0215924 -0.00657475
831 360 0.9268292682926829 316 0.8292682926829269 -0.097561 -0.00748461
832 360 0.8421052631578948 316 0.8205128205128205 -0.0215924 -0.00762569
833 360 0.9268292682926829 316 0.9302325581395349 0.00340329 -0.0075154
834 360 0.8421052631578947 316 0.9 0.0578947 -0.0068613
835 360 0.8372093023255814 316 0.7906976744186046 -0.0465116 -0.0072578
836 360 0.8260869565217391 316 0.8444444444444444 0.0183575 -0.00700165
837 360 0.8372093023255814 316 0.8837209302325583 0.0465116 -0.00646652
838 360 0.7906976744186047 316 0.8444444444444444 0.0537468 -0.00586438
839 360 0.9302325581395349 316 0.8837209302325583 -0.0465116 -0.00627086
840 360 0.888888888888889 316 0.8260869565217391 -0.0628019 -0.00683617
841 360 0.8636363636363636 316 0.888888888888889 0.0252525 -0.00651528
842 360 0.7916666666666667 316 0.7755102040816326 -0.0161565 -0.00661169
843 360 0.8750000000000001 316 0.851063829787234 -0.0239362 -0.00678494
844 360 0.8163265306122449 316 0.8163265306122449 0 -0.00671709
845 360 0.8695652173913044 316 0.8695652173913044 0 -0.00664992
846 360 0.8148148148148148 316 0.8363636363636363 0.0215488 -0.00636793
847 360 0.8727272727272727 316 0.8928571428571428 0.0201299 -0.00610295
848 360 0.9056603773584904 313 0.8518518518518519 -0.0538085 -0.00658001
849 360 0.8148148148148148 313 0.8518518518518519 0.037037 -0.00614384
850 360 0.847457627118644 313 0.8666666666666667 0.019209 -0.00589031
851 360 0.8070175438596492 313 0.8620689655172413 0.0550514 -0.00528089
852 360 0.88 313 0.8679245283018867 -0.0120755 -0.00534884
853 360 0.9259259259259259 313 0.9056603773584906 -0.0202655 -0.005498
854 360 0.8363636363636363 313 0.912280701754386 0.0759171 -0.00468385
855 360 0.8727272727272727 313 0.888888888888889 0.0161616 -0.0044754
856 360 0.8333333333333334 313 0.793103448275862 -0.0402299 -0.00483294
857 360 0.806451612903226 313 0.8387096774193549 0.0322581 -0.00446203
858 360 0.8620689655172413 313 0.8571428571428571 -0.00492611 -0.00446667
859 360 0.8275862068965517 313 0.7857142857142856 -0.0418719 -0.00484072
860 360 0.8813559322033899 313 0.8620689655172414 -0.019287 -0.00498519
861 360 0.8627450980392156 313 0.8679245283018868 0.00517943 -0.00488354
862 360 0.8000000000000002 313 0.7936507936507938 -0.00634921 -0.0048982
863 360 0.9 313 0.8852459016393444 -0.0147541 -0.00499676
864 360 0.8709677419354839 313 0.875 0.00403226 -0.00490647
865 360 0.9180327868852459 313 0.9152542372881356 -0.00277855 -0.00488519
866 360 0.875 313 0.875 0 -0.00483634
867 360 0.90625 313 0.90625 0 -0.00478797
868 360 0.8985507246376812 313 0.7941176470588236 -0.104433 -0.00578442
869 360 0.911764705882353 313 0.9142857142857143 0.00252101 -0.00570137
870 360 0.787878787878788 308 0.8219178082191781 0.034039 -0.00530397
871 360 0.8437500000000001 308 0.8695652173913043 0.0258152 -0.00499277
872 360 0.8358208955223881 308 0.8169014084507044 -0.0189195 -0.00513204
873 360 0.8311688311688312 308 0.8157894736842105 -0.0153794 -0.00523451
874 360 0.8955223880597014 308 0.8529411764705882 -0.0425812 -0.00560798
875 360 0.7777777777777777 308 0.7837837837837837 0.00600601 -0.00549184
876 360 0.8181818181818182 308 0.7142857142857143 -0.103896 -0.00647588
877 360 0.8275862068965518 308 0.793103448275862 -0.0344828 -0.00675595
878 360 0.8666666666666666 308 0.8888888888888888 0.0222222 -0.00646617
879 360 0.8437500000000001 308 0.8 -0.04375 -0.00683901
880 360 0.761904761904762 308 0.7692307692307692 0.00732601 -0.00669736
881 360 0.8484848484848486 308 0.8529411764705883 0.00445633 -0.00658582
882 360 0.8611111111111112 308 0.8405797101449275 -0.0205314 -0.00672528
883 360 0.7761194029850748 308 0.8000000000000002 0.0238806 -0.00641922
884 360 0.8219178082191781 308 0.7777777777777778 -0.04414 -0.00679643
885 360 0.8405797101449275 308 0.8611111111111112 0.0205314 -0.00652315
886 360 0.861111111111111 308 0.9142857142857143 0.0531746 -0.00592617
887 360 0.8918918918918918 308 0.8493150684931507 -0.0425768 -0.00629268
888 360 0.84375 308 0.8125 -0.03125 -0.00654225
889 360 0.8387096774193549 308 0.8387096774193549 0 -0.00647683
890 360 0.9354838709677419 308 0.8787878787878787 -0.056696 -0.00697902
891 360 0.8387096774193549 308 0.8852459016393442 0.0465362 -0.00644387
892 360 0.835820895522388 307 0.8235294117647058 -0.0122915 -0.00650234
893 360 0.8571428571428571 307 0.8615384615384615 0.0043956 -0.00639336
894 360 0.8750000000000001 307 0.888888888888889 0.0138889 -0.00619054
895 360 0.8571428571428572 307 0.8253968253968255 -0.031746 -0.0064461
896 360 0.7936507936507938 307 0.8387096774193549 0.0450589 -0.00593105
897 360 0.8709677419354839 307 0.888888888888889 0.0179211 -0.00569252
898 360 0.8437500000000001 307 0.787878787878788 -0.0558712 -0.00619431
899 360 0.8615384615384616 307 0.84375 -0.0177885 -0.00631025
900 360 0.8484848484848486 307 0.8064516129032259 -0.0420332 -0.00666748
901 360 0.8135593220338982 307 0.8666666666666666 0.0531073 -0.00606973
902 360 0.7931034482758621 307 0.8666666666666666 0.0735632 -0.00527341
903 360 0.8421052631578947 307 0.847457627118644 0.00535236 -0.00516715
904 360 0.7857142857142856 307 0.7796610169491527 -0.00605327 -0.00517601
905 360 0.7999999999999999 307 0.8524590163934426 0.052459 -0.00459966
906 360 0.8275862068965517 307 0.8275862068965517 0 -0.00455366
907 360 0.8421052631578948 307 0.8771929824561403 0.0350877 -0.00415725
908 360 0.9019607843137256 307 0.8627450980392156 -0.0392157 -0.00450783
909 360 0.7777777777777777 307 0.8518518518518519 0.0740741 -0.00372201
910 360 0.7586206896551725 307 0.7540983606557378 -0.00452233 -0.00373002
911 360 0.8214285714285714 307 0.8275862068965517 0.00615764 -0.00363114
912 360 0.8437499999999999 307 0.8437499999999999 0 -0.00359483
913 360 0.896551724137931 307 0.8813559322033898 -0.0151958 -0.00371084
914 360 0.8999999999999999 314 0.8620689655172413 -0.037931 -0.00405304
915 360 0.9473684210526316 314 0.9473684210526316 0 -0.00401251
916 360 0.8059701492537314 314 0.8064516129032259 0.000481464 -0.00396757
917 360 0.7868852459016394 314 0.8064516129032258 0.0195664 -0.00373223
918 360 0.8928571428571429 314 0.8928571428571429 0 -0.00369491
919 360 0.8421052631578947 314 0.847457627118644 0.00535236 -0.00360444
920 360 0.8813559322033898 314 0.8813559322033898 0 -0.00356839
921 360 0.888888888888889 314 0.8571428571428572 -0.031746 -0.00385017
922 360 0.8813559322033898 314 0.8421052631578948 -0.0392507 -0.00420417
923 360 0.8214285714285715 314 0.8070175438596493 -0.014411 -0.00430624
924 360 0.9 314 0.8275862068965517 -0.0724138 -0.00498732
925 360 0.8421052631578947 314 0.8771929824561403 0.0350877 -0.00458657
926 360 0.8275862068965517 314 0.8135593220338984 -0.0140269 -0.00468097
927 360 0.9090909090909091 314 0.8727272727272728 -0.0363636 -0.0049978
928 360 0.9433962264150945 314 0.8363636363636364 -0.107033 -0.00601814
929 360 0.912280701754386 314 0.9285714285714286 0.0162907 -0.00579506
930 360 0.9491525423728815 314 0.9655172413793104 0.0163647 -0.00557346
931 360 0.8524590163934426 314 0.8524590163934426 0 -0.00551772
932 360 0.7936507936507938 314 0.8253968253968254 0.031746 -0.00514509
933 360 0.8307692307692308 314 0.8307692307692308 0 -0.00509363
934 360 0.8571428571428571 314 0.8749999999999999 0.0178571 -0.00486413
935 360 0.8253968253968255 314 0.8 -0.0253968 -0.00506945
936 360 0.8813559322033898 311 0.847457627118644 -0.0338983 -0.00535774
937 360 0.9180327868852458 311 0.8999999999999999 -0.0180328 -0.00548449
938 360 0.8928571428571429 311 0.8363636363636364 -0.0564935 -0.00599458
939 360 0.8363636363636364 311 0.7999999999999999 -0.0363636 -0.00629827
940 360 0.8333333333333334 311 0.819672131147541 -0.0136612 -0.0063719
941 360 0.8771929824561403 311 0.8620689655172413 -0.015124 -0.00645942
942 360 0.8620689655172413 311 0.8620689655172413 0 -0.00639483
943 360 0.8421052631578948 311 0.8771929824561403 0.0350877 -0.00598
944 360 0.896551724137931 311 0.8620689655172413 -0.0344828 -0.00626503
945 360 0.8620689655172414 311 0.8813559322033899 0.019287 -0.00600951
946 360 0.8813559322033898 311 0.8999999999999999 0.0186441 -0.00576298
947 360 0.8928571428571429 311 0.912280701754386 0.0194236 -0.00551111
948 360 0.9090909090909091 311 0.8888888888888888 -0.020202 -0.00565802
949 360 0.9090909090909091 311 0.8727272727272727 -0.0363636 -0.00596508
950 360 0.912280701754386 311 0.888888888888889 -0.0233918 -0.00613934
951 360 0.9122807017543859 311 0.8771929824561403 -0.0350877 -0.00642883
952 360 0.8888888888888888 311 0.8214285714285715 -0.0674603 -0.00703914
953 360 0.8333333333333334 311 0.8070175438596491 -0.0263158 -0.00723191
954 360 0.9803921568627451 311 0.9803921568627451 0 -0.00715959
955 360 0.8518518518518519 311 0.8627450980392156 0.0108932 -0.00697906
956 360 0.896551724137931 311 0.8727272727272727 -0.0238245 -0.00714752
957 360 0.8571428571428572 311 0.9166666666666666 0.0595238 -0.0064808
958 360 0.9333333333333333 311 0.8510638297872339 -0.0822695 -0.00723869
959 360 0.8333333333333334 311 0.816326530612245 -0.0170068 -0.00733637
960 360 0.8979591836734694 311 0.8979591836734694 0 -0.00726301
961 360 0.9565217391304348 311 0.8636363636363636 -0.0928854 -0.00811923
962 360 0.9166666666666666 311 0.8571428571428572 -0.0595238 -0.00863328
963 360 0.8571428571428571 311 0.8620689655172413 0.00492611 -0.00849768
964 360 0.896551724137931 311 0.8771929824561403 -0.0193587 -0.00860629
965 360 0.8852459016393444 311 0.8666666666666666 -0.0185792 -0.00870602
966 360 0.8999999999999999 311 0.8524590163934426 -0.047541 -0.00909437
967 360 0.9259259259259259 311 0.8571428571428572 -0.0687831 -0.00969126
968 360 0.875 311 0.7999999999999999 -0.075 -0.0103443
969 360 0.9032258064516129 311 0.8852459016393444 -0.0179799 -0.0104207
970 360 0.9180327868852459 311 0.8524590163934426 -0.0655738 -0.0109722
971 360 0.9206349206349206 311 0.9206349206349206 0 -0.0108625
972 360 0.8813559322033899 311 0.9180327868852459 0.0366769 -0.0103871
973 360 0.8888888888888888 311 0.9032258064516129 0.0143369 -0.0101399
974 360 0.923076923076923 311 0.8923076923076922 -0.0307692 -0.0103462
975 360 0.8787878787878788 311 0.8695652173913043 -0.00922266 -0.0103349
976 360 0.9152542372881356 311 0.8620689655172413 -0.0531853 -0.0107634
977 360 0.8823529411764706 311 0.8955223880597015 0.0131694 -0.0105241
978 360 0.823529411764706 311 0.8115942028985507 -0.0119352 -0.0105382
979 360 0.8767123287671232 311 0.8732394366197184 -0.00347289 -0.0104676
980 360 0.8888888888888888 311 0.8695652173913043 -0.0193237 -0.0105561
981 360 0.8985507246376813 311 0.8307692307692308 -0.0677815 -0.0111284
982 360 0.8181818181818182 311 0.8484848484848485 0.030303 -0.0107141
983 360 0.8888888888888888 311 0.8857142857142858 -0.0031746 -0.0106387
984 360 0.8985507246376813 311 0.8656716417910448 -0.0328791 -0.0108611
985 360 0.8771929824561403 311 0.8571428571428571 -0.0200501 -0.010953
986 360 0.8064516129032258 311 0.8571428571428572 0.0506912 -0.0103365
987 360 0.8529411764705883 311 0.8437500000000001 -0.00919118 -0.0103251
988 360 0.8955223880597014 311 0.8787878787878788 -0.0167345 -0.0103892
989 360 0.90625 311 0.90625 0 -0.0102853
990 360 0.8524590163934426 311 0.7868852459016394 -0.0655738 -0.0108382
991 360 0 311 0 0 -0.0107298
992 360 0.8 311 0.823529411764706 0.0235294 -0.0103872
993 360 0.8750000000000001 311 0.823529411764706 -0.0514706 -0.010798
994 360 0.8 311 0.823529411764706 0.0235294 -0.0104547
995 360 0.8 311 0.823529411764706 0.0235294 -0.0101149
996 360 0.8 311 0.823529411764706 0.0235294 -0.00977846
997 360 0.8 311 0.823529411764706 0.0235294 -0.00944538
998 360 0.8 311 0.823529411764706 0.0235294 -0.00911563
999 360 0.8 311 0.8750000000000001 0.075 -0.00827448
1000 360 0.7499999999999999 311 0.7777777777777777 0.0277778 -0.00791396
1001 360 0.8 311 0.823529411764706 0.0235294 -0.00759952
1002 360 0.8 311 0.8750000000000001 0.075 -0.00677353
1003 360 0.8750000000000001 311 0.8750000000000001 0 -0.00670579
1004 360 0.8 311 0.8750000000000001 0.075 -0.00588873
1005 360 0.75 311 0.823529411764706 0.0735294 -0.00509455
1006 360 0.75 311 0.823529411764706 0.0735294 -0.00430831
1007 360 0.75 311 0.823529411764706 0.0735294 -0.00352993
1008 360 0.7499999999999999 311 0.7777777777777777 0.0277778 -0.00321686
1009 360 0.7499999999999999 311 0.7777777777777777 0.0277778 -0.00290691
1010 360 0.8235294117647058 311 0.7777777777777777 -0.0457516 -0.00333536
1011 360 0.8750000000000001 311 0.823529411764706 -0.0514706 -0.00381671
1012 360 0.8235294117647058 311 0.7777777777777777 -0.0457516 -0.00423606
1013 360 0.7499999999999999 313 0.7499999999999999 0 -0.0041937
1014 360 0.7499999999999999 313 0.7499999999999999 0 -0.00415176
1015 360 0.7499999999999999 313 0.7499999999999999 0 -0.00411024
1016 360 0.7499999999999999 313 0.7058823529411764 -0.0441176 -0.00451032
1017 360 0.7058823529411764 313 0.6666666666666665 -0.0392157 -0.00485737
1018 360 0.7058823529411764 313 0.7058823529411764 0 -0.0048088
1019 360 0.7058823529411764 313 0.6666666666666665 -0.0392157 -0.00515287
1020 360 0.7058823529411764 313 0.7058823529411764 0 -0.00510134
1021 360 0.7499999999999999 313 0.7058823529411764 -0.0441176 -0.0054915
1022 360 0.7499999999999999 313 0.7058823529411764 -0.0441176 -0.00587776
1023 360 0.7499999999999999 313 0.7499999999999999 0 -0.00581899
1024 360 0.7499999999999999 313 0.7058823529411764 -0.0441176 -0.00620197
1025 360 0.7499999999999999 313 0.7058823529411764 -0.0441176 -0.00658113
1026 360 0.7499999999999999 313 0.7058823529411764 -0.0441176 -0.00695649
1027 360 0.7499999999999999 313 0.7058823529411764 -0.0441176 -0.00732811
1028 360 0.7499999999999999 313 0.7058823529411764 -0.0441176 -0.007696
1029 360 0.7777777777777777 313 0.7499999999999999 -0.0277778 -0.00789682
1030 360 0.8 313 0.8 0 -0.00781785
1031 360 0.8571428571428571 313 0.8571428571428571 0 -0.00773967
1032 360 0.75 313 0.6250000000000001 -0.125 -0.00891228
1033 360 0.8235294117647058 313 0.7499999999999999 -0.0735294 -0.00955845
1034 360 0.8750000000000001 313 0.75 -0.125 -0.0107129
1035 360 0.75 313 0.75 0 -0.0106057
1036 360 0.875 313 0.7999999999999999 -0.075 -0.0112497
1037 360 0.8 313 0.75 -0.05 -0.0116372
1038 360 0.625 313 0.588235294117647 -0.0367647 -0.0118885
1039 360 0.7058823529411764 313 0.588235294117647 -0.117647 -0.012946
1040 360 0.7499999999999999 313 0.7058823529411764 -0.0441176 -0.0132578
1041 360 0.7499999999999999 313 0.7058823529411764 -0.0441176 -0.0135664
1042 360 0.7058823529411765 313 0.75 0.0441176 -0.0129895
1043 360 0.8 313 0.75 -0.05 -0.0133596
1044 360 0.75 313 0.75 0 -0.013226
1045 360 0.75 313 0.75 0 -0.0130938
1046 360 0.8 315 0.75 -0.05 -0.0134628
1047 360 0.8 315 0.75 -0.05 -0.0138282
1048 360 0.8 315 0.75 -0.05 -0.0141899
1049 360 0.7499999999999999 315 0.7499999999999999 0 -0.014048
1050 360 0.7058823529411764 315 0.7368421052631579 0.0309598 -0.0135979
1051 360 0.7058823529411764 315 0.7058823529411764 0 -0.013462
1052 360 0.7499999999999999 315 0.8235294117647058 0.0735294 -0.012592
1053 360 0.7499999999999999 315 0.8235294117647058 0.0735294 -0.0117308
1054 360 0.7058823529411764 315 0.7777777777777778 0.0718954 -0.0108946
1055 360 0.7058823529411764 315 0.7777777777777778 0.0718954 -0.0100667
1056 360 0.7058823529411764 315 0.7777777777777778 0.0718954 -0.00924705
1057 360 0.7777777777777778 315 0.7777777777777778 0 -0.00915458
1058 360 0.7058823529411764 315 0.7777777777777778 0.0718954 -0.00834408
1059 360 0.7499999999999999 315 0.8235294117647058 0.0735294 -0.00752534
1060 360 0.7499999999999999 315 0.8235294117647058 0.0735294 -0.0067148
1061 360 0.7058823529411764 315 0.7777777777777778 0.0718954 -0.00592869
1062 360 0.7058823529411764 315 0.8421052631578948 0.136223 -0.00450718
1063 360 0.7058823529411764 315 0.8421052631578948 0.136223 -0.00309988
1064 360 0.8 315 0.8750000000000001 0.075 -0.00231888
1065 360 0.7058823529411764 315 0.7777777777777778 0.0718954 -0.00157673
1066 360 0.761904761904762 315 0.8181818181818181 0.0562771 -0.000998197
1067 360 0.8 315 0.8571428571428571 0.0571429 -0.000416786
1068 360 0.9 315 0.9 0 -0.000412618
1069 360 0.8421052631578948 315 0.9 0.0578947 0.000170455
1070 360 0.761904761904762 315 0.8181818181818181 0.0562771 0.000731521
1071 360 0.8 315 0.8571428571428571 0.0571429 0.00129563
1072 360 0.8421052631578948 315 0.9 0.0578947 0.00186163
1073 360 0.8421052631578948 315 0.9 0.0578947 0.00242196
1074 360 0.7777777777777777 315 0.8421052631578948 0.0643275 0.00304101
1075 360 0.7368421052631577 315 0.8421052631578948 0.105263 0.00406323
1076 360 0.7999999999999999 315 0.9 0.1 0.0050226
1077 360 0.7368421052631577 315 0.8421052631578948 0.105263 0.00602501
1078 360 0.7999999999999999 315 0.7999999999999999 0 0.00596476
1079 360 0.7000000000000001 313 0.7000000000000001 0 0.00590511
1080 360 0.761904761904762 313 0.7999999999999999 0.0380952 0.00622701
1081 360 0.8421052631578948 313 0.761904761904762 -0.0802005 0.00536274
1082 360 0.8421052631578948 313 0.761904761904762 -0.0802005 0.0045071
1083 360 0.8421052631578948 313 0.7999999999999999 -0.0421053 0.00404098
1084 360 0.9 313 0.761904761904762 -0.138095 0.00261962
1085 360 0.9 313 0.761904761904762 -0.138095 0.00121247
1086 360 0.7999999999999999 313 0.7272727272727273 -0.0727273 0.000473071
1087 360 0.7999999999999999 313 0.7272727272727273 -0.0727273 -0.000258932
1088 360 0.8181818181818182 313 0.761904761904762 -0.0562771 -0.000819114
1089 360 0.761904761904762 313 0.761904761904762 0 -0.000810923
1090 360 0.7999999999999999 313 0.7999999999999999 0 -0.000802813
1091 360 0.7999999999999999 313 0.7999999999999999 0 -0.000794785
1092 360 0.7999999999999999 313 0.7999999999999999 0 -0.000786837
1093 360 0.7999999999999999 313 0.7999999999999999 0 -0.000778969
1094 360 0.7999999999999999 313 0.7999999999999999 0 -0.000771179
1095 360 0.8 313 0.8 0 -0.000763467
1096 360 0.761904761904762 313 0.8 0.0380952 -0.00037488
1097 360 0.8 313 0.8 0 -0.000371132
1098 360 0.8 313 0.7368421052631579 -0.0631579 -0.000998999
1099 360 0.8181818181818181 313 0.7826086956521738 -0.0355731 -0.00134474
1100 360 0.761904761904762 313 0.6956521739130435 -0.0662526 -0.00199382
1101 360 0.761904761904762 313 0.7826086956521738 0.0207039 -0.00176684
1102 360 0.7826086956521738 313 0.8 0.0173913 -0.00157526
1103 360 0.8181818181818181 313 0.7500000000000001 -0.0681818 -0.00224133
1104 360 0.8421052631578948 313 0.761904761904762 -0.0802005 -0.00302092
1105 360 0.8 313 0.7826086956521738 -0.0173913 -0.00316462
1106 360 0.8333333333333333 313 0.7200000000000001 -0.113333 -0.00426631
1107 360 0.782608695652174 313 0.88 0.0973913 -0.00324973
1108 360 0.8 313 0.8333333333333334 0.0333333 -0.0028839
1109 360 0.761904761904762 313 0.7272727272727272 -0.034632 -0.00320138
1110 360 0.8 313 0.8461538461538461 0.0461538 -0.00270783
1111 360 0.6956521739130435 313 0.75 0.0543478 -0.00213727
1112 360 0.7199999999999999 312 0.7272727272727274 0.00727273 -0.00204317
1113 360 0.6956521739130435 312 0.6666666666666667 -0.0289855 -0.0023126
1114 360 0.6666666666666666 312 0.7000000000000001 0.0333333 -0.00195614
1115 360 0.7368421052631579 312 0.7368421052631579 0 -0.00193658
1116 360 0.8 312 0.8 0 -0.00191721
1117 360 0.7000000000000001 312 0.761904761904762 0.0619048 -0.00127899
1118 360 0.8 312 0.7368421052631579 -0.0631579 -0.00189778
1119 360 0.7000000000000001 312 0.761904761904762 0.0619048 -0.00125975
1120 360 0.7368421052631579 312 0.8 0.0631579 -0.000615578
1121 360 0.8235294117647058 312 0.8235294117647058 0 -0.000609422
1122 360 0.7999999999999999 312 0.8421052631578948 0.0421053 -0.000182276
1123 360 0.7368421052631579 312 0.7368421052631579 0 -0.000180453
1124 360 0.8421052631578948 312 0.8421052631578948 0 -0.000178648
1125 360 0.7777777777777778 312 0.7777777777777778 0 -0.000176862
1126 360 0.7000000000000001 312 0.7368421052631579 0.0368421 0.000193328
1127 360 0.8235294117647058 312 0.7058823529411764 -0.117647 -0.000985076
1128 360 0.7777777777777778 312 0.631578947368421 -0.146199 -0.00243721
1129 360 0.7777777777777778 312 0.7058823529411764 -0.0718954 -0.0031318
1130 360 0.8235294117647058 312 0.8235294117647058 0 -0.00310048
1131 360 0.7499999999999999 312 0.8235294117647058 0.0735294 -0.00233418
1132 360 0.8235294117647058 312 0.7777777777777777 -0.0457516 -0.00276835
1133 360 0.8750000000000001 312 0.823529411764706 -0.0514706 -0.00325538
1134 360 0.8235294117647058 312 0.888888888888889 0.0653595 -0.00256923
1135 360 0.7499999999999999 312 0.888888888888889 0.138889 -0.00115465
1136 360 0.8571428571428572 312 0.9 0.0428571 -0.000714528
1137 360 0.8333333333333333 312 0.7826086956521738 -0.0507246 -0.00121463
1138 360 0.7272727272727274 312 0.7272727272727274 0 -0.00120248
1139 360 0.8 312 0.75 -0.05 -0.00169046
1140 360 0.7692307692307692 312 0.7200000000000001 -0.0492308 -0.00216586
1141 360 0.761904761904762 312 0.761904761904762 0 -0.0021442
1142 360 0.8181818181818181 312 0.8181818181818181 0 -0.00212276
1143 360 0.8181818181818181 312 0.8181818181818181 0 -0.00210153
1144 360 0.8695652173913044 312 0.8695652173913044 0 -0.00208052
1145 360 0.9 309 0.9 0 -0.00205971
1146 360 0.9 309 0.8421052631578948 -0.0578947 -0.00261806
1147 360 0.9 309 0.9 0 -0.00259188
1148 360 0.8571428571428571 309 0.8571428571428571 0 -0.00256596
1149 360 0.9523809523809523 309 0.9523809523809523 0 -0.0025403
1150 360 0.9523809523809523 309 0.9523809523809523 0 -0.0025149
1151 360 0.9523809523809523 309 1.0 0.047619 -0.00201356
1152 360 0.8695652173913044 309 0.8695652173913044 0 -0.00199343
1153 360 0.9565217391304348 309 0.9090909090909091 -0.0474308 -0.0024478
1154 360 0.8181818181818182 309 0.8695652173913043 0.0513834 -0.00190949
1155 360 0.9090909090909091 309 0.9090909090909091 0 -0.00189039
1156 360 0.9166666666666666 309 0.9166666666666666 0 -0.00187149
1157 360 0.9166666666666666 309 0.9166666666666666 0 -0.00185277
1158 360 0.9565217391304348 309 0.9166666666666666 -0.0398551 -0.0022328
1159 360 0.9600000000000001 309 0.8 -0.16 -0.00381047
1160 360 0.9090909090909091 309 0.9166666666666666 0.00757576 -0.00369661
1161 360 0.9523809523809523 309 0.8571428571428572 -0.0952381 -0.00461202
1162 360 0.9 309 0.9523809523809523 0.052381 -0.00404209
1163 360 0.8181818181818181 309 0.8695652173913044 0.0513834 -0.00348784
1164 360 0.8181818181818182 309 0.8695652173913043 0.0513834 -0.00293912
1165 360 0.7272727272727273 309 0.7826086956521738 0.055336 -0.00235637
1166 360 0.8181818181818181 309 0.7826086956521738 -0.0355731 -0.00268854
1167 360 0.8571428571428572 309 0.8571428571428572 0 -0.00266166
1168 360 0.8571428571428572 309 0.8571428571428572 0 -0.00263504
1169 360 0.8000000000000002 309 0.8000000000000002 0 -0.00260869
1170 360 0.9 309 0.8571428571428572 -0.0428571 -0.00301117
1171 360 0.9090909090909091 309 0.8695652173913043 -0.0395257 -0.00337632
1172 360 0.8000000000000002 309 0.8000000000000002 0 -0.00334256
1173 360 0.9 309 0.9 0 -0.00330913
1174 360 0.761904761904762 309 0.8000000000000002 0.0380952 -0.00289509
1175 360 0.9090909090909091 309 0.8571428571428572 -0.0519481 -0.00338562
1176 360 0.7826086956521738 309 0.7826086956521738 0 -0.00335176
1177 360 0.8181818181818182 309 0.8181818181818182 0 -0.00331824
1178 360 0.7857142857142857 308 0.8 0.0142857 -0.0031422
1179 360 0.88 308 0.7500000000000001 -0.13 -0.00441078
1180 360 0.846153846153846 308 0.7407407407407408 -0.105413 -0.0054208
1181 360 0.8333333333333334 308 0.7199999999999999 -0.113333 -0.00649993
1182 360 0.8799999999999999 308 0.7500000000000001 -0.13 -0.00773493
1183 360 0.8 308 0.7857142857142856 -0.0142857 -0.00780044
1184 360 0.8695652173913044 308 0.8333333333333333 -0.0362319 -0.00808475
1185 360 0.9523809523809523 308 0.9523809523809523 0 -0.0080039
1186 360 0.9 308 0.8571428571428572 -0.0428571 -0.00835244
1187 360 0.8571428571428572 308 0.8181818181818182 -0.038961 -0.00865852
1188 360 0.8695652173913043 308 0.8181818181818182 -0.0513834 -0.00908577
1189 360 0.9523809523809523 308 0.9090909090909091 -0.04329 -0.00942781
1190 360 0.9090909090909091 308 0.9090909090909091 0 -0.00933354
1191 360 0.9523809523809523 308 0.8571428571428572 -0.0952381 -0.0101926
1192 360 0.8571428571428571 308 0.8571428571428571 0 -0.0100907
1193 360 0.8181818181818182 308 0.9 0.0818182 -0.00917157
1194 360 0.7272727272727273 308 0.8571428571428572 0.12987 -0.00778115
1195 360 0.9090909090909091 308 0.9090909090909091 0 -0.00770334
1196 360 0.8571428571428571 308 0.8571428571428571 0 -0.00762631
1197 360 0.9 308 0.9 0 -0.00755004
1198 360 0.9 308 0.9 0 -0.00747454
1199 360 0.9 308 0.9 0 -0.0073998
1200 360 0.8571428571428571 308 0.8571428571428571 0 -0.0073258
1201 360 0.8571428571428571 308 0.8571428571428571 0 -0.00725254
1202 360 0.9 308 0.9 0 -0.00718002
1203 360 1.0 308 1.0 0 -0.00710822
1204 360 1.0 308 0.9473684210526316 -0.0526316 -0.00756345
1205 360 0.9473684210526316 308 0.9473684210526316 0 -0.00748781
1206 360 1.0 308 0.9473684210526316 -0.0526316 -0.00793925
1207 360 1.0 308 0.9473684210526316 -0.0526316 -0.00838618
1208 360 0.8421052631578948 308 0.9 0.0578947 -0.00772337
1209 360 0.9090909090909091 308 0.8571428571428571 -0.0519481 -0.00816561
1210 360 0.9090909090909091 308 0.8571428571428571 -0.0519481 -0.00860344
1211 360 0.8695652173913043 308 0.8181818181818182 -0.0513834 -0.00903124
1212 360 0.8181818181818182 308 0.8181818181818182 0 -0.00894092
1213 360 0.8571428571428571 308 0.8571428571428571 0 -0.00885152
1214 360 0.8571428571428571 308 0.8571428571428571 0 -0.008763
1215 360 0.9090909090909091 308 0.8571428571428571 -0.0519481 -0.00919485
1216 360 0.8695652173913044 308 0.8695652173913044 0 -0.0091029
1217 360 0.8695652173913044 308 0.8695652173913044 0 -0.00901187
1218 360 0.8181818181818181 308 0.7826086956521738 -0.0355731 -0.00927749
1219 360 0.8571428571428571 308 0.8181818181818182 -0.038961 -0.00957432
1220 360 0.8333333333333333 308 0.8695652173913044 0.0362319 -0.00911626
1221 360 0.8695652173913043 308 0.7826086956521738 -0.0869565 -0.00989466
1222 360 0.9090909090909091 309 0.8181818181818182 -0.0909091 -0.0107048
1223 360 0.9090909090909091 309 0.8695652173913043 -0.0395257 -0.010993
1224 360 0.8695652173913044 309 0.7826086956521738 -0.0869565 -0.0117527
1225 360 0.8333333333333333 309 0.8333333333333333 0 -0.0116351
1226 360 0.8799999999999999 309 0.8799999999999999 0 -0.0115188
1227 360 0.923076923076923 309 0.888888888888889 -0.034188 -0.0117455
1228 360 0.88 309 0.782608695652174 -0.0973913 -0.0126019
1229 360 0.8181818181818182 309 0.8571428571428571 0.038961 -0.0120863
1230 360 0.8695652173913043 309 0.8571428571428571 -0.0124224 -0.0120897
1231 360 0.8571428571428572 309 0.9 0.0428571 -0.0115402
1232 360 0.7826086956521738 309 0.8333333333333333 0.0507246 -0.0109175
1233 360 0.75 309 0.8 0.05 -0.0103084
1234 360 0.75 309 0.8333333333333333 0.0833333 -0.00937195
1235 360 0.75 309 0.75 0 -0.00927823
1236 360 0.846153846153846 309 0.846153846153846 0 -0.00918544
1237 360 0.8275862068965517 309 0.8275862068965517 0 -0.00909359
1238 360 0.88 309 0.8461538461538461 -0.0338462 -0.00934112
1239 360 0.888888888888889 309 0.8 -0.0888889 -0.0101366
1240 360 0.8333333333333333 309 0.7200000000000001 -0.113333 -0.0111686
1241 360 0.88 309 0.8 -0.08 -0.0118569
1242 360 0.8333333333333333 309 0.8333333333333333 0 -0.0117383
1243 360 0.7826086956521738 309 0.6956521739130435 -0.0869565 -0.0124905
1244 360 0.7826086956521738 309 0.7826086956521738 0 -0.0123656
1245 360 0.8333333333333333 309 0.8 -0.0333333 -0.0125753
1246 360 0.8333333333333333 309 0.8333333333333333 0 -0.0124495
1247 360 0.846153846153846 309 0.8148148148148148 -0.031339 -0.0126384
1248 360 0.7200000000000001 309 0.7692307692307692 0.0492308 -0.0120197
1249 360 0.8461538461538461 309 0.8461538461538461 0 -0.0118995
1250 360 0.8 309 0.8461538461538461 0.0461538 -0.011319
1251 360 0.8 309 0.8333333333333333 0.0333333 -0.0108725
1252 360 0.8148148148148148 309 0.7407407407407408 -0.0740741 -0.0115045
1253 360 0.8387096774193549 309 0.7586206896551724 -0.080089 -0.0121903
1254 360 0.8148148148148148 309 0.7407407407407406 -0.0740741 -0.0128092
1255 360 0.88 310 0.8461538461538461 -0.0338462 -0.0130195
1256 360 0.888888888888889 310 0.8148148148148148 -0.0740741 -0.0136301
1257 360 0.8 310 0.7692307692307692 -0.0307692 -0.0138015
1258 360 0.846153846153846 310 0.8571428571428571 0.010989 -0.0135536
1259 360 0.8333333333333333 310 0.8 -0.0333333 -0.0137514
1260 360 0.8333333333333333 310 0.8461538461538461 0.0128205 -0.0134856
1261 360 0.8181818181818181 310 0.7500000000000001 -0.0681818 -0.0140326
1262 360 0.7500000000000001 310 0.8 0.05 -0.0133923
1263 360 0.8148148148148148 310 0.7407407407407406 -0.0740741 -0.0139991
1264 360 0.8333333333333333 310 0.8 -0.0333333 -0.0141924
1265 360 0.8695652173913044 310 0.8333333333333333 -0.0362319 -0.0144128
1266 360 0.8333333333333333 310 0.88 0.0466667 -0.013802
1267 360 0.8333333333333333 310 0.88 0.0466667 -0.0131973
1268 360 0.8695652173913044 310 0.9166666666666666 0.0471014 -0.0125944
1269 360 0.8333333333333333 310 0.88 0.0466667 -0.0120017
1270 360 0.8333333333333333 310 0.88 0.0466667 -0.0114151
1271 360 0.8333333333333333 310 0.9166666666666666 0.0833333 -0.0104676
1272 360 0.88 310 0.923076923076923 0.0430769 -0.00993214
1273 360 0.7272727272727272 310 0.7826086956521738 0.055336 -0.00927945
1274 360 0.8571428571428571 310 0.8181818181818182 -0.038961 -0.00957627
1275 360 0.761904761904762 310 0.8695652173913043 0.10766 -0.0084039
1276 360 0.8181818181818182 310 0.7272727272727272 -0.0909091 -0.00922895
1277 360 0.7368421052631579 310 0.7272727272727272 -0.00956938 -0.00923236
1278 360 0.7000000000000001 310 0.6956521739130435 -0.00434783 -0.00918351
1279 360 0.6666666666666666 310 0.6666666666666666 0 -0.00909168
1280 360 0.9 310 0.7272727272727273 -0.172727 -0.010728
1281 360 0.8333333333333333 310 0.7272727272727273 -0.106061 -0.0116814
1282 360 0.9090909090909091 310 0.7826086956521738 -0.126482 -0.0128294
1283 360 0.8571428571428572 310 0.761904761904762 -0.0952381 -0.0136535
1284 360 0.9 310 0.761904761904762 -0.138095 -0.0148979
1285 360 0.8571428571428571 310 0.8695652173913043 0.0124224 -0.0146247
1286 360 0.8571428571428571 310 0.8695652173913043 0.0124224 -0.0143542
1287 360 0.7999999999999999 310 0.8571428571428572 0.0571429 -0.0136392
1288 360 0.7999999999999999 311 0.7999999999999999 0 -0.0135028
1289 360 0.8571428571428571 311 0.8571428571428571 0 -0.0133678
1290 360 0.761904761904762 311 0.761904761904762 0 -0.0132341
1291 360 0.7777777777777778 311 0.8421052631578948 0.0643275 -0.0124585
1292 360 0.7000000000000001 311 0.8 0.1 -0.0113339
1293 360 0.761904761904762 311 0.8181818181818181 0.0562771 -0.0106578
1294 360 0.7777777777777777 311 0.7368421052631577 -0.0409357 -0.0109606
1295 360 0.7499999999999999 311 0.888888888888889 0.138889 -0.0094621
1296 360 0.7499999999999999 311 0.8235294117647058 0.0735294 -0.00863219
1297 360 0.7058823529411764 311 0.8421052631578948 0.136223 -0.00718364
1298 360 0.7499999999999999 311 0.8235294117647058 0.0735294 -0.00637651
1299 360 0.75 311 0.7777777777777778 0.0277778 -0.00603496
1300 360 0.75 311 0.823529411764706 0.0735294 -0.00523932
1301 360 0.8421052631578948 311 0.9 0.0578947 -0.00460798
1302 360 0.8 311 0.7826086956521738 -0.0173913 -0.00473581
1303 360 0.8 311 0.8695652173913043 0.0695652 -0.0039928
1304 360 0.8421052631578948 311 0.8571428571428572 0.0150376 -0.0038025
1305 360 0.8 311 0.8181818181818182 0.0181818 -0.00358266
1306 360 0.8181818181818181 311 0.8333333333333333 0.0151515 -0.00339531
1307 360 0.7826086956521738 311 0.7500000000000001 -0.0326087 -0.00368745
1308 360 0.5882352941176471 311 0.5555555555555556 -0.0326797 -0.00397737
1309 360 0.7 311 0.7 0 -0.0039376
1310 360 0.6666666666666666 311 0.5555555555555556 -0.111111 -0.00500933
1311 360 0.7058823529411764 311 0.631578947368421 -0.0743034 -0.00570227
1312 360 0.7368421052631579 311 0.5263157894736842 -0.210526 -0.00775051
1313 360 0.7058823529411764 311 0.7777777777777777 0.0718954 -0.00695405
1314 360 0.7058823529411765 311 0.7058823529411765 0 -0.00688451
1315 360 0.6666666666666665 311 0.7058823529411764 0.0392157 -0.00642351
1316 360 0.823529411764706 311 0.75 -0.0735294 -0.00709457
1317 360 0.823529411764706 311 0.823529411764706 0 -0.00702363
1318 360 0.761904761904762 311 0.8181818181818182 0.0562771 -0.00639062
1319 360 0.8 311 0.8 0 -0.00632671
1320 360 0.7368421052631579 311 0.8421052631578948 0.105263 -0.00521081
1321 360 0.75 311 0.875 0.125 -0.00390871
