1 360 0.8333333333333333 360 0.8333333333333333 0 0
2 360 0.88 360 0.88 0 0
3 360 1.0 360 1.0 0 0
4 360 0.8695652173913043 360 0.8695652173913043 0 0
5 360 0.9166666666666666 360 0.9166666666666666 0 0
6 360 0.8125000000000001 360 0.8125000000000001 0 0
7 360 0.8461538461538461 360 0.8461538461538461 0 0
8 360 0.7857142857142856 360 0.7857142857142856 0 0
9 360 0.9166666666666666 360 0.9166666666666666 0 0
10 360 0.9090909090909091 360 0.9090909090909091 0 0
11 360 0.7692307692307692 360 0.7692307692307692 0 0
12 360 0.9090909090909091 360 0.9090909090909091 0 0
13 360 0.9473684210526316 360 0.9473684210526316 0 0
14 360 1.0 360 1.0 0 0
15 360 0.8571428571428572 360 0.8571428571428572 0 0
16 360 0.8181818181818182 360 0.8181818181818182 0 0
17 360 0.8571428571428571 360 0.8571428571428571 0 0
18 360 0.9565217391304348 360 0.9565217391304348 0 0
19 360 1.0 360 1.0 0 0
20 360 1.0 360 1.0 0 0
21 360 0.9230769230769231 360 0.9230769230769231 0 0
22 360 0.9166666666666666 360 0.9166666666666666 0 0
23 360 0.8571428571428571 337 0.888888888888889 0.031746 0.00031746
24 360 0.8461538461538461 337 0.9230769230769231 0.0769231 0.00108352
25 360 0.8461538461538461 337 0.8799999999999999 0.0338462 0.00141114
26 360 0.9565217391304348 337 0.9565217391304348 0 0.00139703
27 360 0.888888888888889 337 0.9230769230769231 0.034188 0.00172494
28 360 1.0 337 1.0 0 0.00170769
29 360 0.8 337 0.8461538461538461 0.0461538 0.00215215
30 360 0.8571428571428571 337 0.8148148148148148 -0.042328 0.00170735
31 360 0.9600000000000001 337 0.962962962962963 0.00296296 0.00171991
32 360 0.88 337 0.88 0 0.00170271
33 360 0.8235294117647058 337 0.8571428571428571 0.0336134 0.00202182
34 360 0.8666666666666666 337 0.9032258064516129 0.0365591 0.00236719
35 360 0.7647058823529411 337 0.7878787878787877 0.0231729 0.00257525
36 360 0.9444444444444444 337 0.9142857142857143 -0.0301587 0.00224791
37 360 0.8108108108108107 337 0.8421052631578948 0.0312945 0.00253837
38 360 0.9047619047619048 337 0.8571428571428571 -0.047619 0.0020368
39 360 0.7999999999999999 337 0.8292682926829269 0.0292683 0.00230911
40 360 0.9142857142857143 337 0.8571428571428572 -0.0571429 0.00171459
41 360 0.8888888888888888 337 0.8333333333333333 -0.0555556 0.00114189
42 360 0.742857142857143 337 0.7647058823529412 0.0218487 0.00134896
43 360 0.8947368421052632 337 0.8717948717948718 -0.022942 0.00110605
44 360 0.8888888888888888 337 0.8888888888888888 0 0.00109499
45 360 0.9473684210526316 311 0.9473684210526316 0 0.00108404
46 360 0.8108108108108109 311 0.8421052631578947 0.0312945 0.00138614
47 360 0.8947368421052632 311 0.9189189189189189 0.0241821 0.0016141
48 360 0.9032258064516129 311 0.9375 0.0342742 0.0019407
49 360 0.875 311 0.7999999999999999 -0.075 0.0011713
50 360 0.9142857142857143 311 0.918918918918919 0.0046332 0.00120592
51 360 0.918918918918919 311 0.918918918918919 0 0.00119386
52 360 0.8947368421052632 311 0.8421052631578948 -0.0526316 0.000655603
53 360 0.8717948717948718 311 0.8333333333333333 -0.0384615 0.000264432
54 360 0.9743589743589743 311 0.9230769230769231 -0.0512821 -0.000251033
55 360 0.9375 311 0.8387096774193549 -0.0987903 -0.00123643
56 360 0.8421052631578947 311 0.8333333333333333 -0.00877193 -0.00131178
57 360 0.8421052631578947 311 0.8333333333333333 -0.00877193 -0.00138638
58 360 0.9142857142857143 311 0.8484848484848485 -0.0658009 -0.00203053
59 360 0.8387096774193549 311 0.8387096774193549 0 -0.00201022
60 360 0.8823529411764706 311 0.7878787878787877 -0.0944742 -0.00293486
61 360 0.8484848484848485 311 0.8235294117647058 -0.0249554 -0.00315507
62 360 0.8421052631578948 311 0.8108108108108109 -0.0312945 -0.00343646
63 360 0.8666666666666666 311 0.896551724137931 0.0298851 -0.00310325
64 360 0.8235294117647058 311 0.8484848484848484 0.0249554 -0.00282266
65 360 1.0 311 1.0 0 -0.00279443
66 360 0.9655172413793104 311 0.896551724137931 -0.0689655 -0.00345614
67 360 0.8333333333333333 305 0.8695652173913044 0.0362319 -0.00305926
68 360 0.8571428571428571 305 0.8571428571428571 0 -0.00302867
69 360 0.9523809523809523 305 0.9523809523809523 0 -0.00299838
70 360 0.8333333333333333 305 0.8333333333333333 0 -0.0029684
71 360 0.9090909090909091 305 1.0 0.0909091 -0.00202962
72 360 0.9565217391304348 305 0.9090909090909091 -0.0474308 -0.00248364
73 360 0.7777777777777777 305 0.7777777777777777 0 -0.0024588
74 360 0.8000000000000002 305 0.8000000000000002 0 -0.00243421
75 360 0.9333333333333333 305 0.9333333333333333 0 -0.00240987
76 360 1.0 305 1.0 0 -0.00238577
77 360 0.7999999999999999 305 0.7999999999999999 0 -0.00236191
78 360 0.7777777777777777 305 0.9473684210526316 0.169591 -0.000642388
79 360 0.7777777777777777 305 0.888888888888889 0.111111 0.000475147
80 360 0.8888888888888888 305 0.8888888888888888 0 0.000470395
81 360 0.7999999999999999 305 0.75 -0.05 -3.43088e-05
82 360 0.8571428571428571 305 0.7999999999999999 -0.0571429 -0.000605394
83 360 0.823529411764706 305 0.823529411764706 0 -0.00059934
84 360 0.9 305 0.9 0 -0.000593347
85 360 0.9411764705882353 305 0.8888888888888888 -0.0522876 -0.00111029
86 360 0.888888888888889 305 0.7777777777777777 -0.111111 -0.0022103
87 360 1.0 305 0.9333333333333333 -0.0666667 -0.00285486
88 360 0.8 305 0.7368421052631579 -0.0631579 -0.00345789
89 360 0.8181818181818182 305 0.8181818181818182 0 -0.00342331
90 360 0.7999999999999999 305 0.7999999999999999 0 -0.00338908
91 360 0.8 305 0.8 0 -0.00335519
92 360 0.8888888888888888 305 0.9473684210526316 0.0584795 -0.00273684
93 360 0.9 305 0.9 0 -0.00270947
94 360 0.9 305 0.9 0 -0.00268238
95 360 0.9090909090909091 305 0.9090909090909091 0 -0.00265555
96 360 0.8888888888888888 305 0.9 0.0111111 -0.00251789
97 360 0.9090909090909091 305 0.9090909090909091 0 -0.00249271
98 360 0.9166666666666666 305 0.9565217391304348 0.0398551 -0.00206923
99 360 0.9565217391304348 305 0.9565217391304348 0 -0.00204854
100 360 0.8571428571428571 288 0.8571428571428571 0 -0.00202805
101 360 0.8000000000000002 288 0.7586206896551724 -0.0413793 -0.00242157
102 360 0.8695652173913044 288 0.8181818181818181 -0.0513834 -0.00291118
103 360 0.9090909090909091 288 0.9523809523809523 0.04329 -0.00244917
104 360 1.0 288 0.9 -0.1 -0.00342468
105 360 0.9523809523809523 288 0.9565217391304348 0.00414079 -0.00334903
106 360 0.88 288 0.923076923076923 0.0430769 -0.00288477
107 360 0.9565217391304348 288 0.9166666666666666 -0.0398551 -0.00325447
108 360 0.9090909090909091 288 0.9565217391304348 0.0474308 -0.00274762
109 360 0.9090909090909091 288 0.9523809523809523 0.04329 -0.00228724
110 360 0.888888888888889 288 0.8461538461538461 -0.042735 -0.00269172
111 360 0.896551724137931 288 0.8148148148148148 -0.0817369 -0.00348217
112 360 0.962962962962963 288 0.962962962962963 0 -0.00344735
113 360 0.9230769230769231 288 0.8799999999999999 -0.0430769 -0.00384364
114 360 0.7826086956521738 288 0.9090909090909091 0.126482 -0.00254039
115 360 0.888888888888889 288 0.8148148148148148 -0.0740741 -0.00325572
116 360 0.8461538461538461 288 0.9285714285714286 0.0824176 -0.00239899
117 360 0.8148148148148148 288 0.8571428571428571 0.042328 -0.00195172
118 360 0.9230769230769231 288 0.8461538461538461 -0.0769231 -0.00270143
119 360 0.8571428571428571 288 0.8387096774193549 -0.0184332 -0.00285875
120 360 0.896551724137931 288 0.9655172413793104 0.0689655 -0.00214051
121 360 0.8000000000000002 288 0.8571428571428571 0.0571429 -0.00154767
122 360 0.888888888888889 288 0.7857142857142857 -0.103175 -0.00256394
123 360 0.896551724137931 288 0.8571428571428571 -0.0394089 -0.00293239
124 360 0.8275862068965518 288 0.8275862068965518 0 -0.00290307
125 360 0.7878787878787878 288 0.7333333333333334 -0.0545455 -0.00341949
126 360 0.8666666666666666 288 0.7999999999999999 -0.0666667 -0.00405196
127 360 0.846153846153846 288 0.8275862068965518 -0.0185676 -0.00419712
128 360 0.7199999999999999 288 0.6923076923076923 -0.0276923 -0.00443207
129 360 0.888888888888889 288 0.8148148148148148 -0.0740741 -0.00512849
130 360 0.8387096774193549 288 0.8749999999999999 0.0362903 -0.0047143
131 360 0.8666666666666666 288 0.7999999999999999 -0.0666667 -0.00533383
132 360 0.8571428571428571 288 0.8125 -0.0446429 -0.00572692
133 360 0.967741935483871 263 0.8666666666666667 -0.101075 -0.0066804
134 360 0.967741935483871 263 0.8387096774193549 -0.129032 -0.00790392
135 360 0.823529411764706 263 0.875 0.0514706 -0.00731018
136 360 0.9714285714285714 263 0.8484848484848485 -0.122944 -0.00846651
137 360 0.9444444444444444 263 0.8823529411764706 -0.0620915 -0.00900276
138 360 0.8500000000000001 263 0.8717948717948718 0.0217949 -0.00869478
139 360 0.896551724137931 263 0.9375 0.0409483 -0.00819835
140 360 0.8571428571428571 263 0.896551724137931 0.0394089 -0.00772228
141 360 0.9333333333333333 263 0.9032258064516129 -0.0301075 -0.00794613
142 360 0.9375 263 0.9090909090909091 -0.0284091 -0.00815076
143 360 0.8333333333333333 263 0.8333333333333333 0 -0.00806926
144 360 0.8275862068965517 263 0.8666666666666666 0.0390805 -0.00759776
145 360 0.9032258064516129 263 0.9032258064516129 0 -0.00752178
146 360 0.8333333333333334 263 0.8648648648648648 0.0315315 -0.00713125
147 360 0.888888888888889 263 0.9500000000000001 0.0611111 -0.00644882
148 360 0.8095238095238095 263 0.8095238095238095 0 -0.00638434
149 360 0.9565217391304348 263 0.9090909090909091 -0.0474308 -0.0067948
150 360 0.9268292682926829 263 0.9 -0.0268293 -0.00699515
151 360 0.8837209302325582 263 0.8571428571428571 -0.0265781 -0.00719097
152 360 0.888888888888889 263 0.9090909090909091 0.020202 -0.00691704
153 360 0.9047619047619048 263 0.9047619047619048 0 -0.00684787
154 360 0.8085106382978723 263 0.7659574468085107 -0.0425532 -0.00720493
155 360 0.8095238095238095 263 0.8837209302325582 0.0741971 -0.00639091
156 360 0.888888888888889 263 0.9130434782608695 0.0241546 -0.00608545
157 360 0.8936170212765957 263 0.8444444444444444 -0.0491726 -0.00651632
158 360 0.8333333333333333 263 0.8571428571428572 0.0238095 -0.00621307
159 360 0.9302325581395349 263 0.888888888888889 -0.0413437 -0.00656437
160 360 0.8260869565217391 263 0.8749999999999999 0.048913 -0.0060096
161 360 0.9019607843137256 263 0.9019607843137256 0 -0.0059495
162 360 0.8780487804878048 263 0.8571428571428571 -0.0209059 -0.00609907
163 360 0.8749999999999999 263 0.8749999999999999 0 -0.00603807
164 360 0.909090909090909 263 0.8837209302325583 -0.02537 -0.00623139
165 360 0.975609756097561 263 0.9047619047619048 -0.0708479 -0.00687756
166 360 0.8846153846153847 244 0.8679245283018867 -0.0166909 -0.00697569
167 360 0.8695652173913043 244 0.8260869565217391 -0.0434783 -0.00734072
168 360 0.9166666666666666 244 0.8979591836734694 -0.0187075 -0.00745438
169 360 0.8837209302325582 244 0.8372093023255814 -0.0465116 -0.00784496
170 360 0.8695652173913043 244 0.8695652173913043 0 -0.00776651
171 360 0.8085106382978724 244 0.75 -0.0585106 -0.00827395
172 360 0.8936170212765957 244 0.7346938775510203 -0.158923 -0.00978044
173 360 0.8085106382978724 244 0.72 -0.0885106 -0.0105677
174 360 0.875 244 0.8333333333333333 -0.0416667 -0.0108787
175 360 0.8749999999999999 244 0.8749999999999999 0 -0.0107699
176 360 0.8333333333333334 244 0.875 0.0416667 -0.0102456
177 360 0.8363636363636363 244 0.7924528301886793 -0.0439108 -0.0105822
178 360 0.816326530612245 244 0.76 -0.0563265 -0.0110397
179 360 0.8363636363636363 244 0.8727272727272728 0.0363636 -0.0105656
180 360 0.8474576271186439 244 0.8620689655172414 0.0146113 -0.0103139
181 360 0.847457627118644 244 0.7368421052631577 -0.110616 -0.0113169
182 360 0.8727272727272727 244 0.7999999999999999 -0.0727273 -0.011931
183 360 0.8771929824561403 244 0.8771929824561403 0 -0.0118117
184 360 0.8666666666666666 244 0.8524590163934426 -0.0142077 -0.0118356
185 360 0.8421052631578947 244 0.896551724137931 0.0544465 -0.0111728
186 360 0.9473684210526316 244 0.896551724137931 -0.0508167 -0.0115693
187 360 0.8771929824561403 244 0.8333333333333334 -0.0438596 -0.0118922
188 360 0.8771929824561403 244 0.8363636363636364 -0.0408293 -0.0121815
189 360 0.9090909090909091 244 0.8771929824561403 -0.0318979 -0.0123787
190 360 0.8813559322033898 244 0.8666666666666666 -0.0146893 -0.0124018
191 360 0.8709677419354839 244 0.7936507936507937 -0.0773169 -0.013051
192 360 0.8813559322033899 244 0.7719298245614036 -0.109426 -0.0140147
193 360 0.8813559322033898 244 0.847457627118644 -0.0338983 -0.0142135
194 360 0.8709677419354839 244 0.8666666666666665 -0.00430108 -0.0141144
195 360 0.8529411764705881 244 0.835820895522388 -0.0171203 -0.0141445
196 360 0.8484848484848484 244 0.8125000000000001 -0.0359848 -0.0143629
197 360 0.8732394366197184 244 0.8529411764705881 -0.0202983 -0.0144222
198 360 0.8358208955223881 244 0.8358208955223881 0 -0.014278
199 360 0.8493150684931505 243 0.8181818181818182 -0.0311333 -0.0144466
200 360 0.8000000000000002 243 0.8055555555555556 0.00555556 -0.0142465
201 360 0.835820895522388 243 0.7999999999999999 -0.0358209 -0.0144623
202 360 0.8181818181818181 243 0.7936507936507937 -0.024531 -0.014563
203 360 0.7384615384615385 243 0.7619047619047619 0.0234432 -0.0141829
204 360 0.8253968253968255 243 0.8253968253968255 0 -0.0140411
205 360 0.90625 243 0.8387096774193549 -0.0675403 -0.0145761
206 360 0.8253968253968254 243 0.8620689655172414 0.0366721 -0.0140636
207 360 0.9473684210526316 243 0.8 -0.147368 -0.0153966
208 360 0.9032258064516129 243 0.8571428571428571 -0.0460829 -0.0157035
209 360 0.923076923076923 243 0.8709677419354839 -0.0521092 -0.0160676
210 360 0.9393939393939394 243 0.9090909090909091 -0.030303 -0.0162099
211 360 0.923076923076923 243 0.8615384615384616 -0.0615385 -0.0166632
212 360 0.9375 243 0.8666666666666666 -0.0708333 -0.0172049
213 360 0.8571428571428572 243 0.75 -0.107143 -0.0181043
214 360 0.847457627118644 243 0.8333333333333334 -0.0141243 -0.0180645
215 360 0.8333333333333334 243 0.7931034482758621 -0.0402299 -0.0182861
216 360 0.7931034482758621 243 0.8 0.00689655 -0.0180343
217 360 0.8771929824561403 243 0.8363636363636364 -0.0408293 -0.0182623
218 360 0.8307692307692308 243 0.7500000000000001 -0.0807692 -0.0188873
219 360 0.8115942028985507 243 0.6875 -0.124094 -0.0199394
220 360 0.84375 243 0.7936507936507937 -0.0500992 -0.020241
221 360 0.7868852459016394 238 0.75 -0.0368852 -0.0204074
222 360 0.8070175438596492 238 0.8214285714285714 0.014411 -0.0200593
223 360 0.7407407407407408 238 0.7586206896551724 0.0178799 -0.0196799
224 360 0.7999999999999999 238 0.7936507936507936 -0.00634921 -0.0195466
225 360 0.8358208955223881 238 0.7999999999999999 -0.0358209 -0.0197093
226 360 0.8923076923076922 238 0.8059701492537314 -0.0863375 -0.0203756
227 360 0.8437500000000001 238 0.7741935483870968 -0.0695565 -0.0208674
228 360 0.847457627118644 238 0.8333333333333334 -0.0141243 -0.0208
229 360 0.8307692307692308 238 0.8571428571428571 0.0263736 -0.0203282
230 360 0.8571428571428571 238 0.84375 -0.0133929 -0.0202589
231 360 0.923076923076923 238 0.8709677419354839 -0.0521092 -0.0205774
232 360 0.9152542372881356 238 0.819672131147541 -0.0955821 -0.0213274
233 360 0.8571428571428572 238 0.8214285714285715 -0.0357143 -0.0214713
234 360 0.9310344827586207 238 0.8214285714285715 -0.109606 -0.0223526
235 360 0.847457627118644 238 0.75 -0.0974576 -0.0231037
236 360 0.8852459016393442 238 0.8709677419354839 -0.0142782 -0.0230154
237 360 0.8985507246376812 238 0.8307692307692308 -0.0677815 -0.0234631
238 360 0.875 238 0.8474576271186439 -0.0275424 -0.0235039
239 360 0.8524590163934426 238 0.8852459016393444 0.0327869 -0.022941
240 360 0.8615384615384616 238 0.8125 -0.0490385 -0.023202
241 360 0.8857142857142858 238 0.8307692307692308 -0.0549451 -0.0235194
242 360 0.8955223880597014 238 0.8571428571428572 -0.0383795 -0.023668
243 360 0.8529411764705882 238 0.7941176470588235 -0.0588235 -0.0240195
244 360 0.8285714285714286 238 0.8285714285714286 0 -0.0237793
245 360 0.888888888888889 238 0.7941176470588235 -0.0947712 -0.0244893
246 360 0.8831168831168831 238 0.7631578947368423 -0.119959 -0.025444
247 360 0.8405797101449276 238 0.823529411764706 -0.0170503 -0.02536
248 360 0.8 238 0.8461538461538461 0.0461538 -0.0246449
249 360 0.8285714285714285 238 0.8611111111111112 0.0325397 -0.024073
250 360 0.8493150684931505 238 0.8732394366197183 0.0239244 -0.0235931
251 360 0.8266666666666665 238 0.8108108108108109 -0.0158559 -0.0235157
252 360 0.8 238 0.8333333333333333 0.0333333 -0.0229472
253 360 0.8051948051948051 238 0.8461538461538461 0.040959 -0.0223081
254 360 0.8354430379746834 232 0.7894736842105262 -0.0459694 -0.0225448
255 360 0.8051948051948051 232 0.8219178082191781 0.016723 -0.0221521
256 360 0.8378378378378377 232 0.8285714285714286 -0.00926641 -0.0220232
257 360 0.8641975308641974 232 0.8536585365853658 -0.010539 -0.0219084
258 360 0.8101265822784809 232 0.7948717948717948 -0.0152548 -0.0218418
259 360 0.7948717948717949 232 0.8571428571428571 0.0622711 -0.0210007
260 360 0.8157894736842104 232 0.7894736842105263 -0.0263158 -0.0210539
261 360 0.8536585365853658 232 0.8536585365853658 0 -0.0208433
262 360 0.8433734939759037 232 0.8433734939759037 0 -0.0206349
263 360 0.8292682926829267 232 0.8395061728395061 0.0102379 -0.0203262
264 360 0.7674418604651163 232 0.7710843373493975 0.00364248 -0.0200865
265 360 0.8395061728395062 232 0.8 -0.0395062 -0.0202807
266 360 0.8461538461538461 232 0.8533333333333334 0.00717949 -0.0200061
267 360 0.8395061728395061 232 0.7894736842105262 -0.0500325 -0.0203063
268 360 0.8571428571428572 232 0.8266666666666667 -0.0304762 -0.020408
269 360 0.846153846153846 232 0.7804878048780488 -0.065666 -0.0208606
270 360 0.7804878048780488 232 0.7619047619047619 -0.018583 -0.0208378
271 360 0.868421052631579 232 0.8311688311688312 -0.0372522 -0.021002
272 360 0.8372093023255814 232 0.8 -0.0372093 -0.0211641
273 360 0.8536585365853658 232 0.8780487804878048 0.0243902 -0.0207085
274 360 0.8048780487804879 232 0.7901234567901234 -0.0147546 -0.020649
275 360 0.8095238095238095 232 0.8048780487804879 -0.00464576 -0.0204889
276 360 0.8888888888888888 232 0.8157894736842105 -0.0730994 -0.021015
277 360 0.9176470588235294 232 0.8250000000000001 -0.0926471 -0.0217314
278 360 0.8533333333333333 232 0.8 -0.0533333 -0.0220474
279 360 0.8607594936708861 232 0.7692307692307693 -0.0915287 -0.0227422
280 360 0.8354430379746837 232 0.8051948051948051 -0.0302482 -0.0228173
281 360 0.8421052631578948 232 0.7733333333333334 -0.0687719 -0.0232768
282 360 0.8533333333333333 232 0.8648648648648648 0.0115315 -0.0229287
283 360 0.8354430379746837 232 0.875 0.039557 -0.0223039
284 360 0.868421052631579 232 0.7848101265822786 -0.0836109 -0.0229169
285 360 0.7894736842105262 232 0.7894736842105262 0 -0.0226878
286 360 0.7951807228915663 232 0.8354430379746834 0.0402623 -0.0220583
287 360 0.8048780487804879 251 0.775 -0.029878 -0.0221365
288 360 0.8470588235294118 251 0.8192771084337348 -0.0277817 -0.0221929
289 360 0.823529411764706 251 0.7804878048780488 -0.0430416 -0.0224014
290 360 0.7764705882352942 251 0.8095238095238095 0.0330532 -0.0218469
291 360 0.8148148148148148 251 0.8395061728395061 0.0246914 -0.0213815
292 360 0.8333333333333333 251 0.8219178082191781 -0.0114155 -0.0212818
293 360 0.7945205479452054 251 0.7887323943661971 -0.00578815 -0.0211269
294 360 0.767123287671233 251 0.7714285714285716 0.00430528 -0.0208726
295 360 0.8285714285714286 251 0.8181818181818182 -0.0103896 -0.0207677
296 360 0.8421052631578947 251 0.7894736842105262 -0.0526316 -0.0210864
297 360 0.7945205479452054 251 0.8311688311688312 0.0366483 -0.020509
298 360 0.8571428571428571 251 0.8157894736842105 -0.0413534 -0.0207175
299 360 0.810126582278481 251 0.8205128205128205 0.0103862 -0.0204064
300 360 0.8780487804878048 251 0.8205128205128205 -0.057536 -0.0207777
301 360 0.8461538461538461 251 0.860759493670886 0.0146056 -0.0204239
302 360 0.8333333333333334 251 0.8405797101449276 0.00724638 -0.0201472
303 360 0.8405797101449276 251 0.7941176470588236 -0.0464621 -0.0204103
304 360 0.8378378378378378 251 0.8611111111111112 0.0232733 -0.0199735
305 360 0.8611111111111112 251 0.8493150684931507 -0.011796 -0.0198917
306 360 0.8852459016393444 251 0.8656716417910447 -0.0195743 -0.0198885
307 360 0.8823529411764706 251 0.8571428571428571 -0.0252101 -0.0199418
308 360 0.8571428571428571 251 0.8219178082191781 -0.035225 -0.0200946
309 360 0.7931034482758621 251 0.7999999999999999 0.00689655 -0.0198247
310 360 0.8333333333333334 251 0.8125 -0.0208333 -0.0198348
311 360 0.8666666666666667 251 0.84375 -0.0229167 -0.0198656
312 360 0.7999999999999999 251 0.7936507936507936 -0.00634921 -0.0197304
313 360 0.7826086956521738 251 0.8571428571428571 0.0745342 -0.0187878
314 360 0.8064516129032258 251 0.8253968253968254 0.0189452 -0.0184105
315 360 0.7619047619047619 251 0.8333333333333334 0.0714286 -0.0175121
316 360 0.7500000000000001 251 0.8387096774193549 0.0887097 -0.0164498
317 360 0.8125000000000001 251 0.8307692307692308 0.0182692 -0.0161027
318 360 0.7931034482758621 251 0.8064516129032259 0.0133482 -0.0158081
319 360 0.8135593220338982 251 0.875 0.0614407 -0.0150357
320 360 0.8518518518518519 247 0.7931034482758621 -0.0587484 -0.0154728
321 360 0.7843137254901961 247 0.8727272727272727 0.0884135 -0.0144339
322 360 0.75 247 0.819672131147541 0.0696721 -0.0135929
323 360 0.8627450980392156 247 0.8518518518518519 -0.0108932 -0.0135659
324 360 0.7843137254901961 247 0.8076923076923077 0.0233786 -0.0131964
325 360 0.8800000000000001 247 0.830188679245283 -0.0498113 -0.0135626
326 360 0.8571428571428572 247 0.76 -0.0971429 -0.0143984
327 360 0.8260869565217391 247 0.75 -0.076087 -0.0150153
328 360 0.8461538461538461 247 0.8076923076923077 -0.0384615 -0.0152497
329 360 0.92 247 0.8461538461538461 -0.0738462 -0.0158357
330 360 0.8461538461538461 247 0.8799999999999999 0.0338462 -0.0153389
331 360 0.8 247 0.8 0 -0.0151855
332 360 0.761904761904762 247 0.8 0.0380952 -0.0146527
333 360 0.8 247 0.761904761904762 -0.0380952 -0.0148871
334 360 0.8421052631578948 247 0.8421052631578948 0 -0.0147382
335 360 0.7368421052631579 247 0.7368421052631579 0 -0.0145908
336 360 0.8 247 0.8 0 -0.0144449
337 360 0.7368421052631579 247 0.7000000000000001 -0.0368421 -0.0146689
338 360 0.761904761904762 247 0.7000000000000001 -0.0619048 -0.0151413
339 360 0.8421052631578948 247 0.8000000000000002 -0.0421053 -0.0154109
340 360 0.7368421052631577 247 0.7368421052631577 0 -0.0152568
341 360 0.7999999999999999 247 0.8421052631578948 0.0421053 -0.0146832
342 360 0.888888888888889 247 0.8421052631578948 -0.0467836 -0.0150042
343 360 0.8421052631578948 247 0.7999999999999999 -0.0421053 -0.0152752
344 360 0.7777777777777778 247 0.7368421052631579 -0.0409357 -0.0155318
345 360 0.823529411764706 247 0.7777777777777778 -0.0457516 -0.015834
346 360 0.8421052631578948 247 0.7999999999999999 -0.0421053 -0.0160967
347 360 0.7777777777777778 247 0.7368421052631579 -0.0409357 -0.0163451
348 360 0.761904761904762 247 0.7368421052631579 -0.0250627 -0.0164323
349 360 0.7368421052631579 247 0.7777777777777778 0.0409357 -0.0158586
350 360 0.7999999999999999 247 0.7777777777777778 -0.0222222 -0.0159222
351 360 0.7368421052631579 247 0.7777777777777778 0.0409357 -0.0153536
352 360 0.8235294117647058 247 0.7777777777777777 -0.0457516 -0.0156576
353 360 0.7368421052631579 247 0.7777777777777778 0.0409357 -0.0150917
354 360 0.7368421052631579 247 0.7777777777777778 0.0409357 -0.0145314
355 360 0.7777777777777777 247 0.8235294117647058 0.0457516 -0.0139286
356 360 0.7777777777777777 247 0.8235294117647058 0.0457516 -0.0133318
357 360 0.7777777777777777 247 0.8235294117647058 0.0457516 -0.012741
358 360 0.7777777777777777 247 0.7777777777777777 0 -0.0126135
359 360 0.7777777777777777 247 0.8235294117647058 0.0457516 -0.0120299
360 360 0.7368421052631579 247 0.7777777777777778 0.0409357 -0.0115002
361 360 0.7000000000000001 247 0.7368421052631579 0.0368421 -0.0110168
362 360 0.761904761904762 247 0.7272727272727272 -0.034632 -0.011253
363 360 0.761904761904762 247 0.7272727272727272 -0.034632 -0.0114868
364 360 0.761904761904762 262 0.8 0.0380952 -0.0109909
365 360 0.7272727272727272 262 0.8 0.0727273 -0.0101538
366 360 0.7500000000000001 262 0.7826086956521738 0.0326087 -0.00972613
367 360 0.761904761904762 262 0.8181818181818181 0.0562771 -0.0090661
368 360 0.7272727272727274 262 0.8181818181818181 0.0909091 -0.00806635
369 360 0.7999999999999999 262 0.9 0.1 -0.00698568
370 360 0.8 262 0.8571428571428571 0.0571429 -0.0063444
371 360 0.8 262 0.8571428571428571 0.0571429 -0.00570953
372 360 0.8 262 0.8571428571428571 0.0571429 -0.005081
373 360 0.8 262 0.8571428571428571 0.0571429 -0.00445876
374 360 0.8 262 0.8 0 -0.00441418
375 360 0.8 262 0.8571428571428571 0.0571429 -0.00379861
376 360 0.761904761904762 262 0.8181818181818181 0.0562771 -0.00319785
377 360 0.761904761904762 262 0.8571428571428571 0.0952381 -0.00221349
378 360 0.6666666666666667 262 0.7826086956521738 0.115942 -0.00103193
379 360 0.8571428571428571 262 0.8571428571428571 0 -0.00102161
380 360 0.8333333333333333 262 0.8695652173913044 0.0362319 -0.00064908
381 360 0.7000000000000001 262 0.8571428571428571 0.157143 0.000928839
382 360 0.7272727272727274 262 0.9166666666666666 0.189394 0.00281349
383 360 0.761904761904762 262 0.7826086956521738 0.0207039 0.00299239
384 360 0.7826086956521738 262 0.8181818181818181 0.0355731 0.0033182
385 360 0.8333333333333333 262 0.8333333333333333 0 0.00328502
386 360 0.7826086956521738 262 0.8181818181818181 0.0355731 0.0036079
387 360 0.8181818181818182 262 0.9090909090909091 0.0909091 0.00448091
388 360 0.8181818181818182 262 0.8181818181818182 0 0.0044361
389 360 0.9 262 0.9 0 0.00439174
390 360 0.761904761904762 262 0.8181818181818181 0.0562771 0.0049106
391 360 0.7000000000000001 262 0.8571428571428571 0.157143 0.00643292
392 360 0.8181818181818181 262 0.8695652173913044 0.0513834 0.00688242
393 360 0.8695652173913044 262 0.8695652173913044 0 0.0068136
394 360 0.8571428571428571 262 0.8571428571428571 0 0.00674546
395 360 0.8571428571428572 262 0.9 0.0428571 0.00710658
396 360 0.9 262 0.9 0 0.00703551
397 360 0.8421052631578948 286 0.8571428571428572 0.0150376 0.00711554
398 360 0.8 286 0.8181818181818182 0.0181818 0.0072262
399 360 0.8421052631578948 286 0.7999999999999999 -0.0421053 0.00673288
400 360 0.8 286 0.761904761904762 -0.0380952 0.0062846
401 360 0.8571428571428571 286 0.8181818181818182 -0.038961 0.00583215
402 360 0.8 286 0.761904761904762 -0.0380952 0.00539287
403 360 0.761904761904762 286 0.7272727272727272 -0.034632 0.00499262
404 360 0.8181818181818182 286 0.8695652173913043 0.0513834 0.00545653
405 360 0.8181818181818182 286 0.8695652173913043 0.0513834 0.0059158
406 360 0.8421052631578948 286 0.8571428571428572 0.0150376 0.00600702
407 360 0.761904761904762 286 0.8181818181818182 0.0562771 0.00650972
408 360 0.8571428571428571 286 0.8571428571428571 0 0.00644462
409 360 0.761904761904762 286 0.8181818181818182 0.0562771 0.00694294
410 360 0.8235294117647058 286 0.9473684210526316 0.123839 0.00811191
411 360 0.7777777777777778 286 0.9 0.122222 0.00925301
412 360 0.8235294117647058 286 0.9 0.0764706 0.00992518
413 360 0.8235294117647058 286 0.8421052631578948 0.0185759 0.0100117
414 360 0.7777777777777778 286 0.8695652173913043 0.0917874 0.0108294
415 360 0.7000000000000001 286 0.7272727272727274 0.0272727 0.0109939
416 360 0.8421052631578948 286 0.9523809523809523 0.110276 0.0119867
417 360 0.8421052631578948 286 0.9090909090909091 0.0669856 0.0125367
418 360 0.7999999999999999 286 0.8571428571428572 0.0571429 0.0129828
419 360 0.8421052631578948 325 0.8181818181818182 -0.0239234 0.0126137
420 360 0.8421052631578948 325 0.8181818181818182 -0.0239234 0.0122483
421 360 0.8421052631578948 325 0.8181818181818182 -0.0239234 0.0118866
422 360 0.9 325 0.8181818181818182 -0.0818182 0.0109496
423 360 0.8421052631578948 325 0.8571428571428572 0.0150376 0.0109904
424 360 0.8421052631578948 325 0.8571428571428572 0.0150376 0.0110309
425 360 0.8571428571428571 325 0.9166666666666666 0.0595238 0.0115158
426 360 0.7999999999999999 325 0.9090909090909091 0.109091 0.0124916
427 360 0.7999999999999999 325 0.9090909090909091 0.109091 0.0134576
428 360 0.7999999999999999 325 0.8695652173913043 0.0695652 0.0140187
429 360 0.8421052631578948 325 0.9 0.0578947 0.0144574
430 360 0.8571428571428571 325 0.9090909090909091 0.0519481 0.0148323
431 360 0.8571428571428571 325 0.9090909090909091 0.0519481 0.0152035
432 360 0.7999999999999999 325 0.8571428571428572 0.0571429 0.0156229
433 360 0.8181818181818182 325 0.8695652173913043 0.0513834 0.0159805
434 360 0.8181818181818181 325 0.8799999999999999 0.0618182 0.0164389
435 360 0.7826086956521738 325 0.7826086956521738 0 0.0162745
436 360 0.8571428571428571 325 0.8333333333333334 -0.0238095 0.0158736
437 360 0.8571428571428571 325 0.9090909090909091 0.0519481 0.0162344
438 360 0.761904761904762 325 0.8695652173913043 0.10766 0.0171486
439 360 0.8181818181818182 325 0.8695652173913043 0.0513834 0.017491
440 360 0.8181818181818182 325 0.8333333333333334 0.0151515 0.0174676
441 360 0.8181818181818182 395 0.8571428571428571 0.038961 0.0176825
442 360 0.8571428571428571 395 0.9090909090909091 0.0519481 0.0180252
443 360 0.8571428571428571 395 0.9090909090909091 0.0519481 0.0183644
444 360 0.8333333333333333 395 0.8461538461538461 0.0128205 0.018309
445 360 0.8181818181818181 395 0.9166666666666666 0.0984848 0.0191107
446 360 0.8333333333333333 395 0.8695652173913044 0.0362319 0.0192819
447 360 0.923076923076923 395 0.923076923076923 0 0.0190891
448 360 0.923076923076923 395 0.923076923076923 0 0.0188982
449 360 0.8799999999999999 395 0.8799999999999999 0 0.0187092
450 360 0.846153846153846 395 0.846153846153846 0 0.0185221
451 360 0.8695652173913044 395 0.9600000000000001 0.0904348 0.0192413
452 360 0.8695652173913043 395 0.9166666666666666 0.0471014 0.0195199
453 360 0.9166666666666666 395 0.9600000000000001 0.0433333 0.019758
454 360 0.8333333333333333 395 0.923076923076923 0.0897436 0.0204579
455 360 0.8461538461538461 395 0.9230769230769231 0.0769231 0.0210225
456 360 0.88 395 0.9285714285714286 0.0485714 0.021298
457 360 0.923076923076923 395 0.962962962962963 0.039886 0.0214839
458 360 0.923076923076923 395 0.923076923076923 0 0.021269
459 360 0.8333333333333333 395 0.923076923076923 0.0897436 0.0219538
460 360 0.846153846153846 395 0.888888888888889 0.042735 0.0221616
461 360 0.923076923076923 395 0.962962962962963 0.039886 0.0223389
462 360 0.846153846153846 395 0.9285714285714286 0.0824176 0.0229396
463 360 0.846153846153846 395 0.888888888888889 0.042735 0.0231376
464 360 0.8148148148148148 395 0.888888888888889 0.0740741 0.023647
465 360 0.7857142857142856 395 0.7692307692307692 -0.0164835 0.0232457
466 360 0.8695652173913044 395 0.8695652173913044 0 0.0230132
467 360 0.8695652173913044 395 0.8695652173913044 0 0.0227831
468 360 0.782608695652174 395 0.782608695652174 0 0.0225552
469 360 0.8181818181818181 395 0.8181818181818181 0 0.0223297
470 360 0.8181818181818181 395 0.761904761904762 -0.0562771 0.0215436
471 360 0.8181818181818181 395 0.8695652173913044 0.0513834 0.021842
472 360 0.8571428571428571 395 0.8571428571428571 0 0.0216236
473 360 0.8571428571428571 395 0.8571428571428571 0 0.0214074
474 360 0.782608695652174 402 0.88 0.0973913 0.0221672
475 360 0.8181818181818181 402 0.9166666666666666 0.0984848 0.0229304
476 360 0.8571428571428571 402 0.9090909090909091 0.0519481 0.0232205
477 360 0.8695652173913044 402 0.9166666666666666 0.0471014 0.0234594
478 360 0.8181818181818181 402 0.8695652173913044 0.0513834 0.0237386
479 360 0.761904761904762 402 0.8181818181818181 0.0562771 0.024064
480 360 0.6666666666666666 402 0.7200000000000001 0.0533333 0.0243567
481 360 0.8181818181818181 402 0.8695652173913044 0.0513834 0.0246269
482 360 0.8421052631578948 402 0.9 0.0578947 0.0249596
483 360 0.8421052631578948 402 0.9 0.0578947 0.025289
484 360 0.8571428571428571 402 0.9090909090909091 0.0519481 0.0255556
485 360 0.9 402 0.9523809523809523 0.052381 0.0258238
486 360 0.8181818181818182 402 0.8695652173913043 0.0513834 0.0260794
487 360 0.8181818181818181 402 0.8181818181818181 0 0.0258186
488 360 0.8571428571428571 402 0.8571428571428571 0 0.0255604
489 360 0.8571428571428571 402 0.9565217391304348 0.0993789 0.0262986
490 360 0.8695652173913044 402 0.9166666666666666 0.0471014 0.0265066
491 360 0.8181818181818181 402 0.9166666666666666 0.0984848 0.0272264
492 360 0.7826086956521738 402 0.8333333333333334 0.0507246 0.0274614
493 360 0.8695652173913044 402 0.9166666666666666 0.0471014 0.0276578
494 360 0.8695652173913044 402 0.8799999999999999 0.0104348 0.0274856
495 360 0.8333333333333333 402 0.8799999999999999 0.0466667 0.0276774
496 360 0.8695652173913044 405 0.9166666666666666 0.0471014 0.0278716
497 360 0.8695652173913044 405 0.9166666666666666 0.0471014 0.0280639
498 360 0.8333333333333333 405 0.8799999999999999 0.0466667 0.02825
499 360 0.7826086956521738 405 0.8695652173913044 0.0869565 0.028837
500 360 0.8333333333333333 405 0.9166666666666666 0.0833333 0.029382
501 360 0.7826086956521738 405 0.8695652173913044 0.0869565 0.0299577
502 360 0.8 405 0.9090909090909091 0.109091 0.0307491
503 360 0.8571428571428571 405 0.9090909090909091 0.0519481 0.0309611
504 360 0.8571428571428571 405 0.9090909090909091 0.0519481 0.0311709
505 360 0.8 405 0.8571428571428571 0.0571429 0.0314306
506 360 0.8 405 0.8571428571428571 0.0571429 0.0316878
507 360 0.8571428571428571 405 0.9090909090909091 0.0519481 0.0318904
508 360 0.8571428571428571 405 0.9090909090909091 0.0519481 0.0320909
509 360 0.8571428571428571 405 0.8695652173913043 0.0124224 0.0318943
510 360 0.9090909090909091 405 0.8695652173913043 -0.0395257 0.0311801
511 360 0.8181818181818182 405 0.8695652173913043 0.0513834 0.0313821
512 360 0.761904761904762 405 0.8181818181818182 0.0562771 0.031631
513 360 0.8571428571428571 405 0.9090909090909091 0.0519481 0.0318342
514 360 0.8571428571428571 405 0.9090909090909091 0.0519481 0.0320354
515 360 0.761904761904762 405 0.8181818181818182 0.0562771 0.0322778
516 360 0.8571428571428571 405 0.9090909090909091 0.0519481 0.0324745
517 360 0.8571428571428571 405 0.9090909090909091 0.0519481 0.0326692
518 360 0.8571428571428571 399 0.9090909090909091 0.0519481 0.032862
519 360 0.8571428571428571 399 0.8571428571428571 0 0.0325334
520 360 0.8571428571428571 399 0.8571428571428571 0 0.032208
521 360 0.8571428571428571 399 0.9090909090909091 0.0519481 0.0324054
522 360 0.8571428571428571 399 0.9166666666666666 0.0595238 0.0326766
523 360 0.8571428571428571 399 0.9090909090909091 0.0519481 0.0328693
524 360 0.8571428571428571 399 0.8571428571428571 0 0.0325406
525 360 0.8571428571428571 399 0.8571428571428571 0 0.0322152
526 360 0.8181818181818182 399 0.8571428571428571 0.038961 0.0322827
527 360 0.8571428571428571 399 0.8571428571428571 0 0.0319599
528 360 0.8333333333333333 399 0.8333333333333333 0 0.0316403
529 360 0.8181818181818181 399 0.8799999999999999 0.0618182 0.0319421
530 360 0.8181818181818181 399 0.8799999999999999 0.0618182 0.0322408
531 360 0.8181818181818182 399 0.9090909090909091 0.0909091 0.0328275
532 360 0.8571428571428571 399 0.8695652173913043 0.0124224 0.0326234
533 360 0.8571428571428571 399 0.9090909090909091 0.0519481 0.0328167
534 360 0.8571428571428571 399 0.9090909090909091 0.0519481 0.033008
535 360 0.8571428571428571 399 0.9090909090909091 0.0519481 0.0331974
536 360 0.8571428571428571 399 0.9565217391304348 0.0993789 0.0338592
537 360 0.8571428571428571 399 0.9565217391304348 0.0993789 0.0345144
538 360 0.8333333333333333 399 0.88 0.0466667 0.0346359
539 360 0.8695652173913044 399 0.9600000000000001 0.0904348 0.0351939
540 360 0.8695652173913044 360 0.8695652173913044 0 0.034842
541 360 0.9090909090909091 360 0.9090909090909091 0 0.0344936
542 360 0.8181818181818181 360 0.8181818181818181 0 0.0341486
543 360 0.8695652173913044 360 0.8695652173913044 0 0.0338071
544 360 0.8333333333333333 360 0.8333333333333333 0 0.0334691
545 360 0.8333333333333333 360 0.8333333333333333 0 0.0331344
546 360 0.8181818181818181 360 0.8181818181818181 0 0.032803
547 360 0.8181818181818181 360 0.8181818181818181 0 0.032475
548 360 0.8 360 0.8 0 0.0321503
549 360 0.761904761904762 360 0.761904761904762 0 0.0318288
550 360 0.8 360 0.8 0 0.0315105
551 360 0.8181818181818181 360 0.8181818181818181 0 0.0311954
552 360 0.8181818181818181 360 0.8181818181818181 0 0.0308834
553 360 0.7826086956521738 360 0.7826086956521738 0 0.0305746
554 360 0.8181818181818181 360 0.8181818181818181 0 0.0302688
555 360 0.761904761904762 360 0.761904761904762 0 0.0299661
556 360 0.761904761904762 360 0.761904761904762 0 0.0296665
557 360 0.8181818181818181 360 0.8181818181818181 0 0.0293698
558 360 0.8181818181818181 360 0.8181818181818181 0 0.0290761
559 360 0.9090909090909091 360 0.9090909090909091 0 0.0287854
560 360 0.8181818181818181 360 0.8181818181818181 0 0.0284975
561 360 0.8571428571428571 360 0.8571428571428571 0 0.0282125
562 360 0.8571428571428571 360 0.8571428571428571 0 0.0279304
563 360 0.8181818181818182 360 0.8181818181818182 0 0.0276511
564 360 0.8181818181818182 360 0.8181818181818182 0 0.0273746
565 360 0.8181818181818181 360 0.8181818181818181 0 0.0271008
566 360 0.8181818181818181 360 0.8181818181818181 0 0.0268298
567 360 0.8181818181818181 360 0.8181818181818181 0 0.0265615
568 360 0.8571428571428571 360 0.8571428571428571 0 0.0262959
569 360 0.8571428571428571 360 0.8571428571428571 0 0.026033
570 360 0.7826086956521738 360 0.7826086956521738 0 0.0257726
571 360 0.8571428571428571 360 0.8571428571428571 0 0.0255149
572 360 0.7826086956521738 360 0.7826086956521738 0 0.0252598
573 360 0.8181818181818182 365 0.8181818181818182 0 0.0250072
574 360 0.8181818181818182 365 0.8181818181818182 0 0.0247571
575 360 0.8333333333333333 365 0.8799999999999999 0.0466667 0.0249762
576 360 0.7826086956521738 365 0.8181818181818182 0.0355731 0.0250822
577 360 0.7272727272727272 365 0.7826086956521738 0.055336 0.0253847
578 360 0.8181818181818182 365 0.8181818181818182 0 0.0251308
579 360 0.7826086956521738 365 0.8333333333333334 0.0507246 0.0253868
580 360 0.7826086956521738 365 0.8333333333333334 0.0507246 0.0256402
581 360 0.7826086956521738 365 0.7826086956521738 0 0.0253838
582 360 0.8695652173913044 365 0.8695652173913044 0 0.0251299
583 360 0.8695652173913044 365 0.8695652173913044 0 0.0248786
584 360 0.9166666666666666 365 0.9166666666666666 0 0.0246298
585 360 0.88 365 0.923076923076923 0.0430769 0.0248143
586 360 0.8333333333333333 365 0.88 0.0466667 0.0250328
587 360 0.8695652173913044 365 0.9166666666666666 0.0471014 0.0252535
588 360 0.8695652173913044 365 0.9166666666666666 0.0471014 0.025472
589 360 0.8695652173913044 365 0.9166666666666666 0.0471014 0.0256883
590 360 0.8181818181818182 365 0.9166666666666666 0.0984848 0.0264163
591 360 0.8181818181818182 365 0.8695652173913043 0.0513834 0.0266659
592 360 0.8181818181818182 365 0.9166666666666666 0.0984848 0.0273841
593 360 0.8695652173913044 365 0.9600000000000001 0.0904348 0.0280146
594 360 0.8181818181818182 365 0.9166666666666666 0.0984848 0.0287193
595 360 0.8181818181818182 365 0.8181818181818182 0 0.0284321
596 360 0.8181818181818182 365 0.8181818181818182 0 0.0281478
597 360 0.8695652173913044 365 0.9166666666666666 0.0471014 0.0283373
598 360 0.8695652173913044 365 0.9600000000000001 0.0904348 0.0289583
599 360 0.8181818181818182 365 0.8695652173913043 0.0513834 0.0291826
600 360 0.8181818181818182 365 0.8181818181818182 0 0.0288907
601 360 0.8181818181818182 365 0.9166666666666666 0.0984848 0.0295867
602 360 0.8181818181818182 365 0.8695652173913043 0.0513834 0.0298047
603 360 0.8181818181818182 365 0.8695652173913043 0.0513834 0.0300204
604 360 0.8181818181818182 365 0.8181818181818182 0 0.0297202
605 360 0.8181818181818182 365 0.8571428571428571 0.038961 0.0298126
606 360 0.8181818181818182 369 0.9090909090909091 0.0909091 0.0304236
607 360 0.8181818181818182 369 0.9090909090909091 0.0909091 0.0310285
608 360 0.7826086956521738 369 0.8695652173913044 0.0869565 0.0315877
609 360 0.8181818181818182 369 0.9090909090909091 0.0909091 0.032181
610 360 0.8181818181818182 369 0.9090909090909091 0.0909091 0.0327682
611 360 0.8181818181818182 369 0.9090909090909091 0.0909091 0.0333496
612 360 0.8181818181818182 369 0.8695652173913043 0.0513834 0.03353
613 360 0.8333333333333333 369 0.9166666666666666 0.0833333 0.034028
614 360 0.8 369 0.8 0 0.0336877
615 360 0.8 369 0.7692307692307692 -0.0307692 0.0330432
616 360 0.8 369 0.7692307692307692 -0.0307692 0.032405
617 360 0.8 369 0.8461538461538461 0.0461538 0.0325425
618 360 0.75 369 0.8333333333333333 0.0833333 0.0330504
619 360 0.7826086956521738 369 0.8333333333333333 0.0507246 0.0332272
620 360 0.6956521739130435 369 0.75 0.0543478 0.0334384
621 360 0.6666666666666667 369 0.7200000000000001 0.0533333 0.0336373
622 360 0.761904761904762 369 0.7826086956521738 0.0207039 0.033508
623 360 0.88 369 0.923076923076923 0.0430769 0.0336037
624 360 0.846153846153846 369 0.888888888888889 0.042735 0.033695
625 360 0.8571428571428571 369 0.9090909090909091 0.0519481 0.0338775
626 360 0.782608695652174 369 0.8333333333333333 0.0507246 0.034046
627 360 0.8181818181818181 369 0.8695652173913044 0.0513834 0.0342194
628 360 0.8695652173913044 369 0.9166666666666666 0.0471014 0.0343482
629 360 0.761904761904762 369 0.8181818181818182 0.0562771 0.0345675
630 360 0.7826086956521738 369 0.8333333333333333 0.0507246 0.0347291
631 360 0.8695652173913044 369 0.8799999999999999 0.0104348 0.0344861
632 360 0.8695652173913044 369 0.8799999999999999 0.0104348 0.0342456
633 360 0.8333333333333333 369 0.88 0.0466667 0.0343698
634 360 0.8695652173913044 369 0.9166666666666666 0.0471014 0.0344971
635 360 0.8333333333333333 369 0.88 0.0466667 0.0346188
636 360 0.8461538461538461 369 0.888888888888889 0.042735 0.0347
637 360 0.8 369 0.8461538461538461 0.0461538 0.0348145
638 360 0.8333333333333333 369 0.8799999999999999 0.0466667 0.0349331
639 360 0.8333333333333333 366 0.8799999999999999 0.0466667 0.0350504
640 360 0.8 366 0.8461538461538461 0.0461538 0.0351614
641 360 0.888888888888889 366 0.9285714285714286 0.0396825 0.0352066
642 360 0.8333333333333333 366 0.8461538461538461 0.0128205 0.0349828
643 360 0.75 366 0.8 0.05 0.0351329
644 360 0.75 366 0.8 0.05 0.0352816
645 360 0.7826086956521738 366 0.8333333333333333 0.0507246 0.035436
646 360 0.7826086956521738 366 0.8333333333333333 0.0507246 0.0355889
647 360 0.8181818181818182 366 0.8695652173913043 0.0513834 0.0357469
648 360 0.8571428571428571 366 0.8571428571428571 0 0.0353894
649 360 0.8181818181818181 366 0.8695652173913044 0.0513834 0.0355493
650 360 0.8571428571428571 366 0.8695652173913043 0.0124224 0.0353181
651 360 0.9090909090909091 366 0.8695652173913043 -0.0395257 0.0345696
652 360 0.8571428571428571 366 0.8695652173913043 0.0124224 0.0343482
653 360 0.8 366 0.8695652173913043 0.0695652 0.0347003
654 360 0.8 366 0.8695652173913043 0.0695652 0.035049
655 360 0.8571428571428571 366 0.9090909090909091 0.0519481 0.035218
656 360 0.761904761904762 366 0.8181818181818182 0.0562771 0.0354286
657 360 0.7999999999999999 366 0.8571428571428572 0.0571429 0.0356457
658 360 0.761904761904762 366 0.8695652173913044 0.10766 0.0363659
659 360 0.761904761904762 366 0.8695652173913044 0.10766 0.0370788
660 360 0.8181818181818181 366 0.8695652173913044 0.0513834 0.0372218
661 360 0.10526315789473685 366 0.10526315789473685 0 0.0368496
662 360 0.7499999999999999 366 0.7499999999999999 0 0.0364811
663 360 0.7499999999999999 366 0.7499999999999999 0 0.0361163
664 360 0.7499999999999999 366 0.7499999999999999 0 0.0357552
665 360 0.7499999999999999 366 0.7499999999999999 0 0.0353976
666 360 0.923076923076923 366 0.923076923076923 0 0.0350436
667 360 0.9411764705882353 366 0.9411764705882353 0 0.0346932
668 360 0.9411764705882353 366 0.9411764705882353 0 0.0343463
669 360 0.8421052631578948 366 0.8421052631578948 0 0.0340028
670 360 0.8571428571428571 366 0.8571428571428571 0 0.0336628
671 360 0.9333333333333333 366 0.9333333333333333 0 0.0333261
672 360 0.9333333333333333 357 0.9333333333333333 0 0.0329929
673 360 0.8 357 0.8 0 0.032663
674 360 0.7692307692307692 357 0.7692307692307692 0 0.0323363
675 360 0.8750000000000001 357 0.8750000000000001 0 0.032013
676 360 0.823529411764706 357 0.823529411764706 0 0.0316928
677 360 0.823529411764706 357 1.0 0.176471 0.0331406
678 360 0.8333333333333333 357 0.8333333333333333 0 0.0328092
679 360 0.5 357 0.4615384615384615 -0.0384615 0.0320965
680 360 0.7142857142857143 357 0.7142857142857143 0 0.0317755
681 360 0.923076923076923 357 0.923076923076923 0 0.0314578
682 360 0.923076923076923 357 0.8571428571428571 -0.0659341 0.0304839
683 360 0.8571428571428571 357 0.7692307692307693 -0.0879121 0.0292999
684 360 0.7692307692307693 357 0.7692307692307693 0 0.0290069
685 360 0.8571428571428571 357 0.7692307692307693 -0.0879121 0.0278377
686 360 0.7142857142857143 357 0.923076923076923 0.208791 0.0296472
687 360 0.7999999999999999 357 0.7999999999999999 0 0.0293508
688 360 0.8235294117647058 357 0.8235294117647058 0 0.0290573
689 360 0.875 357 0.875 0 0.0287667
690 360 0.761904761904762 357 0.761904761904762 0 0.028479
691 360 0.9090909090909091 357 0.9090909090909091 0 0.0281942
692 360 0.8421052631578948 357 0.8421052631578948 0 0.0279123
693 360 0.9523809523809523 357 0.8421052631578948 -0.110276 0.0265304
694 360 0.8 357 0.8 0 0.0262651
695 360 0.8181818181818181 357 0.761904761904762 -0.0562771 0.0254397
696 360 0.888888888888889 357 0.9473684210526316 0.0584795 0.0257701
697 360 0.8181818181818181 357 0.7826086956521738 -0.0355731 0.0251567
698 360 0.8333333333333333 357 0.8333333333333333 0 0.0249051
699 360 0.9565217391304348 357 0.9565217391304348 0 0.024656
700 360 0.8571428571428571 357 0.8571428571428571 0 0.0244095
701 360 0.8181818181818182 357 0.8571428571428571 0.038961 0.024555
702 360 0.9166666666666666 357 0.9166666666666666 0 0.0243094
703 360 0.8695652173913043 357 0.9565217391304348 0.0869565 0.0249359
704 360 0.896551724137931 357 0.896551724137931 0 0.0246866
705 360 0.923076923076923 363 0.88 -0.0430769 0.0240089
706 360 0.9166666666666666 363 0.9166666666666666 0 0.0237688
707 360 0.9090909090909091 363 0.8695652173913043 -0.0395257 0.0231359
708 360 0.9600000000000001 363 0.9600000000000001 0 0.0229045
709 360 0.9333333333333333 363 0.896551724137931 -0.0367816 0.0223077
710 360 0.8484848484848484 363 0.8333333333333333 -0.0151515 0.0219331
711 360 0.896551724137931 363 0.9333333333333333 0.0367816 0.0220816
712 360 0.8750000000000001 363 0.9090909090909091 0.0340909 0.0222017
713 360 0.8235294117647058 363 0.8571428571428571 0.0336134 0.0223158
714 360 0.8387096774193548 363 0.8387096774193548 0 0.0220926
715 360 0.9714285714285714 363 1.0 0.0285714 0.0221574
716 360 0.875 363 0.8125 -0.0625 0.0213108
717 360 0.9090909090909091 363 0.9375 0.0284091 0.0213818
718 360 0.896551724137931 363 0.8666666666666666 -0.0298851 0.0208691
719 360 0.8125 363 0.8387096774193549 0.0262097 0.0209225
720 360 0.7857142857142856 363 0.7586206896551724 -0.0270936 0.0204424
721 360 0.9333333333333333 363 0.896551724137931 -0.0367816 0.0198701
722 360 0.8823529411764706 363 0.8484848484848484 -0.0338681 0.0193328
723 360 0.9285714285714286 363 1.0 0.0714286 0.0198537
724 360 0.8275862068965518 363 0.7857142857142857 -0.0418719 0.0192365
725 360 0.8333333333333333 363 0.8799999999999999 0.0466667 0.0195108
726 360 0.888888888888889 363 0.923076923076923 0.034188 0.0196575
727 360 0.8275862068965517 363 0.8571428571428571 0.0295567 0.0197565
728 360 0.896551724137931 363 0.8571428571428571 -0.0394089 0.0191649
729 360 0.896551724137931 363 0.896551724137931 0 0.0189732
730 360 1.0 363 1.0 0 0.0187835
731 360 0.8823529411764706 363 0.8571428571428572 -0.0252101 0.0183436
732 360 0.896551724137931 363 0.9285714285714286 0.0320197 0.0184803
733 360 0.896551724137931 363 0.8666666666666666 -0.0298851 0.0179967
734 360 0.967741935483871 363 0.9655172413793104 -0.00222469 0.0177945
735 360 0.896551724137931 363 0.896551724137931 0 0.0176165
736 360 0.9285714285714286 363 0.9285714285714286 0 0.0174403
737 360 0.9090909090909091 363 0.9090909090909091 0 0.0172659
738 360 0.9090909090909091 364 0.9090909090909091 0 0.0170933
739 360 0.9032258064516129 364 0.9032258064516129 0 0.0169223
740 360 0.8823529411764706 364 0.8235294117647058 -0.0588235 0.0161649
741 360 0.8648648648648648 364 0.8421052631578947 -0.0227596 0.0157756
742 360 0.9 364 0.8717948717948718 -0.0282051 0.0153358
743 360 0.9411764705882353 364 0.9411764705882353 0 0.0151825
744 360 0.9142857142857143 364 0.9142857142857143 0 0.0150307
745 360 0.8717948717948718 364 0.8421052631578948 -0.0296896 0.0145834
746 360 0.9444444444444444 364 0.9142857142857143 -0.0301587 0.014136
747 360 0.972972972972973 364 0.9444444444444444 -0.0285285 0.0137094
748 360 0.85 364 0.878048780487805 0.0280488 0.0138528
749 360 0.9767441860465117 364 0.9090909090909091 -0.0676533 0.0130377
750 360 0.9523809523809523 364 0.9268292682926829 -0.0255517 0.0126518
751 360 0.9130434782608695 364 0.9130434782608695 0 0.0125253
752 360 0.8444444444444444 364 0.888888888888889 0.0444444 0.0128445
753 360 0.8444444444444444 364 0.9090909090909091 0.0646465 0.0133625
754 360 0.8444444444444443 364 0.8260869565217392 -0.0183575 0.0130453
755 360 0.8571428571428572 364 0.8333333333333334 -0.0238095 0.0126768
756 360 0.88 364 0.88 0 0.01255
757 360 0.923076923076923 364 0.9056603773584906 -0.0174165 0.0122503
758 360 0.9019607843137256 364 0.9019607843137256 0 0.0121278
759 360 0.9259259259259259 364 0.923076923076923 -0.002849 0.0119781
760 360 0.8363636363636363 364 0.8771929824561403 0.0408293 0.0122666
761 360 0.8727272727272727 364 0.8214285714285715 -0.0512987 0.0116309
762 360 0.923076923076923 364 0.9056603773584906 -0.0174165 0.0113404
763 360 0.8461538461538461 364 0.830188679245283 -0.0159652 0.0110674
764 360 0.888888888888889 364 0.9090909090909091 0.020202 0.0111587
765 360 0.8571428571428572 364 0.875 0.0178571 0.0112257
766 360 0.9019607843137256 364 0.8800000000000001 -0.0219608 0.0108939
767 360 0.8679245283018867 364 0.888888888888889 0.0209644 0.0109946
768 360 0.9056603773584904 364 0.8846153846153847 -0.021045 0.0106742
769 360 0.8571428571428571 364 0.8235294117647057 -0.0336134 0.0102313
770 360 0.7857142857142856 364 0.7857142857142856 0 0.010129
771 360 0.8627450980392156 341 0.830188679245283 -0.0325564 0.00970212
772 360 0.8 341 0.8 0 0.0096051
773 360 0.92 341 0.92 0 0.00950905
774 360 0.8363636363636363 341 0.830188679245283 -0.00617496 0.00935221
775 360 0.8571428571428571 341 0.793103448275862 -0.0640394 0.00861829
776 360 0.84375 341 0.8253968253968255 -0.0183532 0.00834858
777 360 0.8363636363636364 341 0.8571428571428571 0.0207792 0.00847289
778 360 0.8571428571428571 341 0.8771929824561403 0.0200501 0.00858866
779 360 0.8846153846153846 341 0.9259259259259259 0.0413105 0.00891588
780 360 0.7936507936507938 341 0.8253968253968254 0.031746 0.00914418
781 360 0.8135593220338982 341 0.8275862068965518 0.0140269 0.00919301
782 360 0.8666666666666666 341 0.8474576271186439 -0.019209 0.00890899
783 360 0.8125 341 0.8437500000000001 0.03125 0.0091324
784 360 0.8571428571428571 341 0.8571428571428571 0 0.00904107
785 360 0.851851851851852 341 0.851851851851852 0 0.00895066
786 360 0.8076923076923077 341 0.8076923076923077 0 0.00886115
787 360 0.7916666666666667 341 0.8085106382978724 0.016844 0.00894098
788 360 0.823529411764706 341 0.8076923076923076 -0.0158371 0.0086932
789 360 0.823529411764706 341 0.823529411764706 0 0.00860627
790 360 0.8333333333333333 341 0.8333333333333333 0 0.00852021
791 360 0.8163265306122449 341 0.7916666666666666 -0.0246599 0.00818841
792 360 0.8444444444444444 341 0.8444444444444444 0 0.00810652
793 360 0.8636363636363636 316 0.8444444444444444 -0.0191919 0.00783354
794 360 0.8936170212765957 316 0.888888888888889 -0.00472813 0.00770792
795 360 0.8181818181818182 316 0.8695652173913043 0.0513834 0.00814468
796 360 0.851063829787234 316 0.8444444444444444 -0.00661939 0.00799704
797 360 0.888888888888889 316 0.8695652173913043 -0.0193237 0.00772383
798 360 0.8372093023255813 316 0.888888888888889 0.0516796 0.00816339
799 360 0.9523809523809523 316 0.85 -0.102381 0.00705794
800 360 0.8372093023255814 316 0.9 0.0627907 0.00761527
801 360 0.8421052631578947 316 0.8717948717948718 0.0296896 0.00783601
802 360 0.888888888888889 316 0.9189189189189189 0.03003 0.00805795
803 360 0.8648648648648648 316 0.8648648648648648 0 0.00797737
804 360 0.8717948717948718 316 0.85 -0.0217949 0.00767965
805 360 0.85 316 0.85 0 0.00760285
806 360 0.75 316 0.75 0 0.00752683
807 360 0.8888888888888888 316 0.918918918918919 0.03003 0.00775186
808 360 1.0 316 0.9500000000000001 -0.05 0.00717434
809 360 0.9230769230769231 316 0.8717948717948718 -0.0512821 0.00658978
810 360 0.9130434782608696 316 0.8749999999999999 -0.0380435 0.00614344
811 360 0.8510638297872339 316 0.8510638297872339 0 0.00608201
812 360 0.8800000000000001 316 0.8750000000000001 -0.005 0.00597119
813 360 0.8372093023255814 316 0.8837209302325583 0.0465116 0.00637659
814 360 0.8085106382978724 316 0.7916666666666667 -0.016844 0.00614439
815 360 0.8085106382978723 292 0.8333333333333333 0.0248227 0.00633117
816 360 0.7843137254901961 292 0.7200000000000001 -0.0643137 0.00562472
817 360 0.8627450980392156 292 0.8 -0.0627451 0.00494102
818 360 0.7916666666666667 292 0.8163265306122449 0.0246599 0.00513821
819 360 0.8636363636363636 292 0.8636363636363636 0 0.00508683
820 360 0.8181818181818182 292 0.7727272727272727 -0.0454545 0.00458142
821 360 0.8717948717948718 292 0.8292682926829269 -0.0425266 0.00411034
822 360 0.9302325581395349 292 0.9047619047619047 -0.0254707 0.00381453
823 360 0.761904761904762 292 0.7906976744186046 0.0287929 0.00406431
824 360 0.8636363636363635 292 0.888888888888889 0.0252525 0.00427619
825 360 0.8695652173913043 292 0.8444444444444444 -0.0251208 0.00398222
826 360 0.8292682926829269 292 0.909090909090909 0.0798226 0.00474063
827 360 0.8095238095238095 292 0.8444444444444444 0.0349206 0.00504243
828 360 0.8571428571428571 292 0.8571428571428571 0 0.004992
829 360 0.9230769230769231 292 0.9 -0.0230769 0.00471131
830 360 0.8421052631578947 292 0.8372093023255814 -0.00489596 0.00461524
831 360 0.9268292682926829 292 0.8095238095238095 -0.117305 0.00339603
832 360 0.8421052631578948 292 0.7894736842105263 -0.0526316 0.00283576
833 360 0.9268292682926829 292 0.8780487804878049 -0.0487805 0.00231959
834 360 0.8421052631578947 292 0.8500000000000001 0.00789474 0.00237535
835 360 0.8372093023255814 292 0.8292682926829269 -0.00794101 0.00227218
836 360 0.8260869565217391 292 0.8695652173913043 0.0434783 0.00268424
837 360 0.8372093023255814 282 0.8837209302325583 0.0465116 0.00312252
838 360 0.7906976744186047 282 0.8181818181818181 0.0274841 0.00336613
839 360 0.9302325581395349 282 0.8837209302325583 -0.0465116 0.00286736
840 360 0.888888888888889 282 0.8372093023255814 -0.0516796 0.00232189
841 360 0.8636363636363636 282 0.8571428571428571 -0.00649351 0.00223373
842 360 0.7916666666666667 282 0.7916666666666667 0 0.0022114
843 360 0.8750000000000001 282 0.8750000000000001 0 0.00218928
844 360 0.8163265306122449 282 0.8800000000000001 0.0636735 0.00280412
845 360 0.8695652173913044 282 0.8695652173913044 0 0.00277608
846 360 0.8148148148148148 282 0.8363636363636363 0.0215488 0.00296381
847 360 0.8727272727272727 282 0.8727272727272727 0 0.00293417
848 360 0.9056603773584904 282 0.8679245283018867 -0.0377358 0.00252747
849 360 0.8148148148148148 282 0.8148148148148148 0 0.0025022
850 360 0.847457627118644 282 0.8421052631578948 -0.00535236 0.00242365
851 360 0.8070175438596492 282 0.7636363636363634 -0.0433812 0.0019656
852 360 0.88 282 0.8235294117647057 -0.0564706 0.00138124
853 360 0.9259259259259259 282 0.9019607843137256 -0.0239651 0.00112778
854 360 0.8363636363636363 282 0.888888888888889 0.0525253 0.00164175
855 360 0.8727272727272727 282 0.9259259259259259 0.0531987 0.00215732
856 360 0.8333333333333334 282 0.7719298245614035 -0.0614035 0.00152171
857 360 0.806451612903226 282 0.7868852459016393 -0.0195664 0.00131083
858 360 0.8620689655172413 282 0.8571428571428571 -0.00492611 0.00124846
859 360 0.8275862068965517 269 0.8421052631578948 0.0145191 0.00138117
860 360 0.8813559322033899 269 0.8275862068965517 -0.0537697 0.000829659
861 360 0.8627450980392156 269 0.8627450980392156 0 0.000821362
862 360 0.8000000000000002 269 0.8135593220338982 0.0135593 0.000948742
863 360 0.9 269 0.8852459016393444 -0.0147541 0.000791713
864 360 0.8709677419354839 269 0.875 0.00403226 0.000824119
865 360 0.9180327868852459 269 0.8813559322033899 -0.0366769 0.000449109
866 360 0.875 269 0.8709677419354839 -0.00403226 0.000404296
867 360 0.90625 269 0.9032258064516129 -0.00302419 0.000370011
868 360 0.8985507246376812 269 0.8108108108108107 -0.0877399 -0.000511089
869 360 0.911764705882353 269 0.8529411764705882 -0.0588235 -0.00109421
870 360 0.787878787878788 269 0.8000000000000002 0.0121212 -0.000962059
871 360 0.8437500000000001 269 0.8181818181818182 -0.0255682 -0.00120812
872 360 0.8358208955223881 269 0.8115942028985507 -0.0242267 -0.00143831
873 360 0.8311688311688312 269 0.8311688311688312 0 -0.00142392
874 360 0.8955223880597014 269 0.8955223880597014 0 -0.00140968
875 360 0.7777777777777777 269 0.8378378378378379 0.0600601 -0.000794986
876 360 0.8181818181818182 269 0.7058823529411764 -0.112299 -0.00191003
877 360 0.8275862068965518 269 0.7857142857142856 -0.0418719 -0.00230965
878 360 0.8666666666666666 269 0.8852459016393444 0.0185792 -0.00210076
879 360 0.8437500000000001 269 0.8181818181818182 -0.0255682 -0.00233544
880 360 0.761904761904762 269 0.7941176470588235 0.0322129 -0.00198995
881 360 0.8484848484848486 253 0.7936507936507937 -0.0548341 -0.00251839
882 360 0.8611111111111112 253 0.7761194029850746 -0.0849917 -0.00334313
883 360 0.7761194029850748 253 0.7536231884057971 -0.0224962 -0.00353466
884 360 0.8219178082191781 253 0.8108108108108109 -0.011107 -0.00361038
885 360 0.8405797101449275 253 0.8450704225352113 0.00449071 -0.00352937
886 360 0.861111111111111 253 0.8648648648648649 0.00375375 -0.00345654
887 360 0.8918918918918918 253 0.8450704225352113 -0.0468215 -0.00389019
888 360 0.84375 253 0.8253968253968254 -0.0183532 -0.00403482
889 360 0.8387096774193549 253 0.8275862068965517 -0.0111235 -0.0041057
890 360 0.9354838709677419 253 0.923076923076923 -0.0124069 -0.00418872
891 360 0.8387096774193549 253 0.8387096774193549 0 -0.00414683
892 360 0.835820895522388 253 0.8059701492537313 -0.0298507 -0.00440387
893 360 0.8571428571428571 253 0.8437499999999999 -0.0133929 -0.00449376
894 360 0.8750000000000001 253 0.8125 -0.0625 -0.00507382
895 360 0.8571428571428572 253 0.8524590163934427 -0.00468384 -0.00506992
896 360 0.7936507936507938 253 0.7999999999999999 0.00634921 -0.00495573
897 360 0.8709677419354839 253 0.8709677419354839 0 -0.00490617
898 360 0.8437500000000001 253 0.8181818181818182 -0.0255682 -0.00511279
899 360 0.8615384615384616 253 0.8823529411764706 0.0208145 -0.00485352
900 360 0.8484848484848486 253 0.8307692307692307 -0.0177156 -0.00498214
901 360 0.8135593220338982 253 0.8135593220338982 0 -0.00493232
902 360 0.7931034482758621 253 0.8333333333333334 0.0402299 -0.0044807
903 360 0.8421052631578947 253 0.8928571428571429 0.0507519 -0.00392837
904 360 0.7857142857142856 253 0.8275862068965518 0.0418719 -0.00347037
905 360 0.7999999999999999 253 0.8709677419354839 0.0709677 -0.00272599
906 360 0.8275862068965517 253 0.75 -0.0775862 -0.00347459
907 360 0.8421052631578948 253 0.8620689655172413 0.0199637 -0.00324021
908 360 0.9019607843137256 253 0.8 -0.101961 -0.00422741
909 360 0.7777777777777777 253 0.8 0.0222222 -0.00396292
910 360 0.7586206896551725 253 0.7868852459016394 0.0282646 -0.00364064
911 360 0.8214285714285714 253 0.8070175438596492 -0.014411 -0.00374835
912 360 0.8437499999999999 253 0.8307692307692308 -0.0129808 -0.00384067
913 360 0.896551724137931 253 0.8771929824561403 -0.0193587 -0.00399585
914 360 0.8999999999999999 257 0.8333333333333334 -0.0666667 -0.00462256
915 360 0.9473684210526316 257 0.8771929824561403 -0.0701754 -0.00527809
916 360 0.8059701492537314 257 0.8064516129032259 0.000481464 -0.00522049
917 360 0.7868852459016394 257 0.7868852459016394 0 -0.00516829
918 360 0.8928571428571429 257 0.8571428571428571 -0.0357143 -0.00547375
919 360 0.8421052631578947 257 0.8571428571428571 0.0150376 -0.00526863
920 360 0.8813559322033898 257 0.8620689655172413 -0.019287 -0.00540882
921 360 0.888888888888889 257 0.851851851851852 -0.037037 -0.0057251
922 360 0.8813559322033898 257 0.8275862068965517 -0.0537697 -0.00620555
923 360 0.8214285714285715 257 0.7857142857142856 -0.0357143 -0.00650063
924 360 0.9 257 0.8474576271186441 -0.0525424 -0.00696105
925 360 0.8421052631578947 257 0.8421052631578947 0 -0.00689144
926 360 0.8275862068965517 257 0.8275862068965517 0 -0.00682253
927 360 0.9090909090909091 257 0.9090909090909091 0 -0.0067543
928 360 0.9433962264150945 257 0.8771929824561403 -0.0662032 -0.00734879
929 360 0.912280701754386 257 0.8196721311475409 -0.0926086 -0.00820139
930 360 0.9491525423728815 257 0.9655172413793104 0.0163647 -0.00795573
931 360 0.8524590163934426 257 0.8387096774193549 -0.0137493 -0.00801366
932 360 0.7936507936507938 257 0.8307692307692308 0.0371184 -0.00756234
933 360 0.8307692307692308 257 0.84375 0.0129808 -0.00735691
934 360 0.8571428571428571 257 0.8253968253968255 -0.031746 -0.0076008
935 360 0.8253968253968255 257 0.8253968253968255 0 -0.00752479
936 360 0.8813559322033898 286 0.8421052631578947 -0.0392507 -0.00784205
937 360 0.9180327868852458 286 0.8421052631578947 -0.0759275 -0.00852291
938 360 0.8928571428571429 286 0.8928571428571429 0 -0.00843768
939 360 0.8363636363636364 286 0.8214285714285714 -0.0149351 -0.00850265
940 360 0.8333333333333334 286 0.8333333333333334 0 -0.00841763
941 360 0.8771929824561403 286 0.896551724137931 0.0193587 -0.00813986
942 360 0.8620689655172413 286 0.896551724137931 0.0344828 -0.00771364
943 360 0.8421052631578948 286 0.8771929824561403 0.0350877 -0.00728562
944 360 0.896551724137931 286 0.896551724137931 0 -0.00721277
945 360 0.8620689655172414 286 0.8620689655172414 0 -0.00714064
946 360 0.8813559322033898 286 0.896551724137931 0.0151958 -0.00691727
947 360 0.8928571428571429 286 0.9285714285714286 0.0357143 -0.00649096
948 360 0.9090909090909091 286 0.9056603773584906 -0.00343053 -0.00646035
949 360 0.9090909090909091 286 0.8928571428571429 -0.0162338 -0.00655809
950 360 0.912280701754386 286 0.8620689655172413 -0.0502117 -0.00699462
951 360 0.9122807017543859 286 0.8813559322033899 -0.0309248 -0.00723393
952 360 0.8888888888888888 286 0.9090909090909091 0.020202 -0.00695957
953 360 0.8333333333333334 286 0.7666666666666667 -0.0666667 -0.00755664
954 360 0.9803921568627451 286 0.9411764705882353 -0.0392157 -0.00787323
955 360 0.8518518518518519 286 0.830188679245283 -0.0216632 -0.00801113
956 360 0.896551724137931 286 0.9090909090909091 0.0125392 -0.00780562
957 360 0.8571428571428572 286 0.9019607843137256 0.0448179 -0.00727939
958 360 0.9333333333333333 286 0.9130434782608696 -0.0202899 -0.00740949
959 360 0.8333333333333334 286 0.816326530612245 -0.0170068 -0.00750547
960 360 0.8979591836734694 286 0.8979591836734694 0 -0.00743041
961 360 0.9565217391304348 286 0.888888888888889 -0.0676329 -0.00803244
962 360 0.9166666666666666 286 0.8333333333333333 -0.0833333 -0.00878545
963 360 0.8571428571428571 286 0.8928571428571429 0.0357143 -0.00834045
964 360 0.896551724137931 286 0.8771929824561403 -0.0193587 -0.00845063
965 360 0.8852459016393444 286 0.8333333333333334 -0.0519126 -0.00888525
966 360 0.8999999999999999 286 0.8852459016393444 -0.0147541 -0.00894394
967 360 0.9259259259259259 286 0.9090909090909091 -0.016835 -0.00902285
968 360 0.875 286 0.8709677419354839 -0.00403226 -0.00897294
969 360 0.9032258064516129 294 0.8852459016393444 -0.0179799 -0.00906301
970 360 0.9180327868852459 294 0.8666666666666667 -0.0513661 -0.00948604
971 360 0.9206349206349206 294 0.9375 0.0168651 -0.00922253
972 360 0.8813559322033899 294 0.8852459016393444 0.00388997 -0.00909141
973 360 0.8888888888888888 294 0.9333333333333333 0.0444444 -0.00855605
974 360 0.923076923076923 294 0.8787878787878787 -0.044289 -0.00891338
975 360 0.8787878787878788 294 0.8985507246376813 0.0197628 -0.00862662
976 360 0.9152542372881356 294 0.8771929824561403 -0.0380613 -0.00892096
977 360 0.8823529411764706 294 0.8611111111111112 -0.0212418 -0.00904417
978 360 0.823529411764706 294 0.8000000000000002 -0.0235294 -0.00918902
979 360 0.8767123287671232 294 0.8285714285714286 -0.0481409 -0.00957854
980 360 0.8888888888888888 294 0.8611111111111112 -0.0277778 -0.00976054
981 360 0.8985507246376813 294 0.9142857142857143 0.015735 -0.00950558
982 360 0.8181818181818182 294 0.8181818181818182 0 -0.00941052
983 360 0.8888888888888888 294 0.8767123287671232 -0.0121766 -0.00943818
984 360 0.8985507246376813 294 0.8405797101449276 -0.057971 -0.00992351
985 360 0.8771929824561403 294 0.8666666666666666 -0.0105263 -0.00992954
986 360 0.8064516129032258 294 0.8253968253968254 0.0189452 -0.00964079
987 360 0.8529411764705883 294 0.8615384615384616 0.00859729 -0.00945841
988 360 0.8955223880597014 294 0.8181818181818182 -0.0773406 -0.0101372
989 360 0.90625 294 0.875 -0.03125 -0.0103484
990 360 0.8524590163934426 294 0.7868852459016394 -0.0655738 -0.0109006
991 360 0 294 0 0 -0.0107916
992 360 0.8 294 0.823529411764706 0.0235294 -0.0104484
993 360 0.8750000000000001 294 0.823529411764706 -0.0514706 -0.0108586
994 360 0.8 294 0.8 0 -0.01075
995 360 0.8 294 0.8 0 -0.0106425
996 360 0.8 294 0.75 -0.05 -0.0110361
997 360 0.8 294 0.75 -0.05 -0.0114257
998 360 0.8 294 0.8 0 -0.0113115
999 360 0.8 294 0.8 0 -0.0111984
1000 360 0.7499999999999999 294 0.8235294117647058 0.0735294 -0.0103511
1001 360 0.8 294 0.8 0 -0.0102476
1002 360 0.8 294 0.8750000000000001 0.075 -0.00939511
1003 360 0.8750000000000001 294 0.8750000000000001 0 -0.00930116
1004 360 0.8 294 0.8 0 -0.00920815
1005 360 0.75 294 0.75 0 -0.00911607
1006 360 0.75 294 0.75 0 -0.00902491
1007 360 0.75 294 0.75 0 -0.00893466
1008 360 0.7499999999999999 294 0.7499999999999999 0 -0.00884531
1009 360 0.7499999999999999 294 0.7499999999999999 0 -0.00875686
1010 360 0.8235294117647058 294 0.7499999999999999 -0.0735294 -0.00940458
1011 360 0.8750000000000001 294 0.8750000000000001 0 -0.00931054
1012 360 0.8235294117647058 294 0.7499999999999999 -0.0735294 -0.00995273
1013 360 0.7499999999999999 284 0.7058823529411764 -0.0441176 -0.0102944
1014 360 0.7499999999999999 284 0.7058823529411764 -0.0441176 -0.0106326
1015 360 0.7499999999999999 284 0.7058823529411764 -0.0441176 -0.0109675
1016 360 0.7499999999999999 284 0.7058823529411764 -0.0441176 -0.011299
1017 360 0.7058823529411764 284 0.6666666666666665 -0.0392157 -0.0115781
1018 360 0.7058823529411764 284 0.6666666666666665 -0.0392157 -0.0118545
1019 360 0.7058823529411764 284 0.6666666666666665 -0.0392157 -0.0121281
1020 360 0.7058823529411764 284 0.6666666666666665 -0.0392157 -0.012399
1021 360 0.7499999999999999 284 0.7058823529411764 -0.0441176 -0.0127162
1022 360 0.7499999999999999 284 0.7058823529411764 -0.0441176 -0.0130302
1023 360 0.7499999999999999 284 0.7058823529411764 -0.0441176 -0.0133411
1024 360 0.7499999999999999 284 0.6666666666666665 -0.0833333 -0.014041
1025 360 0.7499999999999999 284 0.6666666666666665 -0.0833333 -0.0147339
1026 360 0.7499999999999999 284 0.7058823529411764 -0.0441176 -0.0150278
1027 360 0.7499999999999999 284 0.7058823529411764 -0.0441176 -0.0153186
1028 360 0.7499999999999999 284 0.6666666666666665 -0.0833333 -0.0159988
1029 360 0.7777777777777777 284 0.7058823529411764 -0.0718954 -0.0165578
1030 360 0.8 284 0.75 -0.05 -0.0168922
1031 360 0.8571428571428571 284 0.75 -0.107143 -0.0177947
1032 360 0.75 284 0.75 0 -0.0176167
1033 360 0.8235294117647058 284 0.7777777777777777 -0.0457516 -0.0178981
1034 360 0.8750000000000001 284 0.75 -0.125 -0.0189691
1035 360 0.75 284 0.75 0 -0.0187794
1036 360 0.875 284 0.7999999999999999 -0.075 -0.0193416
1037 360 0.8 284 0.75 -0.05 -0.0196482
1038 360 0.625 284 0.7058823529411764 0.0808824 -0.0186429
1039 360 0.7058823529411764 284 0.7058823529411764 0 -0.0184565
1040 360 0.7499999999999999 284 0.7058823529411764 -0.0441176 -0.0187131
1041 360 0.7499999999999999 284 0.7058823529411764 -0.0441176 -0.0189671
1042 360 0.7058823529411765 284 0.75 0.0441176 -0.0183363
1043 360 0.8 284 0.823529411764706 0.0235294 -0.0179176
1044 360 0.75 284 0.75 0 -0.0177385
1045 360 0.75 284 0.75 0 -0.0175611
1046 360 0.8 318 0.7058823529411765 -0.0941176 -0.0183266
1047 360 0.8 318 0.7058823529411765 -0.0941176 -0.0190845
1048 360 0.8 318 0.7058823529411765 -0.0941176 -0.0198349
1049 360 0.7499999999999999 318 0.7777777777777777 0.0277778 -0.0193587
1050 360 0.7058823529411764 318 0.7368421052631579 0.0309598 -0.0188556
1051 360 0.7058823529411764 318 0.7368421052631579 0.0309598 -0.0183574
1052 360 0.7499999999999999 318 0.7777777777777777 0.0277778 -0.0178961
1053 360 0.7499999999999999 318 0.7777777777777777 0.0277778 -0.0174393
1054 360 0.7058823529411764 318 0.7999999999999999 0.0941176 -0.0163238
1055 360 0.7058823529411764 318 0.7999999999999999 0.0941176 -0.0152193
1056 360 0.7058823529411764 318 0.7368421052631579 0.0309598 -0.0147575
1057 360 0.7777777777777778 318 0.7999999999999999 0.0222222 -0.0143877
1058 360 0.7058823529411764 318 0.7999999999999999 0.0941176 -0.0133027
1059 360 0.7499999999999999 318 0.7368421052631577 -0.0131579 -0.0133012
1060 360 0.7499999999999999 318 0.8000000000000002 0.05 -0.0126682
1061 360 0.7058823529411764 318 0.761904761904762 0.0560224 -0.0119813
1062 360 0.7058823529411764 318 0.7000000000000001 -0.00588235 -0.0119203
1063 360 0.7058823529411764 318 0.7368421052631579 0.0309598 -0.0114915
1064 360 0.8 318 0.823529411764706 0.0235294 -0.0111413
1065 360 0.7058823529411764 318 0.7999999999999999 0.0941176 -0.0100887
1066 360 0.761904761904762 318 0.8333333333333333 0.0714286 -0.00927356
1067 360 0.8 318 0.8181818181818182 0.0181818 -0.00899901
1068 360 0.9 318 0.9090909090909091 0.00909091 -0.00881811
1069 360 0.8421052631578948 318 0.9090909090909091 0.0669856 -0.00806007
1070 360 0.761904761904762 318 0.8181818181818181 0.0562771 -0.0074167
1071 360 0.8 318 0.8571428571428571 0.0571429 -0.00677111
1072 360 0.8421052631578948 318 0.9 0.0578947 -0.00612445
1073 360 0.8421052631578948 318 0.8571428571428572 0.0150376 -0.00591283
1074 360 0.7777777777777777 318 0.8000000000000002 0.0222222 -0.00563148
1075 360 0.7368421052631577 318 0.8000000000000002 0.0631579 -0.00494358
1076 360 0.7999999999999999 318 0.8181818181818182 0.0181818 -0.00471233
1077 360 0.7368421052631577 318 0.8000000000000002 0.0631579 -0.00403363
1078 360 0.7999999999999999 318 0.8571428571428572 0.0571429 -0.00342186
1079 360 0.7000000000000001 314 0.7999999999999999 0.1 -0.00238764
1080 360 0.761904761904762 314 0.7999999999999999 0.0380952 -0.00198281
1081 360 0.8421052631578948 314 0.9 0.0578947 -0.00138404
1082 360 0.8421052631578948 314 0.8181818181818182 -0.0239234 -0.00160943
1083 360 0.8421052631578948 314 0.8571428571428572 0.0150376 -0.00144296
1084 360 0.9 314 0.9 0 -0.00142853
1085 360 0.9 314 0.9 0 -0.00141425
1086 360 0.7999999999999999 314 0.8181818181818182 0.0181818 -0.00121829
1087 360 0.7999999999999999 314 0.8181818181818182 0.0181818 -0.00102429
1088 360 0.8181818181818182 314 0.8181818181818182 0 -0.00101404
1089 360 0.761904761904762 314 0.8181818181818182 0.0562771 -0.000441133
1090 360 0.7999999999999999 314 0.8571428571428572 0.0571429 0.000134707
1091 360 0.7999999999999999 314 0.8181818181818182 0.0181818 0.000315178
1092 360 0.7999999999999999 314 0.9 0.1 0.00131203
1093 360 0.7999999999999999 314 0.8571428571428572 0.0571429 0.00187033
1094 360 0.7999999999999999 314 0.8181818181818182 0.0181818 0.00203345
1095 360 0.8 314 0.8181818181818182 0.0181818 0.00219493
1096 360 0.761904761904762 314 0.8571428571428571 0.0952381 0.00312537
1097 360 0.8 314 0.8571428571428571 0.0571429 0.00366554
1098 360 0.8 314 0.761904761904762 -0.0380952 0.00324793
1099 360 0.8181818181818181 314 0.7272727272727274 -0.0909091 0.00230636
1100 360 0.761904761904762 314 0.7826086956521738 0.0207039 0.00249034
1101 360 0.761904761904762 310 0.9166666666666666 0.154762 0.00401305
1102 360 0.7826086956521738 310 0.8799999999999999 0.0973913 0.00494684
1103 360 0.8181818181818181 310 0.8333333333333333 0.0151515 0.00504888
1104 360 0.8421052631578948 310 0.9090909090909091 0.0669856 0.00566825
1105 360 0.8 310 0.8181818181818182 0.0181818 0.00579339
1106 360 0.8333333333333333 310 0.8461538461538461 0.0128205 0.00586366
1107 360 0.782608695652174 310 0.88 0.0973913 0.00677893
1108 360 0.8 310 0.8571428571428571 0.0571429 0.00728257
1109 360 0.761904761904762 310 0.8181818181818182 0.0562771 0.00777252
1110 360 0.8 310 0.8333333333333333 0.0333333 0.00802813
1111 360 0.6956521739130435 310 0.782608695652174 0.0869565 0.00881741
1112 360 0.7199999999999999 310 0.7826086956521738 0.0626087 0.00935532
1113 360 0.6956521739130435 310 0.7272727272727274 0.0316206 0.00957798
1114 360 0.6666666666666666 310 0.761904761904762 0.0952381 0.0104346
1115 360 0.7368421052631579 310 0.8 0.0631579 0.0109618
1116 360 0.8 310 0.7826086956521738 -0.0173913 0.0106783
1117 360 0.7000000000000001 310 0.7826086956521738 0.0826087 0.0113976
1118 360 0.8 310 0.8181818181818182 0.0181818 0.0114654
1119 360 0.7000000000000001 310 0.7826086956521738 0.0826087 0.0121769
1120 360 0.7368421052631579 310 0.8181818181818182 0.0813397 0.0128685
1121 360 0.8235294117647058 310 0.8000000000000002 -0.0235294 0.0125045
1122 360 0.7999999999999999 310 0.8571428571428572 0.0571429 0.0129509
1123 360 0.7368421052631579 302 0.7368421052631579 0 0.0128214
1124 360 0.8421052631578948 302 0.7999999999999999 -0.0421053 0.0122721
1125 360 0.7777777777777778 302 0.8421052631578948 0.0643275 0.0127927
1126 360 0.7000000000000001 302 0.8 0.1 0.0136647
1127 360 0.8235294117647058 302 0.888888888888889 0.0653595 0.0141817
1128 360 0.7777777777777778 302 0.8421052631578948 0.0643275 0.0146831
1129 360 0.7777777777777778 302 0.7368421052631579 -0.0409357 0.014127
1130 360 0.8235294117647058 302 0.7777777777777777 -0.0457516 0.0135282
1131 360 0.7499999999999999 302 0.8235294117647058 0.0735294 0.0141282
1132 360 0.8235294117647058 302 0.7777777777777777 -0.0457516 0.0135294
1133 360 0.8750000000000001 302 0.823529411764706 -0.0514706 0.0128794
1134 360 0.8235294117647058 302 0.7 -0.123529 0.0115153
1135 360 0.7499999999999999 302 0.8421052631578948 0.0921053 0.0123212
1136 360 0.8571428571428572 302 0.9 0.0428571 0.0126266
1137 360 0.8333333333333333 302 0.7826086956521738 -0.0507246 0.011993
1138 360 0.7272727272727274 302 0.7199999999999999 -0.00727273 0.0118004
1139 360 0.8 302 0.8 0 0.0116824
1140 360 0.7692307692307692 302 0.7692307692307692 0 0.0115656
1141 360 0.761904761904762 302 0.8181818181818182 0.0562771 0.0120127
1142 360 0.8181818181818181 302 0.8695652173913044 0.0513834 0.0124064
1143 360 0.8181818181818181 302 0.7500000000000001 -0.0681818 0.0116005
1144 360 0.8695652173913044 302 0.8333333333333333 -0.0362319 0.0111222
1145 360 0.9 283 0.8181818181818182 -0.0818182 0.0101928
1146 360 0.9 283 0.8181818181818182 -0.0818182 0.00927266
1147 360 0.9 283 0.8571428571428572 -0.0428571 0.00875137
1148 360 0.8571428571428571 283 0.9090909090909091 0.0519481 0.00918333
1149 360 0.9523809523809523 283 0.9090909090909091 -0.04329 0.0086586
1150 360 0.9523809523809523 283 0.9523809523809523 0 0.00857201
1151 360 0.9523809523809523 283 0.9523809523809523 0 0.00848629
1152 360 0.8695652173913044 283 0.8695652173913044 0 0.00840143
1153 360 0.9565217391304348 283 0.9090909090909091 -0.0474308 0.00784311
1154 360 0.8181818181818182 283 0.8695652173913043 0.0513834 0.00827851
1155 360 0.9090909090909091 283 0.8695652173913043 -0.0395257 0.00780047
1156 360 0.9166666666666666 283 0.9166666666666666 0 0.00772246
1157 360 0.9166666666666666 283 0.9166666666666666 0 0.00764524
1158 360 0.9565217391304348 283 0.8333333333333334 -0.123188 0.0063369
1159 360 0.9600000000000001 283 0.8461538461538461 -0.113846 0.00513507
1160 360 0.9090909090909091 283 0.923076923076923 0.013986 0.00522358
1161 360 0.9523809523809523 283 0.9090909090909091 -0.04329 0.00473845
1162 360 0.9 283 0.9090909090909091 0.00909091 0.00478197
1163 360 0.8181818181818181 283 0.9166666666666666 0.0984848 0.005719
1164 360 0.8181818181818182 283 0.8 -0.0181818 0.00547999
1165 360 0.7272727272727273 283 0.6666666666666667 -0.0606061 0.00481913
1166 360 0.8181818181818181 283 0.7826086956521738 -0.0355731 0.00441521
1167 360 0.8571428571428572 273 0.7999999999999999 -0.0571429 0.00379963
1168 360 0.8571428571428572 273 0.761904761904762 -0.0952381 0.00280925
1169 360 0.8000000000000002 273 0.888888888888889 0.0888889 0.00367005
1170 360 0.9 273 0.7999999999999999 -0.1 0.00263335
1171 360 0.9090909090909091 273 0.761904761904762 -0.147186 0.00113515
1172 360 0.8000000000000002 273 0.8421052631578948 0.0421053 0.00154485
1173 360 0.9 273 0.8571428571428572 -0.0428571 0.00110083
1174 360 0.761904761904762 273 0.761904761904762 0 0.00108982
1175 360 0.9090909090909091 273 0.9523809523809523 0.04329 0.00151183
1176 360 0.7826086956521738 273 0.6666666666666667 -0.115942 0.000337287
1177 360 0.8181818181818182 273 0.7368421052631579 -0.0813397 -0.000479483
1178 360 0.7857142857142857 273 0.7692307692307692 -0.0164835 -0.000639523
1179 360 0.88 273 0.7272727272727273 -0.152727 -0.0021604
1180 360 0.846153846153846 273 0.6666666666666667 -0.179487 -0.00393367
1181 360 0.8333333333333334 273 0.761904761904762 -0.0714286 -0.00460862
1182 360 0.8799999999999999 273 0.7500000000000001 -0.13 -0.00586253
1183 360 0.8 273 0.8 0 -0.00580391
1184 360 0.8695652173913044 273 0.8695652173913044 0 -0.00574587
1185 360 0.9523809523809523 273 0.8421052631578948 -0.110276 -0.00679116
1186 360 0.9 273 0.8421052631578948 -0.0578947 -0.0073022
1187 360 0.8571428571428572 273 0.7368421052631579 -0.120301 -0.00843219
1188 360 0.8695652173913043 273 0.8 -0.0695652 -0.00904352
1189 360 0.9523809523809523 273 0.9 -0.052381 -0.00947689
1190 360 0.9090909090909091 273 0.8571428571428571 -0.0519481 -0.0099016
1191 360 0.9523809523809523 273 0.9 -0.052381 -0.0103264
1192 360 0.8571428571428571 273 0.8571428571428571 0 -0.0102231
1193 360 0.8181818181818182 273 0.9 0.0818182 -0.00930272
1194 360 0.7272727272727273 273 0.761904761904762 0.034632 -0.00886337
1195 360 0.9090909090909091 273 0.9090909090909091 0 -0.00877474
1196 360 0.8571428571428571 273 0.8571428571428571 0 -0.00868699
1197 360 0.9 273 0.9 0 -0.00860012
1198 360 0.9 273 0.9 0 -0.00851412
1199 360 0.9 273 0.9 0 -0.00842898
1200 360 0.8571428571428571 300 0.8571428571428571 0 -0.00834469
1201 360 0.8571428571428571 300 0.8571428571428571 0 -0.00826124
1202 360 0.9 300 0.8571428571428572 -0.0428571 -0.0086072
1203 360 1.0 300 0.9 -0.1 -0.00952113
1204 360 1.0 300 0.9 -0.1 -0.0104259
1205 360 0.9473684210526316 300 0.9 -0.0473684 -0.0107953
1206 360 1.0 300 0.9523809523809523 -0.047619 -0.0111636
1207 360 1.0 300 0.9523809523809523 -0.047619 -0.0115281
1208 360 0.8421052631578948 300 0.9 0.0578947 -0.0108339
1209 360 0.9090909090909091 300 0.9090909090909091 0 -0.0107256
1210 360 0.9090909090909091 300 0.9090909090909091 0 -0.0106183
1211 360 0.8695652173913043 300 0.8571428571428571 -0.0124224 -0.0106364
1212 360 0.8181818181818182 300 0.8571428571428571 0.038961 -0.0101404
1213 360 0.8571428571428571 300 0.8181818181818182 -0.038961 -0.0104286
1214 360 0.8571428571428571 300 0.7826086956521738 -0.0745342 -0.0110696
1215 360 0.9090909090909091 300 0.7826086956521738 -0.126482 -0.0122238
1216 360 0.8695652173913044 300 0.8333333333333333 -0.0362319 -0.0124638
1217 360 0.8695652173913044 300 0.8695652173913044 0 -0.0123392
1218 360 0.8181818181818181 300 0.8181818181818181 0 -0.0122158
1219 360 0.8571428571428571 300 0.8571428571428571 0 -0.0120937
1220 360 0.8333333333333333 300 0.8695652173913044 0.0362319 -0.0116104
1221 360 0.8695652173913043 300 0.8571428571428571 -0.0124224 -0.0116185
1222 360 0.9090909090909091 300 0.8181818181818182 -0.0909091 -0.0124114
1223 360 0.9090909090909091 300 0.8181818181818182 -0.0909091 -0.0131964
1224 360 0.8695652173913044 300 0.7826086956521738 -0.0869565 -0.013934
1225 360 0.8333333333333333 300 0.8333333333333333 0 -0.0137947
1226 360 0.8799999999999999 300 0.8799999999999999 0 -0.0136567
1227 360 0.923076923076923 300 0.8 -0.123077 -0.0147509
1228 360 0.88 300 0.923076923076923 0.0430769 -0.0141726
1229 360 0.8181818181818182 300 0.8571428571428571 0.038961 -0.0136413
1230 360 0.8695652173913043 300 0.8181818181818182 -0.0513834 -0.0140187
1231 360 0.8571428571428572 300 0.9 0.0428571 -0.01345
1232 360 0.7826086956521738 300 0.7826086956521738 0 -0.0133155
1233 360 0.75 307 0.8 0.05 -0.0126823
1234 360 0.75 307 0.8 0.05 -0.0120555
1235 360 0.75 307 0.7200000000000001 -0.03 -0.0122349
1236 360 0.846153846153846 307 0.9285714285714286 0.0824176 -0.0112884
1237 360 0.8275862068965517 307 0.7857142857142858 -0.0418719 -0.0115942
1238 360 0.88 307 0.923076923076923 0.0430769 -0.0110475
1239 360 0.888888888888889 307 0.846153846153846 -0.042735 -0.0113644
1240 360 0.8333333333333333 307 0.8461538461538461 0.0128205 -0.0111226
1241 360 0.88 307 0.888888888888889 0.00888889 -0.0109224
1242 360 0.8333333333333333 307 0.9166666666666666 0.0833333 -0.00997989
1243 360 0.7826086956521738 307 0.8333333333333334 0.0507246 -0.00937284
1244 360 0.7826086956521738 307 0.8461538461538461 0.0635452 -0.00864366
1245 360 0.8333333333333333 307 0.8461538461538461 0.0128205 -0.00842902
1246 360 0.8333333333333333 307 0.8148148148148148 -0.0185185 -0.00852992
1247 360 0.846153846153846 307 0.896551724137931 0.0503979 -0.00794064
1248 360 0.7200000000000001 307 0.6923076923076924 -0.0276923 -0.00813815
1249 360 0.8461538461538461 307 0.8148148148148148 -0.031339 -0.00837016
1250 360 0.8 307 0.8 0 -0.00828646
1251 360 0.8 307 0.8 0 -0.0082036
1252 360 0.8148148148148148 307 0.8148148148148148 0 -0.00812156
1253 360 0.8387096774193549 307 0.8275862068965517 -0.0111235 -0.00815158
1254 360 0.8148148148148148 307 0.8148148148148148 0 -0.00807006
1255 360 0.88 307 0.8 -0.08 -0.00878936
1256 360 0.888888888888889 307 0.8148148148148148 -0.0740741 -0.00944221
1257 360 0.8 307 0.8148148148148148 0.0148148 -0.00919964
1258 360 0.846153846153846 307 0.7692307692307692 -0.0769231 -0.00987687
1259 360 0.8333333333333333 307 0.75 -0.0833333 -0.0106114
1260 360 0.8333333333333333 307 0.8 -0.0333333 -0.0108387
1261 360 0.8181818181818181 307 0.6956521739130435 -0.12253 -0.0119556
1262 360 0.7500000000000001 307 0.7500000000000001 0 -0.011836
1263 360 0.8148148148148148 307 0.6923076923076923 -0.122507 -0.0129427
1264 360 0.8333333333333333 307 0.782608695652174 -0.0507246 -0.0133205
1265 360 0.8695652173913044 307 0.8695652173913044 0 -0.0131873
1266 360 0.8333333333333333 336 0.88 0.0466667 -0.0125888
1267 360 0.8333333333333333 336 0.923076923076923 0.0897436 -0.0115655
1268 360 0.8695652173913044 336 0.9600000000000001 0.0904348 -0.0105455
1269 360 0.8333333333333333 336 0.923076923076923 0.0897436 -0.00954258
1270 360 0.8333333333333333 336 0.923076923076923 0.0897436 -0.00854972
1271 360 0.8333333333333333 336 0.9230769230769231 0.0897436 -0.00756679
1272 360 0.88 336 0.888888888888889 0.00888889 -0.00740223
1273 360 0.7272727272727272 336 0.8333333333333334 0.106061 -0.0062676
1274 360 0.8571428571428571 336 0.8333333333333334 -0.0238095 -0.00644302
1275 360 0.761904761904762 336 0.8333333333333334 0.0714286 -0.0056643
1276 360 0.8181818181818182 336 0.7826086956521738 -0.0355731 -0.00596339
1277 360 0.7368421052631579 336 0.8181818181818182 0.0813397 -0.00509036
1278 360 0.7000000000000001 336 0.7826086956521738 0.0826087 -0.00421337
1279 360 0.6666666666666666 336 0.75 0.0833333 -0.0033379
1280 360 0.9 336 0.7826086956521738 -0.117391 -0.00447844
1281 360 0.8333333333333333 336 0.7826086956521738 -0.0507246 -0.0049409
1282 360 0.9090909090909091 336 0.8695652173913043 -0.0395257 -0.00528675
1283 360 0.8571428571428572 336 0.8571428571428572 0 -0.00523388
1284 360 0.9 336 0.8571428571428572 -0.0428571 -0.00561011
1285 360 0.8571428571428571 336 0.8695652173913043 0.0124224 -0.00542979
1286 360 0.8571428571428571 336 0.8695652173913043 0.0124224 -0.00525127
1287 360 0.7999999999999999 336 0.8571428571428572 0.0571429 -0.00462732
1288 360 0.7999999999999999 336 0.8571428571428572 0.0571429 -0.00400962
1289 360 0.8571428571428571 336 0.9090909090909091 0.0519481 -0.00345005
1290 360 0.761904761904762 336 0.8181818181818181 0.0562771 -0.00285277
1291 360 0.7777777777777778 336 0.8421052631578948 0.0643275 -0.00218097
1292 360 0.7000000000000001 336 0.8571428571428571 0.157143 -0.000587734
1293 360 0.761904761904762 336 0.8333333333333333 0.0714286 0.000132429
1294 360 0.7777777777777777 336 0.8571428571428572 0.0793651 0.000924755
1295 360 0.7499999999999999 336 0.9 0.15 0.00241551
1296 360 0.7499999999999999 336 0.7777777777777777 0.0277778 0.00266913
1297 360 0.7058823529411764 336 0.8000000000000002 0.0941176 0.00358362
1298 360 0.7499999999999999 336 0.8421052631578948 0.0921053 0.00446883
1299 360 0.75 383 0.8421052631578948 0.0921053 0.0053452
1300 360 0.75 383 0.9411764705882353 0.191176 0.00720351
1301 360 0.8421052631578948 383 0.9090909090909091 0.0669856 0.00780133
1302 360 0.8 383 0.8695652173913043 0.0695652 0.00841897
1303 360 0.8 383 0.8695652173913043 0.0695652 0.00903043
1304 360 0.8421052631578948 383 0.9523809523809523 0.110276 0.0100429
1305 360 0.8 383 0.9090909090909091 0.109091 0.0110334
1306 360 0.8181818181818181 383 0.9166666666666666 0.0984848 0.0119079
1307 360 0.7826086956521738 383 0.8 0.0173913 0.0119627
1308 360 0.5882352941176471 383 0.7368421052631577 0.148607 0.0133292
1309 360 0.7 383 0.761904761904762 0.0619048 0.0138149
1310 360 0.6666666666666666 383 0.6 -0.0666667 0.0130101
1311 360 0.7058823529411764 383 0.7 -0.00588235 0.0128212
1312 360 0.7368421052631579 383 0.6666666666666666 -0.0701754 0.0119912
1313 360 0.7058823529411764 383 0.8000000000000002 0.0941176 0.0128125
1314 360 0.7058823529411765 383 0.7368421052631577 0.0309598 0.0129939
1315 360 0.6666666666666665 383 0.7 0.0333333 0.0131973
1316 360 0.823529411764706 383 0.7368421052631577 -0.0866873 0.0121985
1317 360 0.823529411764706 383 0.9 0.0764706 0.0128412
1318 360 0.761904761904762 383 0.9166666666666666 0.154762 0.0142604
1319 360 0.8 383 0.8181818181818182 0.0181818 0.0142996
1320 360 0.7368421052631579 383 0.8181818181818182 0.0813397 0.01497
1321 360 0.75 383 0.8421052631578948 0.0921053 0.0157414
