0.4227238893508911 0.164035826921463 0.5750187039375305 0.2507246732711792
0.2563157081604004 0.25017687678337097 0.3336177468299866 0.29509809613227844
0.32528889179229736 0.3092137277126312 0.42356300354003906 0.35887423157691956
0.12939438223838806 0.22325187921524048 0.1870654821395874 0.2547014057636261
0.37534675002098083 0.4554594159126282 0.4945293962955475 0.5060532093048096
0.11378346383571625 0.325322687625885 0.15567009150981903 0.35238218307495117
0.6671668291091919 0.44620487093925476 0.9123892784118652 0.5297640562057495
0.06531770527362823 0.3200203776359558 0.09944324195384979 0.34372538328170776
0.14453476667404175 0.27149561047554016 0.21961602568626404 0.30589595437049866
0.1203821450471878 0.3773881793022156 0.1687185913324356 0.40908604860305786
0.48037391901016235 0.46178752183914185 0.6402021050453186 0.5230522155761719
0.08315865695476532 0.3673505187034607 0.12107941508293152 0.3917122483253479
0.17733153700828552 0.3280605971813202 0.25476768612861633 0.3619286119937897
0.17985545098781586 0.4050443172454834 0.24254362285137177 0.4457958936691284
0.015055623836815357 0.34107545018196106 0.04339531809091568 0.3580652177333832
0.2628306746482849 0.4416902959346771 0.37247687578201294 0.49797090888023376
0.015998423099517822 0.03276821970939636 0.8736472129821777 0.8985633850097656
0.48078328371047974 0.4612112045288086 0.6396558880805969 0.525322675704956
0.21770614385604858 0.42642998695373535 0.3110080361366272 0.4718649387359619
0.26314491033554077 0.44155171513557434 0.3728291392326355 0.49790337681770325
0.21770614385604858 0.42642998695373535 0.3110080361366272 0.4718649387359619
0.12595805525779724 0.18822669982910156 0.1662006974220276 0.1977325677871704
0.17733153700828552 0.3280605971813202 0.25476768612861633 0.3619286119937897
0.12886592745780945 0.24854020774364471 0.17260202765464783 0.2633921504020691
0.18076181411743164 0.4050218164920807 0.2434423863887787 0.4487972557544708
0.48078328371047974 0.4612112045288086 0.6396558880805969 0.525322675704956
0.26368090510368347 0.4416079521179199 0.3730895221233368 0.4983048439025879
0.74074387550354 0.7258994579315186 1.0 0.8553760051727295
0.012868940830230713 0.0763540267944336 0.6886933445930481 0.6329253315925598
