0.35518109798431396 0.4534403383731842 0.4625731110572815 0.503070056438446
0.4159214496612549 0.2913002073764801 0.5603961944580078 0.35736343264579773
0.5713156461715698 0.44899898767471313 0.7765064239501953 0.5263662934303284
0.1292579621076584 0.21933060884475708 0.18784953653812408 0.2554827630519867
0.1887178122997284 0.26591727137565613 0.28129979968070984 0.30858317017555237
0.23659157752990723 0.4278227388858795 0.31243205070495605 0.46875861287117004
0.06509927660226822 0.2834210693836212 0.09932958334684372 0.3066178858280182
0.7763202786445618 0.0009278170764446259 0.997908890247345 0.10850879549980164
0.07180175930261612 0.3184029757976532 0.10348068922758102 0.3397669494152069
0.08796964585781097 0.2735133767127991 0.16036289930343628 0.30344003438949585
0.10037082433700562 0.37601128220558167 0.14112116396427155 0.40110883116722107
0.23586656153202057 0.3235287666320801 0.32337284088134766 0.37094253301620483
0.06002308428287506 0.3592242896556854 0.09398408234119415 0.38515111804008484
0.1585903763771057 0.17331163585186005 0.20703327655792236 0.1854604035615921
0.1216142550110817 0.3886309564113617 0.17687557637691498 0.4209323823451996
0.012067794799804688 0.02461215853691101 0.8764710426330566 0.8744157552719116
0.23671932518482208 0.4278930425643921 0.311929851770401 0.4687157869338989
0.11668068170547485 0.3255291283130646 0.16085010766983032 0.3572491705417633
0.14685066044330597 0.4003172516822815 0.22183813154697418 0.44217002391815186
0.4160894453525543 0.290708065032959 0.5609087347984314 0.35736507177352905
0.03518625348806381 0.315620481967926 0.06967232376337051 0.3336164951324463
0.1571378856897354 0.15724429488182068 0.19373871386051178 0.1660182774066925
0.5713156461715698 0.44899898767471313 0.7765064239501953 0.5263662934303284
0.1463976800441742 0.3999598026275635 0.22193583846092224 0.44230931997299194
0.1598449945449829 0.31848782300949097 0.2556835114955902 0.36653196811676025
0.08705450594425201 0.36448439955711365 0.11753660440444946 0.3826582729816437
0.02066996693611145 0.2844233512878418 0.041369710117578506 0.29933029413223267
0.1599939614534378 0.31858569383621216 0.25619882345199585 0.36709707975387573
0.08796964585781097 0.2735133767127991 0.16036289930343628 0.30344003438949585
0.027808625251054764 0.2836502194404602 0.04680577293038368 0.29899275302886963
0.11651255190372467 0.32555168867111206 0.16061975061893463 0.35716378688812256
