0.6426675319671631 0.1944333016872406 0.9156098365783691 0.31377026438713074
0.12928526103496552 0.22279223799705505 0.18827103078365326 0.2554791271686554
0.28502678871154785 0.44410040974617004 0.3765523433685303 0.48712465167045593
0.08908151090145111 0.28342899680137634 0.12959441542625427 0.3090658485889435
0.4202081561088562 0.4590146243572235 0.5605394840240479 0.5172303318977356
0.09132574498653412 0.32071033120155334 0.12750789523124695 0.3440128266811371
0.6519710421562195 0.4455792009830475 0.8973832726478577 0.5303024649620056
0.15690365433692932 0.3257223963737488 0.22625339031219482 0.36017906665802
0.2550883889198303 0.3035217225551605 0.44640153646469116 0.3698810636997223
0.13383181393146515 0.3936900198459625 0.19514410197734833 0.4279477894306183
0.2828916609287262 0.2319922000169754 0.4148670732975006 0.29675084352493286
0.1651783287525177 0.4096694886684418 0.2508501708507538 0.45427319407463074
0.24351727962493896 0.30134791135787964 0.44589048624038696 0.3724623918533325
0.1077108159661293 0.3784160614013672 0.14886638522148132 0.40874236822128296
0.15136876702308655 0.17635053396224976 0.19887420535087585 0.18828439712524414
0.046867333352565765 0.3169839382171631 0.08633530884981155 0.3360708951950073
0.128799706697464 0.27102625370025635 0.21822822093963623 0.30673861503601074
0.6439363956451416 0.1948862224817276 0.9156585931777954 0.3130890429019928
0.12951283156871796 0.2714572548866272 0.21865402162075043 0.3059932589530945
0.060100723057985306 0.35988476872444153 0.09443862736225128 0.3846736252307892
0.032492224127054214 0.27687227725982666 0.06383997201919556 0.2994192838668823
0.016123712062835693 0.016420096158981323 0.926577627658844 0.8712849617004395
0.06321098655462265 0.3609941005706787 0.1090867891907692 0.38736069202423096
0.08314511179924011 0.36302247643470764 0.11853082478046417 0.38642439246177673
0.2823854684829712 0.23099836707115173 0.4156760573387146 0.2975357472896576
0.1195087879896164 0.18516823649406433 0.154276505112648 0.19313472509384155
0.16556936502456665 0.4095230996608734 0.24935638904571533 0.4542793333530426
0.2823854684829712 0.23099836707115173 0.4156760573387146 0.2975357472896576
0.28427422046661377 0.443789005279541 0.37641143798828125 0.48681432008743286
0.26627400517463684 0.3039169907569885 0.4466535151004791 0.36968880891799927
0.004756182432174683 0.1502571403980255 0.4104296565055847 0.49214664101600647
0.14766035974025726 0.1586945354938507 0.18550901114940643 0.16729295253753662
0.028276721015572548 0.3152948319911957 0.04615016281604767 0.33063367009162903
0.07080726325511932 0.28534993529319763 0.09259167313575745 0.30375412106513977
0.011651188135147095 0.31357961893081665 0.03058108314871788 0.3291342258453369
