0.46388673782348633 0.45932093262672424 0.6245064735412598 0.5248012542724609
0.4600253701210022 0.1266215592622757 0.6940521597862244 0.24470959603786469
0.44860345125198364 0.2617092728614807 0.6363541483879089 0.3493283987045288
0.11619701236486435 0.2807885706424713 0.16390398144721985 0.3103594481945038
0.13026568293571472 0.22291940450668335 0.18766936659812927 0.2557211220264435
0.6615027189254761 0.4457958936691284 0.9094889163970947 0.530945360660553
0.3310037851333618 0.45093902945518494 0.43635034561157227 0.4983381927013397
0.11688774824142456 0.3231532871723175 0.1566062867641449 0.34887346625328064
0.20897838473320007 0.3198428452014923 0.2985778748989105 0.3624403774738312
0.3473154902458191 0.263435959815979 0.6235047578811646 0.35884326696395874
0.08509255945682526 0.3650117516517639 0.12096251547336578 0.3891304135322571
0.11969587951898575 0.383014440536499 0.16662389039993286 0.41131067276000977
0.08588676154613495 0.2847972512245178 0.11686892807483673 0.3071175217628479
0.06062038987874985 0.35955774784088135 0.09400514513254166 0.3837701678276062
0.18844516575336456 0.41942617297172546 0.2813093364238739 0.4682581126689911
0.06356972455978394 0.3195778429508209 0.10531111061573029 0.34065476059913635
0.04897809028625488 0.2816144824028015 0.08185358345508575 0.3035320043563843
0.14660510420799255 0.17817454040050507 0.19296467304229736 0.18957318365573883
0.14693133533000946 0.4009994864463806 0.21731503307819366 0.43743962049484253
0.037584614008665085 0.3168816864490509 0.06424176692962646 0.33479276299476624
0.18844516575336456 0.41942617297172546 0.2813093364238739 0.4682581126689911
0.008932232856750488 0.07784134149551392 0.8457981944084167 0.8861695528030396
0.12829375267028809 0.20843537151813507 0.19258493185043335 0.2575678527355194
0.18313463032245636 0.25619375705718994 0.29311734437942505 0.30012398958206177
0.01857946068048477 0.31461238861083984 0.03880869224667549 0.3306811451911926
0.14743608236312866 0.4004693627357483 0.2163417637348175 0.4370102882385254
0.13927370309829712 0.15904535353183746 0.17880940437316895 0.16869135200977325
0.4600253701210022 0.1266215592622757 0.6940521597862244 0.24470959603786469
0.18313463032245636 0.25619375705718994 0.29311734437942505 0.30012398958206177
0.3303995728492737 0.451154887676239 0.43619799613952637 0.4983406662940979
0.45931053161621094 0.1258152723312378 0.6941838264465332 0.24479874968528748
0.06608086824417114 0.36041393876075745 0.10937468707561493 0.38735267519950867
0.20897838473320007 0.3198428452014923 0.2985778748989105 0.3624403774738312
