0.21560554206371307 0.26034432649612427 0.28732502460479736 0.3005695939064026
0.4222015142440796 0.16535350680351257 0.5679177045822144 0.24887394905090332
0.3541630506515503 0.44696685671806335 0.4619876742362976 0.4993632137775421
0.42886868119239807 0.288709819316864 0.5800344347953796 0.35766851902008057
0.13462325930595398 0.20797675848007202 0.1875438690185547 0.25621315836906433
0.24247699975967407 0.4220522940158844 0.3162357211112976 0.466470330953598
0.20644140243530273 0.3322513997554779 0.28062132000923157 0.36718031764030457
0.08950456976890564 0.2790953516960144 0.13371066749095917 0.3038390874862671
0.18252761662006378 0.40467187762260437 0.24485893547534943 0.4412171542644501
0.005530118942260742 0.03354567289352417 0.902358889579773 0.9012600183486938
0.09914100170135498 0.374119371175766 0.1355644017457962 0.39871254563331604
0.11144598573446274 0.382546991109848 0.1465340256690979 0.41011103987693787
0.03911649435758591 0.3145191967487335 0.06839483976364136 0.33191534876823425
0.1283644437789917 0.3919481039047241 0.19197610020637512 0.4309704303741455
0.05892140790820122 0.35934534668922424 0.09237566590309143 0.38306424021720886
0.07626679539680481 0.32020172476768494 0.17934450507164001 0.3570304811000824
0.035908494144678116 0.2799478769302368 0.08062928915023804 0.30016446113586426
0.07402332872152328 0.20601432025432587 0.1107383593916893 0.21457715332508087
0.021941551938652992 0.2818622589111328 0.05359639227390289 0.30093592405319214
0.12858189642429352 0.39240190386772156 0.1924518495798111 0.4307820498943329
0.13988885283470154 0.22446198761463165 0.18686270713806152 0.2553826868534088
0.08821609616279602 0.3664545714855194 0.1183822751045227 0.39358386397361755
0.426544189453125 0.16460897028446198 0.5682219862937927 0.24835161864757538
0.11484687775373459 0.32341626286506653 0.18093088269233704 0.35808947682380676
0.1824522614479065 0.4047428369522095 0.24496245384216309 0.44076937437057495
0.008891895413398743 0.13965149223804474 0.3451097011566162 0.4836263656616211
0.07626679539680481 0.32020172476768494 0.17934450507164001 0.3570304811000824
0.09193003177642822 0.3707815706729889 0.12645424902439117 0.3969736397266388
0.24247699975967407 0.4220522940158844 0.3162357211112976 0.466470330953598
