0.48240843415260315 0.24087119102478027 0.7050546407699585 0.33526045083999634
0.16980411112308502 0.271300345659256 0.2268928736448288 0.30437520146369934
0.09947799891233444 0.27543574571609497 0.13996876776218414 0.30109119415283203
0.13064700365066528 0.2066284567117691 0.18791481852531433 0.2567980885505676
0.2485448122024536 0.32618728280067444 0.33356916904449463 0.3666122853755951
0.3297010064125061 0.4490065574645996 0.5211138725280762 0.524981677532196
0.042845532298088074 0.2860192358493805 0.08456569910049438 0.310659795999527
0.3297010064125061 0.4490065574645996 0.5211138725280762 0.524981677532196
0.2745276093482971 0.4318370521068573 0.35956722497940063 0.47901102900505066
0.13831287622451782 0.33188506960868835 0.19380837678909302 0.36079171299934387
0.21683664619922638 0.4160324037075043 0.28696733713150024 0.45422592759132385
0.08659401535987854 0.36976248025894165 0.12443815171718597 0.39255648851394653
0.024195615202188492 0.31466591358184814 0.04522131010890007 0.3354768753051758
0.04184316471219063 0.3132694959640503 0.13175036013126373 0.34838545322418213
0.19281812012195587 0.15887518227100372 0.24755309522151947 0.17369534075260162
0.10308746993541718 0.3811739385128021 0.1431550532579422 0.40612027049064636
0.15530160069465637 0.16739878058433533 0.19675976037979126 0.17798969149589539
0.11930041015148163 0.38783323764801025 0.1811012476682663 0.42546236515045166
0.09649278223514557 0.37357190251350403 0.12613551318645477 0.3987104594707489
0.9173144698143005 0.0004334505647420883 1.0 0.04580535739660263
0.3297010064125061 0.4490065574645996 0.5211138725280762 0.524981677532196
0.04083149507641792 0.3139267563819885 0.13177233934402466 0.34805095195770264
0.17239265143871307 0.40344616770744324 0.2361207753419876 0.4382757246494293
0.11939463019371033 0.3877462148666382 0.18163293600082397 0.42544442415237427
0.008116155862808228 0.022053807973861694 0.9305589199066162 0.8935197591781616
0.24887965619564056 0.32649606466293335 0.30317968130111694 0.36288630962371826
0.17310819029808044 0.40277522802352905 0.23624077439308167 0.43774735927581787
0.1865706443786621 0.14197462797164917 0.2324419915676117 0.15517500042915344
0.09092314541339874 0.2077447474002838 0.12331399321556091 0.21531686186790466
0.07230536639690399 0.35911211371421814 0.10574430227279663 0.38257792592048645
0.022830301895737648 0.27853551506996155 0.057325638830661774 0.30323418974876404
0.052066631615161896 0.35686594247817993 0.08463703840970993 0.3797791600227356
0.2745276093482971 0.4318370521068573 0.35956722497940063 0.47901102900505066
0.004683315753936768 0.15876711905002594 0.3702618479728699 0.5007854104042053
