0.46571922302246094 0.4592266082763672 0.6245253086090088 0.5248702168464661
0.45509469509124756 0.2589198648929596 0.6573506593704224 0.3469281494617462
0.11944027990102768 0.2809639573097229 0.16697043180465698 0.31064289808273315
0.13077445328235626 0.22294498980045319 0.18772061169147491 0.25539299845695496
0.33565443754196167 0.45160967111587524 0.44012147188186646 0.49863141775131226
0.6621782779693604 0.4460281431674957 0.9093648195266724 0.5310292840003967
0.11725368350744247 0.3230791687965393 0.15908128023147583 0.34919852018356323
0.47476595640182495 0.11247405409812927 0.7246773838996887 0.23670020699501038
0.08792229741811752 0.2841578722000122 0.11988750845193863 0.30773621797561646
0.21266749501228333 0.320309579372406 0.30350008606910706 0.36169153451919556
0.12104923278093338 0.3837977349758148 0.1675247699022293 0.4131944477558136
0.14929047226905823 0.4006546139717102 0.2187761664390564 0.43794137239456177
0.1894504725933075 0.4196602404117584 0.2838677167892456 0.4691394865512848
0.3250567317008972 0.2605089545249939 0.6075088977813721 0.3635319471359253
0.06050392985343933 0.3595926761627197 0.0945470929145813 0.383907675743103
0.08589086681604385 0.36526304483413696 0.12123150378465652 0.389376163482666
0.06220030412077904 0.3196846842765808 0.10729275643825531 0.3410951495170593
0.049996133893728256 0.28153562545776367 0.08325783908367157 0.3033323884010315
0.47476595640182495 0.11247405409812927 0.7246773838996887 0.23670020699501038
0.19147749245166779 0.25449338555336 0.3024935722351074 0.30031296610832214
0.1894504725933075 0.4196602404117584 0.2838677167892456 0.4691394865512848
0.1460493803024292 0.17835450172424316 0.193319171667099 0.18957242369651794
0.12914839386940002 0.20787763595581055 0.19237357378005981 0.2570965886116028
0.039112117141485214 0.3172909915447235 0.06550516188144684 0.33454182744026184
0.017522357404232025 0.31458741426467896 0.039713453501462936 0.33078819513320923
0.011999547481536865 0.08433446288108826 0.7966039180755615 0.8576464653015137
0.13873250782489777 0.15954403579235077 0.17831982672214508 0.16892214119434357
0.19007940590381622 0.25387340784072876 0.30131566524505615 0.29959893226623535
0.21266749501228333 0.320309579372406 0.30350008606910706 0.36169153451919556
0.06461168825626373 0.3602023422718048 0.10720670223236084 0.3870731294155121
0.33565443754196167 0.45160967111587524 0.44012147188186646 0.49863141775131226
