0.13465237617492676 0.28011298179626465 0.18520233035087585 0.3112596273422241
0.1311248242855072 0.2229045182466507 0.1874745786190033 0.2551744282245636
0.6310320496559143 0.0006299838423728943 0.9984871745109558 0.177485853433609
0.34862664341926575 0.45288360118865967 0.45860525965690613 0.5012679696083069
0.4545639455318451 0.8591094613075256 0.5938912630081177 0.9733949303627014
0.4751599133014679 0.4599713087081909 0.6372309327125549 0.5262170433998108
0.22190073132514954 0.24041534960269928 0.35645291209220886 0.2969062924385071
0.12928280234336853 0.32379990816116333 0.1745973825454712 0.35204261541366577
0.24669846892356873 0.31446218490600586 0.3438107669353485 0.36292606592178345
0.6623460650444031 0.4456512928009033 0.9092250466346741 0.5315029621124268
0.3839792013168335 0.21413880586624146 0.799958348274231 0.35147881507873535
0.09837298095226288 0.28421732783317566 0.13287502527236938 0.30799368023872375
0.1278347223997116 0.38603389263153076 0.17549319565296173 0.41363346576690674
0.06013878062367439 0.3595704734325409 0.09650081396102905 0.3836980164051056
0.08941486477851868 0.3662877678871155 0.12308527529239655 0.3904401659965515
0.07512952387332916 0.32161420583724976 0.11687062680721283 0.34299129247665405
0.19926542043685913 0.42371252179145813 0.2979823648929596 0.4759935438632965
0.3839792013168335 0.21413880586624146 0.799958348274231 0.35147881507873535
0.057835884392261505 0.28070107102394104 0.09276463836431503 0.30346670746803284
0.04426669329404831 0.3174766004085541 0.07375036180019379 0.3356613218784332
0.009242653846740723 0.041764795780181885 0.8945155739784241 0.8968434929847717
0.20039619505405426 0.42397746443748474 0.2974949777126312 0.47590771317481995
0.15732479095458984 0.4047044515609741 0.22918608784675598 0.4424939751625061
0.14447873830795288 0.17919442057609558 0.1886906623840332 0.1909554898738861
0.017776336520910263 0.3142271339893341 0.046710316091775894 0.33363762497901917
0.1346769779920578 0.16046635806560516 0.17419324815273285 0.16984061896800995
0.15732479095458984 0.4047044515609741 0.22918608784675598 0.4424939751625061
0.22190073132514954 0.24041534960269928 0.35645291209220886 0.2969062924385071
0.11248244345188141 0.18747276067733765 0.14650754630565643 0.19582554697990417
0.6310320496559143 0.0006299838423728943 0.9984871745109558 0.177485853433609
0.1298123300075531 0.2480243444442749 0.17156028747558594 0.2632110118865967
