0.5165072083473206 0.08861876279115677 0.7230276465415955 0.20598161220550537
0.24879123270511627 0.24447594583034515 0.32768914103507996 0.29053038358688354
0.1303781121969223 0.2068350464105606 0.18903596699237823 0.25615745782852173
0.5063393115997314 0.4734315872192383 0.6999063491821289 0.5471029281616211
0.2682225704193115 0.3159773051738739 0.37560057640075684 0.36545488238334656
0.47857943177223206 0.26904624700546265 0.6804569959640503 0.3536871075630188
0.08111050724983215 0.27858981490135193 0.1155078262090683 0.30164822936058044
0.8864428997039795 0.1362542062997818 0.9983344078063965 0.2583080232143402
0.16672340035438538 0.328568696975708 0.22791936993598938 0.36171889305114746
0.21198822557926178 0.4126215875148773 0.27604883909225464 0.4503767788410187
0.10749202221632004 0.32929688692092896 0.1478784829378128 0.35384613275527954
0.2748711109161377 0.44162634015083313 0.4356284737586975 0.5105201601982117
0.10722893476486206 0.3832823634147644 0.16647931933403015 0.4175652265548706
0.27704936265945435 0.44184067845344543 0.43668854236602783 0.5100728273391724
0.26059216260910034 0.4286127984523773 0.3269774317741394 0.46145859360694885
0.09206417202949524 0.37569519877433777 0.11968128383159637 0.40082213282585144
0.0119495689868927 0.06724333763122559 0.8096643686294556 0.870183527469635
0.04433587193489075 0.28077250719070435 0.07203594595193863 0.3010936975479126
0.21703116595745087 0.1505247801542282 0.2712407112121582 0.16641761362552643
0.47857943177223206 0.26904624700546265 0.6804569959640503 0.3536871075630188
0.0768217220902443 0.36589691042900085 0.11122361570596695 0.3876168429851532
0.27464401721954346 0.4413957893848419 0.437691867351532 0.5107698440551758
0.24702467024326324 0.253562331199646 0.30994656682014465 0.29282402992248535
0.010848835110664368 0.11282390356063843 0.375621497631073 0.4988316297531128
0.03642025962471962 0.35082104802131653 0.06659084558486938 0.37292787432670593
0.03162330761551857 0.3115198612213135 0.10375058650970459 0.34357380867004395
0.1719708889722824 0.15932787954807281 0.21657289564609528 0.172172412276268
0.16282731294631958 0.3992750942707062 0.2231827974319458 0.43233367800712585
0.16391952335834503 0.3994068503379822 0.22433693706989288 0.4322352409362793
0.031197786331176758 0.3109525740146637 0.10429386794567108 0.34318098425865173
0.5106110572814941 0.47441762685775757 0.7028658390045166 0.5472760796546936
0.20888751745224 0.13228483498096466 0.2520252764225006 0.14244772493839264
0.060643285512924194 0.35647836327552795 0.09135064482688904 0.3807567059993744
0.2327030450105667 0.4177528917789459 0.27646076679229736 0.44939425587654114
0.012611716985702515 0.10002151131629944 0.5677506923675537 0.5703076124191284
0.2588275074958801 0.4284752607345581 0.3364189863204956 0.4650169014930725
0.10722893476486206 0.3832823634147644 0.16647931933403015 0.4175652265548706
0.06576766073703766 0.3608173429965973 0.09473806619644165 0.38454172015190125
