0.546705961227417 0.45940548181533813 0.7343497276306152 0.5340559482574463
0.375590443611145 0.45494183897972107 0.4998130798339844 0.507793128490448
0.1392969936132431 0.3253980875015259 0.19209881126880646 0.3559086322784424
0.2407759428024292 0.3216688632965088 0.31552350521087646 0.36113494634628296
0.4514754116535187 0.2583038806915283 0.6475510597229004 0.34054017066955566
0.13037464022636414 0.22141531109809875 0.18735265731811523 0.2564929127693176
0.04576145112514496 0.352940171957016 0.08230854570865631 0.3735727369785309
0.15041802823543549 0.3904202878475189 0.20572711527347565 0.4260146915912628
0.18916040658950806 0.4098151922225952 0.25347933173179626 0.4473840594291687
0.009140703827142715 0.3079911470413208 0.043573830276727676 0.3297889232635498
0.11807649582624435 0.3816695809364319 0.16854172945022583 0.4115651249885559
0.2275146245956421 0.4312007427215576 0.32212746143341064 0.4746672511100769
0.013348817825317383 0.052549660205841064 0.8283014297485352 0.8543692231178284
0.39875102043151855 0.14406821131706238 0.5914230942726135 0.2415776550769806
0.3994409739971161 0.14541499316692352 0.5899558067321777 0.24178968369960785
0.020249538123607635 0.341289758682251 0.052216678857803345 0.3618253469467163
0.2709602415561676 0.4449288249015808 0.38089504837989807 0.5003150105476379
0.2709602415561676 0.4449288249015808 0.38089504837989807 0.5003150105476379
0.2275146245956421 0.4312007427215576 0.32212746143341064 0.4746672511100769
0.4514754116535187 0.2583038806915283 0.6475510597229004 0.34054017066955566
0.13084889948368073 0.24884946644306183 0.17483900487422943 0.2633833885192871
0.18993501365184784 0.40940237045288086 0.25364211201667786 0.44919246435165405
0.006279414519667625 0.3344612121582031 0.03106481395661831 0.3523421883583069
0.021448791027069092 0.17891182005405426 0.4604865610599518 0.5118275880813599
