0.64905846118927 0.0 0.9994491338729858 0.1413446068763733
0.3204534351825714 0.3073389232158661 0.4187765419483185 0.3595993220806122
0.18225876986980438 0.3240037262439728 0.24570323526859283 0.3589945137500763
0.13101355731487274 0.214122474193573 0.1878729611635208 0.25865015387535095
0.3869273066520691 0.45574161410331726 0.5147836208343506 0.5093575716018677
0.7212470769882202 0.12689314782619476 1.0 0.2829146385192871
0.1891990303993225 0.41028979420661926 0.2533515393733978 0.45073744654655457
0.27217474579811096 0.44379863142967224 0.3869401514530182 0.501574695110321
0.05783700942993164 0.3576522469520569 0.096952885389328 0.37897664308547974
0.15394780039787292 0.3933984637260437 0.21305173635482788 0.4304078221321106
0.02718367613852024 0.3443622291088104 0.06220244616270065 0.36460110545158386
0.22859156131744385 0.4317530393600464 0.3239114284515381 0.4775298833847046
0.12484753131866455 0.38422897458076477 0.1738024652004242 0.4130761921405792
0.10819156467914581 0.19350019097328186 0.1492057591676712 0.20314142107963562
0.25853946805000305 0.439896821975708 0.3636496961116791 0.49288350343704224
0.007538646459579468 0.06032001972198486 0.9427025318145752 0.8875998258590698
0.6758617162704468 0.45175057649612427 0.9446917772293091 0.5420756340026855
0.269040048122406 0.4445825219154358 0.3863610029220581 0.5012230277061462
0.64905846118927 0.0 0.9994491338729858 0.1413446068763733
0.7233017683029175 0.13160690665245056 1.0 0.2814679443836212
0.010166943073272705 0.3348836302757263 0.04153821989893913 0.35756802558898926
0.2290014922618866 0.431257039308548 0.32328811287879944 0.47703275084495544
0.7212249636650085 0.12956076860427856 0.9982175230979919 0.2825948894023895
0.00980456918478012 0.3081134557723999 0.05333111435174942 0.3322160243988037
0.1270800232887268 0.22589993476867676 0.18215402960777283 0.261445552110672
0.005825715139508247 0.308811217546463 0.053237855434417725 0.33235427737236023
0.13178810477256775 0.24815452098846436 0.17446038126945496 0.26341432332992554
0.04828847199678421 0.21977351605892181 0.07099194824695587 0.22677482664585114
