0.4534927308559418 0.13810425996780396 0.6071599721908569 0.23098880052566528
0.35137423872947693 0.2939935624599457 0.49601736664772034 0.3584234416484833
0.12367601692676544 0.2760927379131317 0.16564767062664032 0.3024802505970001
0.13183125853538513 0.20727168023586273 0.18931666016578674 0.2562921345233917
0.20483776926994324 0.32811659574508667 0.27791956067085266 0.36517173051834106
0.12176424264907837 0.3302367329597473 0.17016440629959106 0.3574450612068176
0.2965102791786194 0.4469844400882721 0.46807628870010376 0.5133906602859497
0.20284229516983032 0.1550023853778839 0.25928014516830444 0.17132070660591125
0.21611978113651276 0.41469356417655945 0.2840863764286041 0.4518531262874603
0.07151633501052856 0.2788812816143036 0.1039295345544815 0.3006177842617035
0.08336721360683441 0.3680439293384552 0.11949662864208221 0.39164629578590393
0.16033127903938293 0.16328056156635284 0.20549985766410828 0.17529158294200897
0.03412780538201332 0.29830607771873474 0.07186661660671234 0.3190440833568573
0.7515285611152649 0.1520690768957138 0.9986103177070618 0.304032564163208
0.2959825396537781 0.4462410807609558 0.4675712585449219 0.513624370098114
0.6772584319114685 0.4659959375858307 0.9885054230690002 0.55930495262146
0.11467516422271729 0.3854641318321228 0.17667847871780396 0.42151719331741333
0.16822588443756104 0.4026128649711609 0.2311384379863739 0.4356526732444763
0.26608723402023315 0.4298074245452881 0.34593552350997925 0.46725600957870483
0.048282723873853683 0.355277955532074 0.08043034374713898 0.37639105319976807
0.19028063118457794 0.13506023585796356 0.24103708565235138 0.1489824503660202
0.16822588443756104 0.4026128649711609 0.2311384379863739 0.4356526732444763
0.0030292868614196777 0.03999483585357666 0.9266481995582581 0.8474859595298767
0.03682895377278328 0.3130868077278137 0.12134812772274017 0.34455406665802
0.293102502822876 0.44684499502182007 0.46599286794662476 0.5141029357910156
0.09986026585102081 0.38004380464553833 0.1296253651380539 0.4047245979309082
0.008583024144172668 0.12742803990840912 0.3673607110977173 0.48434269428253174
0.036998990923166275 0.3132440745830536 0.11844450235366821 0.3448217213153839
0.06908515095710754 0.3592209815979004 0.10175544023513794 0.3840309977531433
0.20627641677856445 0.33034399151802063 0.2417568564414978 0.35875967144966125
0.11425694823265076 0.38608768582344055 0.1776433289051056 0.42171719670295715
0.26508986949920654 0.42958739399909973 0.34828436374664307 0.4671330749988556
0.07657132297754288 0.36337894201278687 0.10837113112211227 0.39048832654953003
0.7515285611152649 0.1520690768957138 0.9986103177070618 0.304032564163208
0.26735368371009827 0.4305357038974762 0.3483256995677948 0.4685170352458954
0.3525131046772003 0.2944408655166626 0.49709412455558777 0.36064988374710083
0.7520864605903625 0.15273132920265198 0.9981099963188171 0.3039843440055847
0.01749383471906185 0.3042151927947998 0.03913994878530502 0.32916373014450073
0.7529153227806091 0.14823028445243835 0.9988245368003845 0.30725201964378357
