0.26113593578338623 0.6312976479530334 0.29982584714889526 0.6899295449256897
0.41683292388916016 0.49951890110969543 0.5023791193962097 0.6192313432693481
0.33042970299720764 0.6640493869781494 0.38661327958106995 0.7418893575668335
0.23948627710342407 0.6143629550933838 0.27370524406433105 0.6682522296905518
0.16019609570503235 0.5702112913131714 0.1874380111694336 0.6074004173278809
0.22579237818717957 0.6079491972923279 0.2622604966163635 0.6604954600334167
0.1638144552707672 0.5472743511199951 0.18959999084472656 0.5683225393295288
0.15414972603321075 0.5667136311531067 0.18211640417575836 0.5990362763404846
0.3480098247528076 0.5801538825035095 0.402502179145813 0.5978620648384094
0.15047375857830048 0.5655118823051453 0.17585675418376923 0.5943149924278259
0.3296970725059509 0.5530815124511719 0.3809741735458374 0.5729821920394897
0.2563173472881317 0.6271507143974304 0.29106876254081726 0.680661141872406
