0.2076849639415741 0.26410067081451416 0.27969664335250854 0.3027667999267578
0.12353567034006119 0.2745519280433655 0.16825246810913086 0.3007866144180298
0.28986841440200806 0.434940904378891 0.3742977976799011 0.48414382338523865
0.21997438371181488 0.41512298583984375 0.2910148799419403 0.45709991455078125
0.13069994747638702 0.2200482189655304 0.18732811510562897 0.2550320625305176
0.36142411828041077 0.4542056620121002 0.5862219333648682 0.5308210253715515
0.6290799975395203 0.17166510224342346 0.9504777789115906 0.30447301268577576
0.05683843418955803 0.2825567126274109 0.09505942463874817 0.30614155530929565
0.6313732266426086 0.17172586917877197 0.9558334946632385 0.3065142035484314
0.15408067405223846 0.33250346779823303 0.21125374734401703 0.36279359459877014
0.2837258577346802 0.32470569014549255 0.3365853428840637 0.3651787340641022
0.28557902574539185 0.32203519344329834 0.3777836561203003 0.36566436290740967
0.08839090913534164 0.37095287442207336 0.12974123656749725 0.3940827548503876
0.18902742862701416 0.1617022454738617 0.24187889695167542 0.17514446377754211
0.028268933296203613 0.3129828870296478 0.05227574706077576 0.335214227437973
0.007904917001724243 0.028109759092330933 0.8942593336105347 0.8474900722503662
0.10588079690933228 0.3828509747982025 0.143098384141922 0.40778592228889465
0.1762031465768814 0.4031226336956024 0.2386464625597 0.4386653006076813
0.36142411828041077 0.4542056620121002 0.5862219333648682 0.5308210253715515
0.12271278351545334 0.3901693522930145 0.1857711672782898 0.4271797239780426
0.05127565562725067 0.31484517455101013 0.13497377932071686 0.3501412570476532
0.15142317116260529 0.1677064597606659 0.18848763406276703 0.17827743291854858
0.1832648068666458 0.14506784081459045 0.2268037050962448 0.15579891204833984
0.13245441019535065 0.20363359153270721 0.19564040005207062 0.25538623332977295
0.10228662192821503 0.37993142008781433 0.13228203356266022 0.40759530663490295
0.009121492505073547 0.12477250397205353 0.3484193682670593 0.48640257120132446
0.176944300532341 0.40339386463165283 0.2386448234319687 0.4381260871887207
0.05467406287789345 0.35763710737228394 0.09016869962215424 0.38341182470321655
0.12251323461532593 0.38934218883514404 0.18608367443084717 0.42719489336013794
0.010277802124619484 0.2831878662109375 0.04464937001466751 0.3003666400909424
0.36142411828041077 0.4542056620121002 0.5862219333648682 0.5308210253715515
0.05035685375332832 0.3149693012237549 0.14024566113948822 0.3493664264678955
0.028135910630226135 0.26797881722450256 0.06421872973442078 0.28609707951545715
0.003277844749391079 0.3057735562324524 0.03271486237645149 0.3243716359138489
0.07315943390130997 0.35983866453170776 0.10904135555028915 0.38293135166168213
0.08304693549871445 0.36619824171066284 0.11654534190893173 0.39196133613586426
0.29029378294944763 0.43502578139305115 0.37397345900535583 0.48411914706230164
