0.3156629204750061 0.22535991668701172 0.4275318384170532 0.28799885511398315
0.5446469783782959 0.7999105453491211 0.7497755289077759 0.9207725524902344
0.37486350536346436 0.4551369845867157 0.4932125210762024 0.5057247281074524
0.1307116597890854 0.22360973060131073 0.18684573471546173 0.25451865792274475
0.2604694366455078 0.3200341463088989 0.3394958972930908 0.36215972900390625
0.204480841755867 0.2681981921195984 0.2677634060382843 0.3035564422607422
0.12356460094451904 0.2766838073730469 0.18327823281288147 0.30570709705352783
0.6636891961097717 0.4467026889324188 0.9107746481895447 0.5292230844497681
0.09452997148036957 0.3234359622001648 0.13294105231761932 0.3484082818031311
0.4789973199367523 0.46151354908943176 0.6401689052581787 0.5234677195549011
0.05273691192269325 0.31846049427986145 0.08606088161468506 0.34109529852867126
0.11087975651025772 0.37510085105895996 0.15868094563484192 0.4043002724647522
0.16936606168746948 0.40192222595214844 0.2316024899482727 0.4377915859222412
0.1478438824415207 0.3286781311035156 0.2136998027563095 0.35923880338668823
0.7057427167892456 0.10773677378892899 0.9997400045394897 0.2749028205871582
0.25751107931137085 0.4393312931060791 0.3698629140853882 0.4956750273704529
0.07325088232755661 0.3646884262561798 0.11277396231889725 0.3880693018436432
0.008601933717727661 0.025106370449066162 0.947190523147583 0.9176965355873108
0.20979364216327667 0.42452430725097656 0.2956796884536743 0.47108495235443115
0.1297130584716797 0.24871402978897095 0.1728205680847168 0.26319724321365356
0.2593296766281128 0.43917223811149597 0.3698502779006958 0.4960934817790985
0.0073807258158922195 0.33800429105758667 0.03694979101419449 0.3568574786186218
0.12993766367435455 0.1862735152244568 0.17336608469486237 0.19681525230407715
0.20822234451770782 0.42440545558929443 0.2957727909088135 0.4707174301147461
0.7050604224205017 0.10622120648622513 1.0 0.279300719499588
0.4806342124938965 0.46125054359436035 0.6400948762893677 0.5260791778564453
0.23417198657989502 0.4319246709346771 0.32739537954330444 0.48509886860847473
0.07361482083797455 0.36500340700149536 0.11251826584339142 0.38764631748199463
0.11094312369823456 0.37507373094558716 0.1584533303976059 0.4045564532279968
0.4806342124938965 0.46125054359436035 0.6400948762893677 0.5260791778564453
0.005253821611404419 0.18395084142684937 0.3973410427570343 0.50660240650177
0.6620520353317261 0.4463684558868408 0.909717321395874 0.5311126708984375
0.14739106595516205 0.32880064845085144 0.21336568892002106 0.35921427607536316
