0.7050330638885498 0.12854225933551788 0.9986720085144043 0.28840768337249756
0.226676344871521 0.2591528296470642 0.30094027519226074 0.3010309934616089
0.2958733141422272 0.438688725233078 0.3846423923969269 0.48590365052223206
0.1316348910331726 0.2726002037525177 0.1795060634613037 0.30123117566108704
0.13116727769374847 0.21994705498218536 0.18772469460964203 0.2551362216472626
0.22108298540115356 0.41606831550598145 0.2916739583015442 0.45702844858169556
0.062450774013996124 0.2825319170951843 0.09803133457899094 0.304301917552948
0.2973564565181732 0.32034793496131897 0.3944436013698578 0.3663136661052704
0.38916605710983276 0.4563016891479492 0.6089400053024292 0.5335241556167603
0.18805332481861115 0.16249115765094757 0.24294321238994598 0.1765902191400528
0.10532485693693161 0.38275235891342163 0.13832005858421326 0.40833884477615356
0.15802764892578125 0.33249425888061523 0.21758413314819336 0.36371880769729614
0.3877476453781128 0.4567687213420868 0.6155840158462524 0.5346189141273499
0.006190985441207886 0.01729223132133484 0.8920648097991943 0.8787477016448975
0.09287221729755402 0.37236979603767395 0.1309586465358734 0.3964121639728546
0.029492774978280067 0.31412485241889954 0.054296448826789856 0.3344360291957855
0.12333787232637405 0.3891172409057617 0.18533842265605927 0.4276665449142456
0.15183089673519135 0.16844524443149567 0.18713246285915375 0.1781534105539322
0.1779007613658905 0.4039594233036041 0.23877012729644775 0.4396912753582001
0.3877476453781128 0.4567687213420868 0.6155840158462524 0.5346189141273499
0.12329832464456558 0.38893190026283264 0.1858256459236145 0.42774030566215515
0.06057571619749069 0.3176221251487732 0.14618626236915588 0.35034680366516113
0.17711400985717773 0.40372809767723083 0.238155335187912 0.44087323546409607
0.05551628768444061 0.3577277958393097 0.08852139115333557 0.3831985294818878
0.011955991387367249 0.13015367090702057 0.3624984622001648 0.4894222021102905
0.10027933865785599 0.3755128085613251 0.1330769807100296 0.40311554074287415
0.003899366594851017 0.30593499541282654 0.0347917415201664 0.3239404857158661
0.18459206819534302 0.1471518725156784 0.22666311264038086 0.1562565118074417
0.132689967751503 0.20319588482379913 0.19514964520931244 0.25500157475471497
0.012738239020109177 0.28251463174819946 0.04617958888411522 0.30002301931381226
0.07503823190927505 0.36018189787864685 0.11014167219400406 0.3833164870738983
0.0550105907022953 0.3159869909286499 0.14420785009860992 0.3504588007926941
0.2958733141422272 0.438688725233078 0.3846423923969269 0.48590365052223206
0.2955833375453949 0.32348063588142395 0.36059752106666565 0.3660219609737396
0.15802764892578125 0.33249425888061523 0.21758413314819336 0.36371880769729614
0.08123790472745895 0.365264892578125 0.11422664672136307 0.3901970386505127
