0.4930797219276428 0.26236850023269653 0.6721531748771667 0.34509050846099854
0.6092798113822937 0.44495946168899536 0.8429815173149109 0.5282802581787109
0.12855488061904907 0.22295963764190674 0.18733054399490356 0.25508078932762146
0.4003255069255829 0.45688384771347046 0.503751277923584 0.5101235508918762
0.2549055814743042 0.4346869885921478 0.3387453556060791 0.4772365391254425
0.22255855798721313 0.25668323040008545 0.3305412530899048 0.304535448551178
0.07435644418001175 0.28342965245246887 0.11119673401117325 0.3074425756931305
0.38216862082481384 0.45753878355026245 0.44287994503974915 0.5012395977973938
0.07837269455194473 0.31973832845687866 0.11217094212770462 0.34110963344573975
0.04019761085510254 0.3155199885368347 0.07655224204063416 0.33443784713745117
0.06043821945786476 0.3596484363079071 0.0948551595211029 0.38525745272636414
0.1251852959394455 0.3897276222705841 0.18335430324077606 0.42153051495552063
0.10336930304765701 0.3767645061016083 0.14355289936065674 0.40122100710868835
0.2705068290233612 0.3188025951385498 0.36993208527565 0.3710073232650757
0.012648046016693115 0.016885697841644287 0.9176056981086731 0.8667492866516113
0.10341271758079529 0.2725551426410675 0.1823389232158661 0.30462464690208435
0.10221081972122192 0.27398452162742615 0.1834791898727417 0.30516698956489563
0.15181118249893188 0.1590612381696701 0.18847903609275818 0.16692860424518585
0.18623244762420654 0.3129962980747223 0.3207210898399353 0.3715369999408722
0.15375904738903046 0.17508406937122345 0.20094014704227448 0.1852574199438095
0.1580316424369812 0.4048529267311096 0.23097753524780273 0.44791966676712036
0.6092798113822937 0.44495946168899536 0.8429815173149109 0.5282802581787109
0.129904642701149 0.32640963792800903 0.1868218630552292 0.35805046558380127
0.049158621579408646 0.28472742438316345 0.0773022249341011 0.3026846945285797
0.1580316424369812 0.4048529267311096 0.23097753524780273 0.44791966676712036
0.129904642701149 0.32640963792800903 0.1868218630552292 0.35805046558380127
0.22299206256866455 0.25732946395874023 0.3309781551361084 0.30491572618484497
0.4930797219276428 0.26236850023269653 0.6721531748771667 0.34509050846099854
0.12302558869123459 0.18323388695716858 0.1571965217590332 0.19202128052711487
0.1876651793718338 0.3133097290992737 0.3280147910118103 0.3722865581512451
0.2617277503013611 0.318256139755249 0.36862146854400635 0.37018847465515137
0.017639808356761932 0.3138797879219055 0.0385446771979332 0.3298550844192505
0.0326978974044323 0.28315287828445435 0.054134551435709 0.29961323738098145
0.03065202757716179 0.2851508557796478 0.048491913825273514 0.29960253834724426
0.08743754774332047 0.3650360107421875 0.11697296053171158 0.38831305503845215
