0.5150999426841736 0.25868648290634155 0.7023257613182068 0.3427666425704956
0.38382530212402344 0.45106440782546997 0.503670334815979 0.5054415464401245
0.580571711063385 0.06399169564247131 0.8013944029808044 0.19431975483894348
0.2679344713687897 0.24432262778282166 0.3527967631816864 0.29192259907722473
0.2601492404937744 0.4274231195449829 0.33754146099090576 0.4706383943557739
0.1336352527141571 0.22036081552505493 0.187945157289505 0.25515231490135193
0.10963931679725647 0.27887099981307983 0.15460020303726196 0.30608028173446655
0.2350163757801056 0.33045172691345215 0.31630417704582214 0.36824488639831543
0.18623299896717072 0.40758374333381653 0.25186043977737427 0.44459816813468933
0.1304299235343933 0.3923683762550354 0.19491258263587952 0.4318861961364746
0.004327207803726196 0.07157701253890991 0.8722928762435913 0.8792290091514587
0.05960555374622345 0.35934826731681824 0.0903511494398117 0.38368871808052063
0.04620102420449257 0.31556206941604614 0.07408130168914795 0.33358585834503174
0.1119982898235321 0.38288065791130066 0.14536210894584656 0.41116079688072205
0.12019230425357819 0.323728084564209 0.2022935003042221 0.36156028509140015
0.030859647318720818 0.2808198928833008 0.06410665810108185 0.30137550830841064
0.13048800826072693 0.39241525530815125 0.19349002838134766 0.43173566460609436
0.1003330647945404 0.3744211196899414 0.13660840690135956 0.39983391761779785
0.5792569518089294 0.06396994739770889 0.8015961050987244 0.19310253858566284
0.13447429239749908 0.2041883021593094 0.19528232514858246 0.25372374057769775
0.06374335289001465 0.2807439863681793 0.09706522524356842 0.2997869551181793
0.08756661415100098 0.36586877703666687 0.11699925363063812 0.3935683071613312
0.1146034523844719 0.3850730359554291 0.16001415252685547 0.4116460382938385
0.674134373664856 0.44373562932014465 0.9919360876083374 0.5555249452590942
0.10709670186042786 0.37889450788497925 0.13806679844856262 0.40858447551727295
0.1362563818693161 0.17504458129405975 0.17474131286144257 0.18455515801906586
0.07362759858369827 0.20607703924179077 0.10902560502290726 0.21436545252799988
0.04295509308576584 0.27960318326950073 0.08550747483968735 0.3003671169281006
0.12019230425357819 0.323728084564209 0.2022935003042221 0.36156028509140015
0.1614072620868683 0.1508258581161499 0.2080441415309906 0.1617414951324463
0.01647583395242691 0.31048384308815 0.05080520361661911 0.3262547552585602
