0.20650899410247803 0.26951074600219727 0.2762273848056793 0.30804914236068726
0.22641120851039886 0.42566341161727905 0.302135705947876 0.47064119577407837
0.127849280834198 0.22070829570293427 0.18671360611915588 0.25556766986846924
0.4909099042415619 0.45686236023902893 0.6702789068222046 0.5260388255119324
0.12851180136203766 0.38409459590911865 0.17495982348918915 0.4128429889678955
0.05817241221666336 0.285044401884079 0.09046711772680283 0.30569663643836975
0.04911381006240845 0.3505678176879883 0.08064310252666473 0.37148410081863403
0.12851180136203766 0.38409459590911865 0.17495982348918915 0.4128429889678955
0.006828295066952705 0.33209487795829773 0.028331851586699486 0.35043254494667053
0.4909099042415619 0.45686236023902893 0.6702789068222046 0.5260388255119324
