0.4797399342060089 0.22814476490020752 0.6512312889099121 0.31244969367980957
0.08503344655036926 0.2866370975971222 0.12952770292758942 0.31130334734916687
0.13031981885433197 0.20806074142456055 0.1873205155134201 0.2556264102458954
0.2382255494594574 0.42743441462516785 0.3172701895236969 0.46838483214378357
0.445947527885437 0.4620744585990906 0.5881068706512451 0.5185691714286804
0.06401930749416351 0.33180683851242065 0.0990605503320694 0.35257405042648315
0.0348908007144928 0.316540390253067 0.06618356704711914 0.33547982573509216
0.4459296464920044 0.4622918963432312 0.5877834558486938 0.5185139775276184
0.004839732311666012 0.3305198550224304 0.022354785352945328 0.3458911180496216
0.23698951303958893 0.42606791853904724 0.3168424665927887 0.46898016333580017
0.008096263743937016 0.2847595810890198 0.02354307845234871 0.3008367419242859
0.0 0.0027039945125579834 0.9559402465820312 0.9175902605056763
