0.37310299277305603 0.4525173306465149 0.499987930059433 0.5062430500984192
0.12871237099170685 0.22145915031433105 0.1866292506456375 0.2567620575428009
0.12847186625003815 0.3823832869529724 0.1839853674173355 0.4125221371650696
0.1761932373046875 0.40500134229660034 0.24166899919509888 0.443851113319397
0.24718625843524933 0.42935675382614136 0.335166335105896 0.476245641708374
0.08559644222259521 0.3106813430786133 0.17963308095932007 0.35590481758117676
0.05876089632511139 0.3553707003593445 0.12920890748500824 0.3828809857368469
0.05876089632511139 0.3553707003593445 0.12920890748500824 0.3828809857368469
0.24718625843524933 0.42935675382614136 0.335166335105896 0.476245641708374
0.13076800107955933 0.20392075181007385 0.19854199886322021 0.2574114501476288
0.7903428673744202 0.0046304985880851746 0.9976935982704163 0.2287975251674652
0.06714954972267151 0.20747362077236176 0.10271598398685455 0.21602211892604828
0.648952305316925 0.0056951940059661865 0.9078096747398376 0.10717804729938507
0.24718625843524933 0.42935675382614136 0.335166335105896 0.476245641708374
0.4416886270046234 0.03440375626087189 0.9376959800720215 0.3183503746986389
0.17601627111434937 0.40495941042900085 0.24151059985160828 0.4438687860965729
0.07700447738170624 0.31000378727912903 0.14389494061470032 0.3515286147594452
0.08217599242925644 0.31081506609916687 0.17889246344566345 0.35644927620887756
