0.7503302693367004 0.0014119669795036316 0.9991725087165833 0.15060865879058838
0.1295955330133438 0.20899860560894012 0.18755121529102325 0.25621896982192993
0.3326858580112457 0.44411489367485046 0.456969290971756 0.49860432744026184
0.15325681865215302 0.39651578664779663 0.20806454122066498 0.4313424825668335
0.0909334197640419 0.3676478862762451 0.12753978371620178 0.3914434313774109
0.051477376371622086 0.2920140326023102 0.08543071150779724 0.3134068548679352
0.5122390985488892 0.46364250779151917 0.7099061012268066 0.5350958108901978
0.5122390985488892 0.46364250779151917 0.7099061012268066 0.5350958108901978
0.013504908420145512 0.28590425848960876 0.03160322085022926 0.3016779124736786
0.017568711191415787 0.33864638209342957 0.04330138862133026 0.35749122500419617
0.33258968591690063 0.44326868653297424 0.45578837394714355 0.49847516417503357
0.051327478140592575 0.21852076053619385 0.08389677107334137 0.22664079070091248
