0.3055400550365448 0.17973162233829498 0.7404224872589111 0.34795647859573364
0.1314133256673813 0.20923000574111938 0.19192053377628326 0.2555966377258301
0.3927258849143982 0.453917533159256 0.5290261507034302 0.508825957775116
0.1359519362449646 0.38303622603416443 0.19153988361358643 0.41512706875801086
0.18817438185214996 0.4085465669631958 0.2539152503013611 0.44839632511138916
0.08966772258281708 0.35352596640586853 0.13606278598308563 0.38145241141319275
0.2622992694377899 0.4321274161338806 0.3533628284931183 0.4809191823005676
0.09526310861110687 0.3089962899684906 0.19695942103862762 0.3582845628261566
0.36252903938293457 0.12782394886016846 0.9464318752288818 0.33312395215034485
0.2622992694377899 0.4321274161338806 0.3533628284931183 0.4809191823005676
0.09656499326229095 0.3091337978839874 0.19722257554531097 0.3578828275203705
0.47840380668640137 0.09209464490413666 0.9912700653076172 0.30628812313079834
0.262142539024353 0.43235379457473755 0.3535640835762024 0.48088961839675903
0.060185983777046204 0.3574655055999756 0.09005916118621826 0.3790004849433899
0.005634422414004803 0.33230361342430115 0.02212655544281006 0.34893324971199036
0.0027142763137817383 0.06284931302070618 0.9701302647590637 0.9488472938537598
0.19415196776390076 0.40885910391807556 0.254637748003006 0.4478698670864105
0.09526310861110687 0.3089962899684906 0.19695942103862762 0.3582845628261566
0.06822904199361801 0.20789873600006104 0.10244935005903244 0.21621033549308777
