0.12919747829437256 0.22022725641727448 0.18756744265556335 0.2566436529159546
0.3174453377723694 0.45203420519828796 0.44813311100006104 0.5033214688301086
0.0994260236620903 0.2785378396511078 0.1410953402519226 0.30230602622032166
0.22058114409446716 0.4213026463985443 0.2930543124675751 0.4622460901737213
0.1592399775981903 0.3955138325691223 0.22200587391853333 0.43506360054016113
0.5430963039398193 0.4697142541408539 0.8020435571670532 0.5521032810211182
0.17554160952568054 0.31979313492774963 0.25781866908073425 0.36805447936058044
0.13142161071300507 0.38679951429367065 0.18099217116832733 0.4144054651260376
0.1008014976978302 0.3733459413051605 0.1509890854358673 0.3971092402935028
0.014344679191708565 0.30461981892585754 0.05616851896047592 0.3333747684955597
0.05697515979409218 0.35751184821128845 0.10509151220321655 0.3824630081653595
0.5430963039398193 0.4697142541408539 0.8020435571670532 0.5521032810211182
0.17132574319839478 0.31944558024406433 0.2578517198562622 0.3681558668613434
0.21933510899543762 0.42108699679374695 0.2931393086910248 0.4616638720035553
0.015055038034915924 0.30554109811782837 0.05658235400915146 0.333499014377594
0.16273771226406097 0.39463233947753906 0.22226889431476593 0.43600690364837646
0.12171110510826111 0.3166944980621338 0.1910572648048401 0.3658369779586792
0.12004375457763672 0.3158857524394989 0.19554835557937622 0.3656199276447296
0.08171632885932922 0.20174750685691833 0.11920508742332458 0.2118273675441742
0.014269828796386719 0.0 0.9446343183517456 0.9397605657577515
