0.31769078969955444 0.44419869780540466 0.4390612244606018 0.49494436383247375
0.1444430649280548 0.39302223920822144 0.19779351353645325 0.4270119071006775
0.12970036268234253 0.20906078815460205 0.18828830122947693 0.256045937538147
0.47953367233276367 0.46256157755851746 0.6586354970932007 0.5323805212974548
0.08532582223415375 0.365861713886261 0.12100353837013245 0.38924533128738403
0.03951117396354675 0.29262202978134155 0.07034136354923248 0.31264495849609375
0.6024178266525269 0.06025378406047821 0.8830457925796509 0.21782200038433075
0.6007636189460754 0.058578573167324066 0.8860400319099426 0.2183990776538849
0.015003102831542492 0.33700084686279297 0.039265330880880356 0.35446637868881226
0.6051211357116699 0.06374961882829666 0.8873050212860107 0.21897569298744202
0.14459343254566193 0.3930138051509857 0.1983388513326645 0.4270981252193451
0.05322326719760895 0.21710725128650665 0.08408406376838684 0.2248195856809616
0.007665611803531647 0.2854025363922119 0.026126399636268616 0.3007091283798218
