0.26102691888809204 0.6312387585639954 0.2999567985534668 0.6898521780967712
0.33037635684013367 0.6642038226127625 0.3864920437335968 0.7416943907737732
0.5263322591781616 0.6476859450340271 0.6939278841018677 0.7363942265510559
0.24098511040210724 0.6155726313591003 0.2745877504348755 0.6697261929512024
0.22607369720935822 0.6085233688354492 0.2625807523727417 0.6602444648742676
0.16017450392246246 0.5714432001113892 0.18688254058361053 0.6073997020721436
0.7730197310447693 0.6342808604240417 0.9029898047447205 0.6693632006645203
0.15338115394115448 0.5661140084266663 0.17990167438983917 0.5977881550788879
0.15006469190120697 0.5643846392631531 0.1749834269285202 0.5921773314476013
0.17209665477275848 0.5509573817253113 0.1971142739057541 0.5697839856147766
0.3142830431461334 0.5625385046005249 0.3613809049129486 0.5771439075469971
0.5263322591781616 0.6476859450340271 0.6939278841018677 0.7363942265510559
0.25671887397766113 0.6274603009223938 0.29125314950942993 0.6805956959724426
0.3621419370174408 0.5672732591629028 0.42316678166389465 0.5827794075012207
0.22536620497703552 0.6170390248298645 0.25125303864479065 0.6603620648384094
