0.0992434099316597 0.32572662830352783 0.1427249014377594 0.35230761766433716
0.12807723879814148 0.21875812113285065 0.18704548478126526 0.2553942799568176
0.24396683275699615 0.42408958077430725 0.31883692741394043 0.46650639176368713
0.535732626914978 0.4847508370876312 0.7228051424026489 0.5608888268470764
0.36518120765686035 0.19637943804264069 0.47923123836517334 0.26459014415740967
0.12460191547870636 0.3851308226585388 0.1751275211572647 0.4143328070640564
0.12399855256080627 0.38468191027641296 0.17509415745735168 0.41451600193977356
0.13091504573822021 0.20395314693450928 0.1960732340812683 0.25682884454727173
0.36505237221717834 0.19673405587673187 0.479218453168869 0.26520705223083496
0.03653731942176819 0.007524639368057251 0.947819709777832 0.7023764848709106
0.535732626914978 0.4847508370876312 0.7228051424026489 0.5608888268470764
