0.2610548138618469 0.6313019394874573 0.2998729348182678 0.6899084448814392
0.3305645287036896 0.6641032695770264 0.3865033686161041 0.7419694662094116
0.4668024778366089 0.6114625930786133 0.599413275718689 0.7180707454681396
0.23942376673221588 0.6142888069152832 0.2736740708351135 0.6679583787918091
0.22561362385749817 0.6077342629432678 0.26259708404541016 0.6604110598564148
0.16023893654346466 0.5704860091209412 0.187323197722435 0.6076347231864929
0.15429778397083282 0.5665662884712219 0.1809566169977188 0.5991631150245667
0.32187309861183167 0.5615823864936829 0.3969772756099701 0.5844010710716248
0.46664324402809143 0.6118054389953613 0.5992729663848877 0.7175036668777466
0.8143327832221985 0.6429513692855835 0.9446853995323181 0.6779941320419312
0.14993858337402344 0.5642621517181396 0.17522859573364258 0.5923947095870972
0.16877923905849457 0.5489698052406311 0.19421835243701935 0.5692228674888611
0.32199305295944214 0.5659213066101074 0.376880407333374 0.5846222639083862
0.36776506900787354 0.17124547064304352 0.8234103918075562 0.5398999452590942
0.25637418031692505 0.6273537874221802 0.29101550579071045 0.6806344985961914
