0.3499952554702759 0.4537827670574188 0.4705697298049927 0.5100479125976562
0.1295541226863861 0.2088775783777237 0.18878069519996643 0.2560427784919739
0.5143322944641113 0.013479188084602356 0.9980368614196777 0.3116084933280945
0.5356569886207581 0.4667873978614807 0.7642484307289124 0.5519712567329407
0.5356569886207581 0.4667873978614807 0.7642484307289124 0.5519712567329407
0.1051269918680191 0.3756393790245056 0.1478821188211441 0.4031960964202881
0.05472492426633835 0.35347849130630493 0.08470720797777176 0.37306803464889526
0.25643742084503174 0.42726486921310425 0.3497740626335144 0.473659873008728
0.2445489913225174 0.30185219645500183 0.3438514471054077 0.35053905844688416
0.2445489913225174 0.30185219645500183 0.3438514471054077 0.35053905844688416
0.10511457920074463 0.3754839599132538 0.14789533615112305 0.4033375084400177
0.25586017966270447 0.42664778232574463 0.3492175042629242 0.4732963442802429
0.05818977952003479 0.2157907634973526 0.09036187827587128 0.22365404665470123
0.8277738094329834 0.011265970766544342 1.0 0.2112102210521698
