0.30397748947143555 0.23353499174118042 0.4003296494483948 0.28864556550979614
0.2512437701225281 0.43468719720840454 0.33579152822494507 0.48266756534576416
0.12826667726039886 0.22002741694450378 0.18709640204906464 0.25551652908325195
0.07868551462888718 0.28529566526412964 0.11470847576856613 0.3070601224899292
0.05897601693868637 0.35562220215797424 0.090849868953228 0.37629595398902893
0.1426907181739807 0.3901247978210449 0.19244331121444702 0.41883111000061035
0.5636122226715088 0.4533180594444275 0.7910052537918091 0.5307403206825256
0.1426907181739807 0.3901247978210449 0.19244331121444702 0.41883111000061035
0.01778402179479599 0.334220826625824 0.037830233573913574 0.35135191679000854
0.13075324892997742 0.20430976152420044 0.19606655836105347 0.2561433017253876
0.0 0.0 0.9921308755874634 0.9429677128791809
0.5636235475540161 0.45184487104415894 0.7920416593551636 0.5319027900695801
