0.12969893217086792 0.2221306711435318 0.18859189748764038 0.2562335729598999
0.07658343762159348 0.28044188022613525 0.11307135969400406 0.3023024797439575
0.2974241375923157 0.44812995195388794 0.41568297147750854 0.4982398748397827
0.20871174335479736 0.41746896505355835 0.27608925104141235 0.45597386360168457
0.1316823661327362 0.3857949674129486 0.1775374412536621 0.4112314283847809
0.4536760449409485 0.4656899571418762 0.654998242855072 0.5408051609992981
0.15723951160907745 0.39498940110206604 0.2155320793390274 0.430876225233078
0.10039114952087402 0.3719986379146576 0.14954248070716858 0.3966185748577118
0.1449742168188095 0.323241263628006 0.21379785239696503 0.364805668592453
0.4536760449409485 0.4656899571418762 0.654998242855072 0.5408051609992981
0.20871174335479736 0.41746896505355835 0.27608925104141235 0.45597386360168457
0.1449742168188095 0.323241263628006 0.21379785239696503 0.364805668592453
0.15692415833473206 0.3947106599807739 0.21612927317619324 0.430658221244812
0.2977677583694458 0.44839075207710266 0.4144933223724365 0.4978940784931183
0.00977865606546402 0.3033699095249176 0.04176143556833267 0.3305710256099701
0.056520551443099976 0.357264906167984 0.10418516397476196 0.38268861174583435
0.4535893201828003 0.46696752309799194 0.6571513414382935 0.5395824313163757
0.04095831885933876 0.3130887746810913 0.14463035762310028 0.36059796810150146
0.0 0.005377352237701416 0.961225688457489 0.9168325066566467
0.09140920639038086 0.31940820813179016 0.15203334391117096 0.3616994321346283
0.09140920639038086 0.31940820813179016 0.15203334391117096 0.3616994321346283
