0.5220934748649597 0.8011560440063477 0.7267199158668518 0.9141477346420288
0.343416303396225 0.4502212405204773 0.46989813446998596 0.5108163952827454
0.12926515936851501 0.2094399482011795 0.18806132674217224 0.25630468130111694
0.5178968906402588 0.4557332396507263 0.7228610515594482 0.5236656665802002
0.06871596723794937 0.3621613383293152 0.105525441467762 0.38394683599472046
0.17539335787296295 0.4005153477191925 0.24255533516407013 0.43892529606819153
0.1636391580104828 0.30092453956604004 0.3231463134288788 0.36382102966308594
0.11995194107294083 0.33463990688323975 0.1684494912624359 0.3673136234283447
0.24547578394412994 0.4321472942829132 0.33195555210113525 0.4743565618991852
0.1636391580104828 0.30092453956604004 0.3231463134288788 0.36382102966308594
0.01705436408519745 0.3406673073768616 0.04194551706314087 0.3571780323982239
0.12021692097187042 0.3344634771347046 0.16760800778865814 0.36744266748428345
0.24547578394412994 0.4321472942829132 0.33195555210113525 0.4743565618991852
0.24547578394412994 0.4321472942829132 0.33195555210113525 0.4743565618991852
