0.2609522342681885 0.6312226057052612 0.30003827810287476 0.6904717683792114
0.33038485050201416 0.6646774411201477 0.38629770278930664 0.7424241900444031
0.6598472595214844 0.6839054226875305 0.9072471857070923 0.7883386015892029
0.6825224161148071 0.6134480237960815 0.8025288581848145 0.6457575559616089
0.24087770283222198 0.6159472465515137 0.27479836344718933 0.6697413921356201
0.16060081124305725 0.5714299082756042 0.18681484460830688 0.6072492003440857
0.22656403481960297 0.6083420515060425 0.261747807264328 0.6596968173980713
0.2897510826587677 0.5579229593276978 0.3400554358959198 0.5720704793930054
0.23343881964683533 0.6106985807418823 0.2709175646305084 0.6627986431121826
0.1539127081632614 0.5657559633255005 0.17847932875156403 0.5973923206329346
0.15077418088912964 0.5639926791191101 0.1743912696838379 0.5911129117012024
0.22548411786556244 0.615425705909729 0.2516324818134308 0.6606287956237793
0.3869141936302185 0.574840247631073 0.45397311449050903 0.589817225933075
0.1827612966299057 0.5560145974159241 0.20612163841724396 0.5732515454292297
0.2550506293773651 0.6272860169410706 0.2902316153049469 0.6800709366798401
