0.2610103189945221 0.6313215494155884 0.3001912534236908 0.690527081489563
0.32998302578926086 0.6649103164672852 0.3869723975658417 0.7425451278686523
0.7412332892417908 0.702979564666748 0.9975196719169617 0.8260146379470825
0.2409258782863617 0.6162543296813965 0.274953693151474 0.6696770191192627
0.1862829476594925 0.5569226741790771 0.2164190262556076 0.5769534111022949
0.16017870604991913 0.5715997219085693 0.18638910353183746 0.6073950529098511
0.22675150632858276 0.6089306473731995 0.2618081867694855 0.6596878170967102
0.639374852180481 0.6070542335510254 0.7587815523147583 0.6406784057617188
0.15308444201946259 0.5652560591697693 0.17862044274806976 0.5961481928825378
0.7419339418411255 0.7030348181724548 1.0 0.8255864977836609
0.225580096244812 0.6155545711517334 0.2516000270843506 0.6605892181396484
0.2538854479789734 0.6265552639961243 0.2893102169036865 0.6794330477714539
