0.26092326641082764 0.631280243396759 0.299846351146698 0.6907452940940857
0.33035555481910706 0.6644110083580017 0.38638171553611755 0.7424409985542297
0.24081841111183167 0.6165441870689392 0.27461251616477966 0.6697646975517273
0.16021886467933655 0.571491003036499 0.1864216923713684 0.6075371503829956
0.20458073914051056 0.5651450157165527 0.23794801533222198 0.5851051807403564
0.22774559259414673 0.6088331341743469 0.2611515522003174 0.659930408000946
0.5472851395606995 0.5904672145843506 0.6432096362113953 0.6163473129272461
0.15367190539836884 0.565540075302124 0.1796463280916214 0.5968993902206421
0.23360931873321533 0.6130186319351196 0.2678565979003906 0.6644259691238403
0.15055328607559204 0.5636924505233765 0.1754433512687683 0.5906643867492676
0.22603820264339447 0.6155886650085449 0.2516658902168274 0.6605157852172852
0.2666495442390442 0.5496621131896973 0.30929994583129883 0.5646423101425171
0.33024752140045166 0.5171865224838257 0.3768283724784851 0.5492777824401855
0.2552182674407959 0.6271035671234131 0.29020875692367554 0.6804611682891846
0.444292813539505 0.5921297669410706 0.5250483751296997 0.6123935580253601
