0.26108601689338684 0.6317813992500305 0.2994297444820404 0.6900390982627869
0.33008521795272827 0.6650787591934204 0.38663631677627563 0.7422380447387695
0.26235538721084595 0.5875024199485779 0.31829148530960083 0.6214671730995178
0.16018278896808624 0.571897566318512 0.18633176386356354 0.6072704195976257
0.23946711421012878 0.61365807056427 0.2747182548046112 0.6685285568237305
0.15242937207221985 0.5647969841957092 0.17881157994270325 0.5959442257881165
0.22636905312538147 0.6085771918296814 0.264001727104187 0.6606176495552063
0.6091018319129944 0.6187281012535095 0.7102592587471008 0.640155017375946
0.2259071171283722 0.6164510846138 0.2511321008205414 0.6604625582695007
0.04222176969051361 0.4445134401321411 0.37887972593307495 0.7571821212768555
