0.2608775794506073 0.6312200427055359 0.2994355261325836 0.6901021599769592
0.3300468921661377 0.6648443937301636 0.38649797439575195 0.7425804138183594
0.2535454034805298 0.5834274291992188 0.3040722608566284 0.6152832508087158
0.15998858213424683 0.5714194178581238 0.18661868572235107 0.6069574952125549
0.23835209012031555 0.614393413066864 0.27471187710762024 0.6682379841804504
0.2254972755908966 0.6081761121749878 0.26403573155403137 0.6605864763259888
0.15338370203971863 0.5655303597450256 0.17998024821281433 0.5974622368812561
0.5798780918121338 0.6142494082450867 0.6787779331207275 0.6384873986244202
0.22480408847332 0.6149004697799683 0.2512465715408325 0.6608501672744751
0.49826017022132874 0.09415212273597717 0.5557788610458374 0.10749252140522003
