0.26120054721832275 0.6316239833831787 0.2995290756225586 0.690421462059021
0.33049777150154114 0.665274441242218 0.3866945207118988 0.7418069243431091
0.296314001083374 0.601604163646698 0.36372625827789307 0.6436927914619446
0.23995643854141235 0.6156294941902161 0.27373772859573364 0.6679425835609436
0.16022856533527374 0.5717828869819641 0.18603704869747162 0.6068399548530579
0.15198364853858948 0.5643462538719177 0.178734689950943 0.5952708125114441
0.22634842991828918 0.6086456775665283 0.2618780732154846 0.6598846912384033
0.6922149062156677 0.6268047094345093 0.8114057183265686 0.6552106142044067
0.22559522092342377 0.6156975030899048 0.25158047676086426 0.6607530117034912
0.296314001083374 0.601604163646698 0.36372625827789307 0.6436927914619446
0.5302510261535645 0.029011771082878113 0.6597527265548706 0.10713914036750793
0.25585412979125977 0.6277938485145569 0.2903883457183838 0.6805220246315002
