0.2610417902469635 0.6309962272644043 0.2997373640537262 0.690322995185852
0.32990431785583496 0.6644868850708008 0.386643648147583 0.7422399520874023
0.23933649063110352 0.6145469546318054 0.2733529210090637 0.66756671667099
0.16035735607147217 0.5744531154632568 0.18656319379806519 0.6066532135009766
0.22532890737056732 0.607337474822998 0.2630290985107422 0.6602762937545776
0.1518336832523346 0.5645434856414795 0.17825603485107422 0.5937190055847168
0.6828160881996155 0.6756297945976257 0.9386665225028992 0.7924346327781677
0.6988616585731506 0.6790161728858948 0.9468831419944763 0.8903148770332336
0.6839599609375 0.6759409308433533 0.9394855499267578 0.792830765247345
0.25518184900283813 0.6272023320198059 0.2901669144630432 0.6802305579185486
