0.6247892379760742 0.7002480030059814 0.7897001504898071 0.8520174026489258
0.261240154504776 0.6312885284423828 0.2998526394367218 0.6904884576797485
0.33018580079078674 0.6644835472106934 0.3870266377925873 0.7425893545150757
0.23981724679470062 0.6151685118675232 0.2737218737602234 0.6680731177330017
0.16023433208465576 0.5716515779495239 0.1867707073688507 0.6077958345413208
0.22547034919261932 0.6074198484420776 0.2616429626941681 0.6602356433868408
0.15275412797927856 0.5643438696861267 0.17837238311767578 0.5955371260643005
0.22502553462982178 0.6153779625892639 0.2511315941810608 0.6608406901359558
0.25405189394950867 0.6268139481544495 0.2887013256549835 0.6793034672737122
0.5905063152313232 0.015540510416030884 0.9960319995880127 0.3270197808742523
