0.36295023560523987 0.4540758430957794 0.479135125875473 0.5097649693489075
0.41553252935409546 0.2875310778617859 0.5481467247009277 0.3515000343322754
0.31752336025238037 0.2161986529827118 0.4238763451576233 0.2776508033275604
0.5064428448677063 0.11029966920614243 0.7230309844017029 0.2194608747959137
0.15917931497097015 0.39291322231292725 0.21027617156505585 0.4266754984855652
0.13041040301322937 0.21016588807106018 0.1883663535118103 0.2575877010822296
0.06356291472911835 0.27394750714302063 0.1276399791240692 0.30961599946022034
0.21883994340896606 0.41618409752845764 0.28312987089157104 0.4533696472644806
0.8784381747245789 0.0 0.9996019005775452 0.09012952446937561
0.12265658378601074 0.37652596831321716 0.1620224416255951 0.4019210636615753
0.02574683539569378 0.3122420907020569 0.05462229996919632 0.3323294520378113
0.05862370878458023 0.31675952672958374 0.09183771163225174 0.33573591709136963
0.006934965029358864 0.2835969924926758 0.04195498675107956 0.3014547824859619
0.026576420292258263 0.3475613594055176 0.06745105981826782 0.36742180585861206
0.9176874160766602 0.1198190301656723 1.0 0.2547627091407776
0.009876489639282227 0.08001464605331421 0.9143886566162109 0.9442337155342102
0.2189672589302063 0.4149423837661743 0.28420132398605347 0.45290547609329224
0.5064428448677063 0.11029966920614243 0.7230309844017029 0.2194608747959137
0.10434895008802414 0.3103145658969879 0.24830642342567444 0.36612460017204285
0.10695827007293701 0.3105420470237732 0.2452549934387207 0.36635321378707886
0.09925997257232666 0.3711523413658142 0.12907996773719788 0.3970950245857239
0.8799470067024231 0.41011613607406616 1.0 0.561195969581604
0.8777610063552856 0.00045774877071380615 1.0 0.08634800463914871
0.06505666673183441 0.3619905114173889 0.10251808166503906 0.3832213282585144
0.08444341272115707 0.3653828203678131 0.11615607887506485 0.39192959666252136
0.0005010450258851051 0.30190902948379517 0.022400591522455215 0.3220781087875366
