0.43105530738830566 0.4593948721885681 0.5733468532562256 0.5227478742599487
0.35701537132263184 0.19614732265472412 0.4783586859703064 0.26591795682907104
0.5434812307357788 0.23819230496883392 0.7327555418014526 0.32860079407691956
0.17074859142303467 0.396435409784317 0.22742319107055664 0.4328676760196686
0.536185622215271 0.09371209144592285 0.7601867914199829 0.20544180274009705
0.13043664395809174 0.2150779366493225 0.18875323235988617 0.25562503933906555
0.08567117154598236 0.2704178988933563 0.1580173671245575 0.3121583163738251
0.13314588367938995 0.3039711117744446 0.3300463557243347 0.3696173429489136
0.24820436537265778 0.4266566038131714 0.31566518545150757 0.4663369059562683
0.0727115198969841 0.31704822182655334 0.10438335686922073 0.3378429114818573
0.03262659162282944 0.31318098306655884 0.06394943594932556 0.33306485414505005
0.12025973200798035 0.3761129379272461 0.16188088059425354 0.4026328921318054
0.018584981560707092 0.28221067786216736 0.057905666530132294 0.30187609791755676
0.9129237532615662 0.00018807128071784973 0.9998628497123718 0.06797294318675995
0.2471751570701599 0.42495906352996826 0.31804001331329346 0.46659642457962036
0.536185622215271 0.09371209144592285 0.7601867914199829 0.20544180274009705
0.03756926208734512 0.34963953495025635 0.07229205965995789 0.37133800983428955
0.09591984748840332 0.36984583735466003 0.12868206202983856 0.39699164032936096
0.065402090549469 0.3617697060108185 0.09800940752029419 0.3832987844944
0.08728480339050293 0.36648064851760864 0.11798444390296936 0.39348912239074707
0.2680738866329193 0.22970843315124512 0.3040781319141388 0.23745402693748474
0.020416289567947388 0.07753676176071167 0.8708374500274658 0.86013263463974
0.5427882671356201 0.23768392205238342 0.7339349985122681 0.32954785227775574
0.4324164390563965 0.4592955410480499 0.5727658271789551 0.5226373672485352
