0.28710228204727173 0.19225913286209106 0.7729780077934265 0.36489975452423096
0.25128185749053955 0.4249170422554016 0.3277498483657837 0.4695369005203247
0.19497185945510864 0.3278859257698059 0.26049771904945374 0.36364394426345825
0.13140341639518738 0.20746703445911407 0.18869104981422424 0.2574727535247803
0.42015889286994934 0.46241357922554016 0.548619270324707 0.5181039571762085
0.06523727625608444 0.3161729574203491 0.10002627223730087 0.3380658030509949
0.06644196808338165 0.27540507912635803 0.13749465346336365 0.3053794801235199
0.5951423048973083 0.27956098318099976 0.6628870368003845 0.3057505488395691
0.15897561609745026 0.3900465667247772 0.2037094086408615 0.42041686177253723
0.5595021843910217 0.07474681735038757 0.8110327124595642 0.19418025016784668
0.11196359992027283 0.32160434126853943 0.15714749693870544 0.34600552916526794
0.1071554645895958 0.37573370337486267 0.15223652124404907 0.40278854966163635
0.2924092710018158 0.19029203057289124 0.7737703323364258 0.3635556399822235
0.43198147416114807 0.1535269021987915 0.565428614616394 0.22930780053138733
0.08980125188827515 0.36471056938171387 0.11960369348526001 0.38699567317962646
0.015559382736682892 0.2845410406589508 0.0481303334236145 0.3015049397945404
0.42015889286994934 0.46241357922554016 0.548619270324707 0.5181039571762085
0.5594866275787354 0.07501833885908127 0.810688853263855 0.19455665349960327
0.048644401133060455 0.3539913594722748 0.08199059218168259 0.3788250982761383
0.4792926609516144 0.1970745027065277 0.7682898044586182 0.32967355847358704
0.18340834975242615 0.2546800971031189 0.2837246358394623 0.3112732172012329
0.021579094231128693 0.31346800923347473 0.046552181243896484 0.3333377540111542
0.18391099572181702 0.255349338054657 0.28452011942863464 0.3117092251777649
0.5588430166244507 0.07492327690124512 0.8102719783782959 0.1932639479637146
0.06634964048862457 0.2755565047264099 0.13758210837841034 0.3050884008407593
0.03865332901477814 0.35042107105255127 0.0647844523191452 0.3745911717414856
