0.3686894178390503 0.10470698773860931 0.9959527254104614 0.3537520170211792
0.13170267641544342 0.20637337863445282 0.18922527134418488 0.2567502558231354
0.22534051537513733 0.3284898102283478 0.3003462851047516 0.36675092577934265
0.5166155099868774 0.46484872698783875 0.6863247156143188 0.5304805636405945
0.2788196802139282 0.4336627721786499 0.35979199409484863 0.48330003023147583
0.07433328032493591 0.3161620795726776 0.11208289861679077 0.33944377303123474
0.16925077140331268 0.39530086517333984 0.2249174565076828 0.4300392270088196
0.36233872175216675 0.10137330740690231 0.999488890171051 0.34918472170829773
0.12845902144908905 0.32233941555023193 0.1751195341348648 0.3485199809074402
0.11826513707637787 0.3793797492980957 0.16628925502300262 0.4085462689399719
0.08284075558185577 0.2736934423446655 0.16044490039348602 0.3058280944824219
0.805867075920105 0.21952134370803833 0.9002119302749634 0.24932458996772766
0.02873988077044487 0.28360798954963684 0.06054627522826195 0.3019161522388458
0.19922278821468353 0.24641799926757812 0.3175320625305176 0.30867964029312134
0.43677687644958496 0.07358440011739731 0.8149815797805786 0.22147580981254578
0.0918978750705719 0.3659431040287018 0.1254669725894928 0.38830265402793884
0.45642930269241333 0.07493345439434052 0.8023335337638855 0.20846308767795563
0.025199225172400475 0.3147450089454651 0.05327770113945007 0.3344544768333435
0.0467957966029644 0.353952556848526 0.08243483304977417 0.3800979554653168
0.0019456744194030762 0.08783850073814392 0.9606410264968872 0.9459238052368164
0.518767237663269 0.4651697874069214 0.6874560117721558 0.5309202671051025
0.08284075558185577 0.2736934423446655 0.16044490039348602 0.3058280944824219
0.19973257184028625 0.24619314074516296 0.3176707327365875 0.3090094029903412
0.06835458427667618 0.3606685996055603 0.09806001931428909 0.383603572845459
