0.2898457944393158 0.43628913164138794 0.37351492047309875 0.4866015315055847
0.13214200735092163 0.2095431536436081 0.1900951862335205 0.25713369250297546
0.17542888224124908 0.3971940279006958 0.23352263867855072 0.4332820177078247
0.07777483016252518 0.31655216217041016 0.11550232023000717 0.3400973081588745
0.3857470452785492 0.03634077310562134 1.0 0.3447937071323395
0.23639129102230072 0.32761362195014954 0.31406569480895996 0.3675832450389862
0.08803793787956238 0.2726325988769531 0.16828790307044983 0.30593204498291016
0.56525057554245 0.46283403038978577 0.7490707039833069 0.5345192551612854
0.030214948579669 0.2818833887577057 0.06604241579771042 0.3025599420070648
0.09513112157583237 0.3670125901699066 0.12853680551052094 0.38959798216819763
0.12393017113208771 0.3802509307861328 0.17164938151836395 0.41076529026031494
0.13983634114265442 0.3224538266658783 0.18160003423690796 0.34985074400901794
0.19695205986499786 0.24341432750225067 0.32694071531295776 0.3080001473426819
0.026277991011738777 0.31518611311912537 0.05456390976905823 0.33489206433296204
0.19695205986499786 0.24341432750225067 0.32694071531295776 0.3080001473426819
0.046811655163764954 0.3541792035102844 0.08299803733825684 0.3794599175453186
0.4296298921108246 0.07294805347919464 0.8080028295516968 0.22046522796154022
0.07538838684558868 0.3623144328594208 0.10060882568359375 0.38401779532432556
4.500150680541992e-05 0.054495155811309814 0.9933478236198425 0.9547057747840881
0.002978176809847355 0.28094106912612915 0.02262767031788826 0.2980707287788391
0.06042780727148056 0.35741063952445984 0.09003094583749771 0.38206878304481506
0.2887469232082367 0.4355166554450989 0.33895257115364075 0.47629010677337646
