0.33901408314704895 0.450355589389801 0.43985846638679504 0.5027599334716797
0.2178611010313034 0.23427116870880127 0.36210107803344727 0.30401766300201416
0.13015517592430115 0.2090042531490326 0.18963199853897095 0.25697383284568787
0.20173712074756622 0.4081175625324249 0.2677864730358124 0.44866761565208435
0.09261129051446915 0.31789863109588623 0.13464945554733276 0.34240520000457764
0.2888360023498535 0.3223411738872528 0.38351672887802124 0.36793097853660583
0.1435644030570984 0.38763487339019775 0.194207102060318 0.42035746574401855
0.10814735293388367 0.2691434323787689 0.19884580373764038 0.30620095133781433
0.1604059785604477 0.3227294087409973 0.21275071799755096 0.3529716730117798
0.044030919671058655 0.2809657156467438 0.08748972415924072 0.30277445912361145
0.10411712527275085 0.3707437813282013 0.14164164662361145 0.39536628127098083
0.49663040041923523 0.00029735267162323 0.9976290464401245 0.3072196841239929
0.44478824734687805 0.14636863768100739 0.5787235498428345 0.23548977077007294
0.030992090702056885 0.31658682227134705 0.06218951195478439 0.3360109031200409
0.07240379601716995 0.36327362060546875 0.10489290207624435 0.3856774568557739
0.04779927432537079 0.35405653715133667 0.08363732695579529 0.3795618414878845
0.49663040041923523 0.00029735267162323 0.9976290464401245 0.3072196841239929
0.005515336990356445 0.0 0.992837131023407 0.9380273818969727
0.01796862483024597 0.2842065393924713 0.03701987490057945 0.2983725368976593
0.8906135559082031 0.4465171694755554 0.9996145963668823 0.5387016534805298
0.21795356273651123 0.23465728759765625 0.360571026802063 0.3040691614151001
0.007214019075036049 0.3118477463722229 0.024770138785243034 0.3267601728439331
0.20206312835216522 0.4082092046737671 0.26806479692459106 0.44915610551834106
0.05730035901069641 0.3581308424472809 0.08882202208042145 0.38211551308631897
