0.5246557593345642 0.0946858823299408 0.716048538684845 0.20340776443481445
0.37809038162231445 0.29245004057884216 0.5087087154388428 0.3541405498981476
0.3131799101829529 0.4521370828151703 0.43107712268829346 0.5075716376304626
0.13012778759002686 0.20839115977287292 0.18858599662780762 0.25711047649383545
0.09285954385995865 0.278815895318985 0.13120751082897186 0.3037305772304535
0.0825270265340805 0.32539814710617065 0.11368019878864288 0.34864139556884766
0.22068099677562714 0.32605159282684326 0.29191353917121887 0.3653267025947571
0.21991822123527527 0.4085772931575775 0.2879209816455841 0.45087680220603943
0.3554668724536896 0.1808733344078064 0.48214468359947205 0.2780337631702423
0.1332557052373886 0.27050623297691345 0.2032545953989029 0.3040297329425812
0.8644278049468994 0.0 1.0 0.08933685719966888
0.8637892007827759 0.0 1.0 0.08695715665817261
0.5599812269210815 0.4744310975074768 0.764472246170044 0.5487229228019714
0.052243683487176895 0.31730926036834717 0.08322474360466003 0.3367639183998108
0.1278097927570343 0.38673779368400574 0.1776171326637268 0.4150005877017975
0.29629021883010864 0.20589692890644073 0.4148334860801697 0.2843759059906006
0.07141812890768051 0.36548444628715515 0.12697142362594604 0.3935299813747406
0.1854526698589325 0.24814124405384064 0.3125845789909363 0.3023872971534729
0.020839478820562363 0.31329748034477234 0.04758957400918007 0.3328278958797455
0.00914737582206726 0.10660436749458313 0.8880494832992554 0.9308935403823853
0.21991822123527527 0.4085772931575775 0.2879209816455841 0.45087680220603943
0.18416182696819305 0.24837134778499603 0.3114522695541382 0.3020767569541931
0.1278097927570343 0.38673779368400574 0.1776171326637268 0.4150005877017975
0.07209762930870056 0.3658823072910309 0.12674735486507416 0.39345332980155945
0.18416182696819305 0.24837134778499603 0.3114522695541382 0.3020767569541931
0.3554668724536896 0.1808733344078064 0.48214468359947205 0.2780337631702423
