0.5662736296653748 0.06602552533149719 0.7777265906333923 0.19089815020561218
0.383626788854599 0.463517963886261 0.5152735710144043 0.5251882672309875
0.13120639324188232 0.20801791548728943 0.1938430666923523 0.2575250566005707
0.14595246315002441 0.3934463560581207 0.19978442788124084 0.42578670382499695
0.19556769728660583 0.2458064705133438 0.32771357893943787 0.30115410685539246
0.1082766130566597 0.2783447206020355 0.1497291773557663 0.30397793650627136
0.3641824424266815 0.16722188889980316 0.513594388961792 0.26583755016326904
0.4565298557281494 0.2670347988605499 0.6122609376907349 0.34201183915138245
0.25526106357574463 0.42146915197372437 0.3346346616744995 0.46787410974502563
0.09395252168178558 0.3271123170852661 0.1298690289258957 0.35083937644958496
0.2566381096839905 0.3231380879878998 0.3389483094215393 0.3666362464427948
0.1488831341266632 0.26898202300071716 0.21879369020462036 0.3063261806964874
0.06027233600616455 0.3173351585865021 0.09174539148807526 0.33949723839759827
0.08157599717378616 0.36898326873779297 0.13890010118484497 0.3986356854438782
0.009890049695968628 0.10569006204605103 0.8950068950653076 0.928648054599762
0.31210803985595703 0.1849926859140396 0.4537573456764221 0.2764900326728821
0.024014737457036972 0.3145112097263336 0.052975211292505264 0.3334915339946747
0.08128125965595245 0.36911463737487793 0.13926167786121368 0.39879971742630005
0.25526106357574463 0.42146915197372437 0.3346346616744995 0.46787410974502563
0.019786909222602844 0.2124585509300232 0.4287267327308655 0.4997643828392029
