0.4662373661994934 0.10794814676046371 0.6431171298027039 0.23887181282043457
0.7870619893074036 0.0002640150487422943 0.9999662041664124 0.10377657413482666
0.1306820660829544 0.20672577619552612 0.19003887474536896 0.2568773031234741
0.3896576464176178 0.2907004952430725 0.5267228484153748 0.35684943199157715
0.1373889297246933 0.3310275375843048 0.18425346910953522 0.35876086354255676
0.37927448749542236 0.4416455626487732 0.4986497163772583 0.49914485216140747
0.03623189777135849 0.31615179777145386 0.06633803248405457 0.33575642108917236
0.144304096698761 0.2749561071395874 0.18842053413391113 0.3027847409248352
0.8155070543289185 0.12308377027511597 0.9998751878738403 0.264252632856369
0.8470926880836487 0.4604669511318207 1.0 0.5629289746284485
0.08448625355958939 0.3229333460330963 0.121030293405056 0.34645041823387146
0.21242624521255493 0.4175228476524353 0.2847805321216583 0.459450900554657
0.18035411834716797 0.26288753747940063 0.2607617974281311 0.3036643862724304
0.11689785122871399 0.3809061646461487 0.18735215067863464 0.4170832633972168
0.22614192962646484 0.2309897541999817 0.37606877088546753 0.29600006341934204
0.8155070543289185 0.12308377027511597 0.9998751878738403 0.264252632856369
0.11736813187599182 0.38154837489128113 0.18650385737419128 0.4169090688228607
0.21242624521255493 0.4175228476524353 0.2847805321216583 0.459450900554657
0.39171531796455383 0.15244978666305542 0.5353392958641052 0.25103724002838135
0.22614192962646484 0.2309897541999817 0.37606877088546753 0.29600006341934204
0.013033092021942139 0.07641106843948364 0.9516595005989075 0.9523124098777771
0.1795378029346466 0.26220381259918213 0.26038023829460144 0.30395472049713135
0.3787834048271179 0.4413171410560608 0.49785691499710083 0.49891334772109985
0.8483521342277527 0.46135830879211426 0.9996940493583679 0.5620957612991333
0.39008092880249023 0.2912812829017639 0.5264028906822205 0.35718369483947754
0.39382728934288025 0.12226197123527527 0.6186550855636597 0.2538668215274811
