0.6477015614509583 0.012103289365768433 0.9037602543830872 0.16045023500919342
0.5903996229171753 0.20696166157722473 0.8257964849472046 0.31765249371528625
0.3071826994419098 0.4329042136669159 0.4023377597332001 0.4850357472896576
0.3152305483818054 0.3123738765716553 0.4174087643623352 0.3645516633987427
0.3955211043357849 0.143076092004776 0.5687620639801025 0.2589588463306427
0.13120874762535095 0.20771346986293793 0.19023895263671875 0.25594043731689453
0.5259320735931396 0.47017431259155273 0.719825267791748 0.5492901802062988
0.12718981504440308 0.27697715163230896 0.16852247714996338 0.3031943142414093
0.1748277246952057 0.4023512303829193 0.23725929856300354 0.44112375378608704
0.11336607486009598 0.3295426666736603 0.15430980920791626 0.3551262319087982
0.03026638552546501 0.3152684271335602 0.058432016521692276 0.33515313267707825
0.16507628560066223 0.26436346769332886 0.2429301142692566 0.3055502772331238
0.07199706882238388 0.319892942905426 0.10460542887449265 0.34167546033859253
0.09662279486656189 0.3748472332954407 0.15919560194015503 0.4064321517944336
0.20975519716739655 0.23994283378124237 0.3528449535369873 0.2995584309101105
0.001894235610961914 0.04997742176055908 0.8860849142074585 0.9194510579109192
0.3471697270870209 0.17680686712265015 0.4658062160015106 0.26047441363334656
0.09662279486656189 0.3748472332954407 0.15919560194015503 0.4064321517944336
0.21004098653793335 0.23915064334869385 0.35315173864364624 0.2994977831840515
0.16479793190956116 0.26438185572624207 0.24272489547729492 0.30597713589668274
0.1747175008058548 0.4031708240509033 0.2372475117444992 0.44109654426574707
0.00958465039730072 0.19527001678943634 0.39914005994796753 0.499972403049469
0.020526915788650513 0.1157529354095459 0.719759464263916 0.7514170408248901
0.5259320735931396 0.47017431259155273 0.719825267791748 0.5492901802062988
