0.537632167339325 0.2319144606590271 0.7527310252189636 0.33313560485839844
0.1802786886692047 0.33169323205947876 0.23687636852264404 0.3641436696052551
0.27612239122390747 0.438973605632782 0.36743730306625366 0.48341405391693115
0.47936826944351196 0.033502742648124695 0.7923259139060974 0.21879546344280243
0.5471587181091309 0.44239541888237 0.7439279556274414 0.5157866477966309
0.13005828857421875 0.20780548453330994 0.19127050042152405 0.2564930319786072
0.16510041058063507 0.2716778516769409 0.21805636584758759 0.3039051294326782
0.1508815437555313 0.39273035526275635 0.23537679016590118 0.43633484840393066
0.10568650811910629 0.3252582252025604 0.14950525760650635 0.3512391746044159
0.04571106284856796 0.31698131561279297 0.07842658460140228 0.3367656469345093
0.20198529958724976 0.25830042362213135 0.29321351647377014 0.30276066064834595
0.25601616501808167 0.21344566345214844 0.4232180416584015 0.2888965606689453
0.2565421462059021 0.21442383527755737 0.4244846701622009 0.28426456451416016
0.005230754613876343 0.05003425478935242 0.8405197858810425 0.9228283166885376
0.20229855179786682 0.2584364414215088 0.2930178940296173 0.30280542373657227
0.01654743403196335 0.28268831968307495 0.0406213141977787 0.2998090386390686
0.15039324760437012 0.3925934135913849 0.23643633723258972 0.43609949946403503
0.1058683842420578 0.32521724700927734 0.14953915774822235 0.35132932662963867
