0.4221896529197693 0.4641430974006653 0.5775015354156494 0.5246368050575256
0.12993383407592773 0.2067781388759613 0.19091254472732544 0.25716114044189453
0.2846389412879944 0.32711055874824524 0.3568137288093567 0.3702433407306671
0.32850757241249084 0.17006990313529968 0.545786440372467 0.26618754863739014
0.19652815163135529 0.26418179273605347 0.2569921612739563 0.3027404546737671
0.06274602562189102 0.3185510039329529 0.09769026190042496 0.340359091758728
0.1535472422838211 0.33106064796447754 0.20728810131549835 0.3600112795829773
0.24299708008766174 0.244179368019104 0.35294708609580994 0.2958414554595947
0.03763358294963837 0.2818600833415985 0.06655143946409225 0.3021884858608246
0.2165919840335846 0.41896578669548035 0.32845309376716614 0.4684925973415375
0.24299708008766174 0.244179368019104 0.35294708609580994 0.2958414554595947
0.21596114337444305 0.41901859641075134 0.3283369541168213 0.46831658482551575
0.21596114337444305 0.41901859641075134 0.3283369541168213 0.46831658482551575
0.32944682240486145 0.16931775212287903 0.5439274907112122 0.26587438583374023
0.27745598554611206 0.32952991127967834 0.32321542501449585 0.3677994906902313
0.010873079299926758 0.08867773413658142 0.8064243793487549 0.9277752637863159
0.1530672311782837 0.33091312646865845 0.20737385749816895 0.3599509000778198
