0.3690599203109741 0.4565032124519348 0.4947168827056885 0.5134203433990479
0.8257070183753967 0.13246199488639832 0.9989799857139587 0.27253246307373047
0.13010066747665405 0.20715174078941345 0.18961727619171143 0.25696608424186707
0.2431158572435379 0.33076974749565125 0.3131984770298004 0.3677956759929657
0.1871996968984604 0.2689010500907898 0.24530811607837677 0.30307602882385254
0.22799670696258545 0.2484964281320572 0.3303612470626831 0.2976088523864746
0.05572044476866722 0.3185371160507202 0.09066657721996307 0.33930283784866333
0.5981468558311462 0.0017817765474319458 0.9940171837806702 0.17722445726394653
0.030520785599946976 0.2812250256538391 0.05814596638083458 0.3010069727897644
0.3006787598133087 0.18823567032814026 0.5005425810813904 0.27402183413505554
0.13824352622032166 0.33019113540649414 0.1877231001853943 0.3578760027885437
0.19447921216487885 0.40940558910369873 0.2956521511077881 0.4571422338485718
0.19517892599105835 0.4090585708618164 0.2956324517726898 0.4566701650619507
0.3006787598133087 0.18823567032814026 0.5005425810813904 0.27402183413505554
0.012861102819442749 0.10120698809623718 0.8781832456588745 0.9577426910400391
0.7983622550964355 1.7173588275909424e-05 0.9983519315719604 0.07864394783973694
0.5981468558311462 0.0017817765474319458 0.9940171837806702 0.17722445726394653
0.19432209432125092 0.4087880253791809 0.2964501976966858 0.45657259225845337
0.1378486156463623 0.3302609920501709 0.18777623772621155 0.35804980993270874
0.3006787598133087 0.18823567032814026 0.5005425810813904 0.27402183413505554
0.6997930407524109 0.03607289493083954 0.9859158396720886 0.17025868594646454
