0.2919369041919708 0.44430190324783325 0.385749489068985 0.48935723304748535
0.19083672761917114 0.33190953731536865 0.24858927726745605 0.3650713562965393
0.5357938408851624 0.017853274941444397 0.8333080410957336 0.20682768523693085
0.580068051815033 0.2150152325630188 0.8239173293113708 0.3252682089805603
0.16829347610473633 0.2708657681941986 0.22226941585540771 0.30380716919898987
0.13030889630317688 0.2075161337852478 0.18901917338371277 0.256968230009079
0.601186215877533 0.43490949273109436 0.8385809063911438 0.5178067088127136
0.612754225730896 0.013414658606052399 0.8416006565093994 0.17660143971443176
0.2688939869403839 0.2113816738128662 0.4388824999332428 0.2830962538719177
0.1581629067659378 0.3962361812591553 0.2438836246728897 0.4392656087875366
0.11054280400276184 0.32653799653053284 0.15607738494873047 0.3523238003253937
0.04842066764831543 0.3176652193069458 0.08071878552436829 0.33839452266693115
0.2066754847764969 0.25729820132255554 0.29829132556915283 0.30257633328437805
0.4890873432159424 0.07377895712852478 0.7336859703063965 0.2128506302833557
0.2688939869403839 0.2113816738128662 0.4388824999332428 0.2830962538719177
0.006274551153182983 0.1018480658531189 0.9155381917953491 0.9448769688606262
0.580068051815033 0.2150152325630188 0.8239173293113708 0.3252682089805603
0.6022117733955383 0.4361479878425598 0.8381825089454651 0.5175958275794983
0.2066754847764969 0.25729820132255554 0.29829132556915283 0.30257633328437805
0.01887706108391285 0.28262847661972046 0.043039269745349884 0.299967885017395
0.2688939869403839 0.2113816738128662 0.4388824999332428 0.2830962538719177
