0.29059988260269165 0.4437207579612732 0.3821061849594116 0.4882170557975769
0.5412752628326416 0.022774867713451385 0.8279728889465332 0.20564723014831543
0.1892216056585312 0.33176034688949585 0.24698258936405182 0.36482834815979004
0.5719304084777832 0.217195063829422 0.8124462366104126 0.32678285241127014
0.16821271181106567 0.2710877060890198 0.22167709469795227 0.30384403467178345
0.5956145524978638 0.4370991885662079 0.8212112188339233 0.5175479054450989
0.13080903887748718 0.20777374505996704 0.18982914090156555 0.2568610906600952
0.1580228954553604 0.3956591784954071 0.24217478930950165 0.4383417069911957
0.048815272748470306 0.3176785111427307 0.08073090761899948 0.3382726311683655
0.11036575585603714 0.32636579871177673 0.15524354577064514 0.35213610529899597
0.20607657730579376 0.2571849226951599 0.2973470091819763 0.30264347791671753
0.2671750485897064 0.21036475896835327 0.4357735812664032 0.2820887863636017
0.48461902141571045 0.07425946742296219 0.7039328813552856 0.21113210916519165
0.2671750485897064 0.21036475896835327 0.4357735812664032 0.2820887863636017
0.00488397479057312 0.07675528526306152 0.8669270277023315 0.917475163936615
0.5720524191856384 0.21748371422290802 0.8129832148551941 0.3261130154132843
0.5949993133544922 0.43615761399269104 0.8222308158874512 0.517250657081604
0.018768765032291412 0.28279873728752136 0.042968302965164185 0.29990002512931824
0.20607657730579376 0.2571849226951599 0.2973470091819763 0.30264347791671753
