0.12297577410936356 0.3239682912826538 0.17161144316196442 0.35225552320480347
0.31234028935432434 0.22870980203151703 0.4092598855495453 0.2825532555580139
0.10896352678537369 0.27811363339424133 0.15398761630058289 0.30472227931022644
0.13016673922538757 0.2086179554462433 0.18954455852508545 0.25677528977394104
0.48160940408706665 0.10319005697965622 0.7159221768379211 0.21791556477546692
0.5034231543540955 0.23688502609729767 0.678925096988678 0.32536205649375916
0.009583719074726105 0.337542861700058 0.031886544078588486 0.3525533378124237
0.48142504692077637 0.10375039279460907 0.7153880596160889 0.21741484105587006
0.035733651369810104 0.3499874472618103 0.06203686073422432 0.367201566696167
0.02959851548075676 0.28166207671165466 0.05381205305457115 0.30040428042411804
0.008054397068917751 0.308091938495636 0.031129829585552216 0.32482218742370605
