0.833440899848938 0.10666807740926743 0.9991791248321533 0.25272175669670105
0.3743959069252014 0.19797343015670776 0.49505507946014404 0.26556551456451416
0.1485086977481842 0.325454443693161 0.20153731107711792 0.3576488792896271
0.1353798806667328 0.2749687731266022 0.18578380346298218 0.3043656647205353
0.1291036307811737 0.21719206869602203 0.18840280175209045 0.25529542565345764
0.06014712154865265 0.3601342439651489 0.09245456755161285 0.3820008635520935
0.04931633174419403 0.28177356719970703 0.0796281099319458 0.3012528419494629
0.022091727703809738 0.31029680371284485 0.04893028363585472 0.32779017090797424
0.5998817682266235 0.009690962731838226 0.9193062782287598 0.16540014743804932
0.5998817682266235 0.009690962731838226 0.9193062782287598 0.16540014743804932
0.02643914893269539 0.343677282333374 0.053334761410951614 0.3653525710105896
0.5998817682266235 0.009690962731838226 0.9193062782287598 0.16540014743804932
