0.19160962104797363 0.32915207743644714 0.25603005290031433 0.36519643664360046
0.48996442556381226 0.13293561339378357 0.6526212096214294 0.22839224338531494
0.17394308745861053 0.26723819971084595 0.235075905919075 0.3026140332221985
0.13018563389778137 0.20815172791481018 0.1886686384677887 0.2563113868236542
0.08310312032699585 0.27836474776268005 0.1201712042093277 0.3024463355541229
0.10230366140604019 0.3777135908603668 0.1428213119506836 0.4051671326160431
0.04576785862445831 0.3120822012424469 0.07852619141340256 0.33187422156333923
0.056412529200315475 0.3563758432865143 0.08641931414604187 0.37871089577674866
0.8636143803596497 0.00048717111349105835 1.0 0.056718215346336365
0.018026739358901978 0.3419535756111145 0.038979895412921906 0.35753166675567627
0.10216544568538666 0.3776317834854126 0.1424543261528015 0.4052402377128601
0.004123636521399021 0.3073465824127197 0.022703159600496292 0.3229443430900574
