0.7010043859481812 6.210803985595703e-05 0.9692178964614868 0.14381469786167145
0.13544127345085144 0.2761605679988861 0.18384048342704773 0.30437329411506653
0.23609957098960876 0.25060975551605225 0.31434038281440735 0.2962675094604492
0.130731463432312 0.20716968178749084 0.1893843412399292 0.2555589973926544
0.08608262240886688 0.3166392743587494 0.12737730145454407 0.34087082743644714
0.17241857945919037 0.40412721037864685 0.2292100340127945 0.4416969120502472
0.10071544349193573 0.3760087490081787 0.14444896578788757 0.40319138765335083
0.2686774730682373 0.32487058639526367 0.35367900133132935 0.37019723653793335
0.04476732760667801 0.35324618220329285 0.07580478489398956 0.37348631024360657
0.023741304874420166 0.30995726585388184 0.05182257294654846 0.32836079597473145
0.005372162908315659 0.33541667461395264 0.02528749406337738 0.35019320249557495
0.26783287525177 0.32525634765625 0.3213157653808594 0.3686014413833618
0.17250166833400726 0.40429508686065674 0.22891657054424286 0.44186681509017944
0.00896558165550232 0.23582178354263306 0.23022086918354034 0.4312250018119812
0.0005147457122802734 0.0 0.9451374411582947 1.0
