0.16554269194602966 0.2694801688194275 0.22358086705207825 0.30305182933807373
0.18147236108779907 0.32842475175857544 0.24386310577392578 0.3636205792427063
0.46397677063941956 0.1499987095594406 0.6150276064872742 0.23752941191196442
0.12974002957344055 0.20792676508426666 0.18919938802719116 0.25601574778556824
0.7950543165206909 0.0 1.0 0.08745058625936508
0.07625523954629898 0.27835217118263245 0.11136048287153244 0.30230507254600525
0.09286360442638397 0.3737828731536865 0.13096612691879272 0.3994715213775635
0.047482915222644806 0.35459622740745544 0.07864349335432053 0.37450000643730164
0.040322400629520416 0.31046953797340393 0.07130986452102661 0.33100005984306335
0.013582918792963028 0.33908581733703613 0.03375992551445961 0.35413968563079834
0.09263761341571808 0.3737484812736511 0.13083624839782715 0.39950841665267944
0.7948049306869507 0.0 1.0 0.08789834380149841
