0.2609838545322418 0.6313680410385132 0.30004408955574036 0.6898316144943237
0.4492771327495575 0.11965463310480118 0.5410215854644775 0.2177468240261078
0.3299066722393036 0.664107084274292 0.3872770369052887 0.7424836158752441
0.23951825499534607 0.6153706908226013 0.27376434206962585 0.6674433350563049
0.16095423698425293 0.5711448788642883 0.18648722767829895 0.6065179705619812
0.2266925722360611 0.6085562109947205 0.26247745752334595 0.6599436402320862
0.1532149463891983 0.5659831762313843 0.17948992550373077 0.5957821607589722
0.15404285490512848 0.5441555976867676 0.1741984635591507 0.5636200904846191
0.25555187463760376 0.6275396943092346 0.2904897928237915 0.6799948811531067
0.22560955584049225 0.614960253238678 0.2520178556442261 0.6606069207191467
0.24554046988487244 0.620987594127655 0.2785100042819977 0.6746453642845154
