0.2609650492668152 0.6312717795372009 0.2998356223106384 0.6899272799491882
0.45473092794418335 0.11302114278078079 0.5470555424690247 0.2106289267539978
0.33007460832595825 0.6645577549934387 0.38715898990631104 0.7422400116920471
0.2406374216079712 0.6161763668060303 0.2744472026824951 0.6694988012313843
0.16092564165592194 0.5711489319801331 0.18608172237873077 0.6068411469459534
0.22683079540729523 0.6088358163833618 0.2625713646411896 0.660027027130127
0.15376169979572296 0.5664716958999634 0.17957381904125214 0.5960204601287842
0.1528375893831253 0.543930172920227 0.17363782227039337 0.5640772581100464
0.25644510984420776 0.6278517246246338 0.2911834716796875 0.6802412271499634
0.22574931383132935 0.6152894496917725 0.2519037425518036 0.6605631113052368
