0.2611222267150879 0.6313261985778809 0.30002790689468384 0.6902889013290405
0.48327434062957764 0.08194393664598465 0.5876026153564453 0.17399361729621887
0.3308626413345337 0.663638174533844 0.38449782133102417 0.7426338791847229
0.24097587168216705 0.6161633133888245 0.27440738677978516 0.6695064902305603
0.1608392596244812 0.5710517764091492 0.18657827377319336 0.6067083477973938
0.22727560997009277 0.6091935038566589 0.2626960277557373 0.6598393321037292
0.15327078104019165 0.5656283497810364 0.17959481477737427 0.5953192114830017
0.14968788623809814 0.542933464050293 0.17021167278289795 0.5628699064254761
0.4826955199241638 0.08165411651134491 0.586015522480011 0.1749950796365738
0.2260265350341797 0.6165465712547302 0.2517593502998352 0.6603315472602844
0.25591617822647095 0.6276713609695435 0.29012709856033325 0.6799908876419067
