0.16576188802719116 0.2725861072540283 0.22182929515838623 0.30510181188583374
0.3248310089111328 0.3161695897579193 0.4309155344963074 0.3690386712551117
0.13040706515312195 0.20853683352470398 0.19024410843849182 0.25608620047569275
0.27665308117866516 0.23674137890338898 0.3650863468647003 0.288789838552475
0.11127433180809021 0.32101479172706604 0.15844357013702393 0.3462119400501251
0.06573343276977539 0.36045706272125244 0.09849332273006439 0.3825640082359314
0.8776005506515503 0.0006801970303058624 1.0 0.0654543787240982
0.13385143876075745 0.38927897810935974 0.18404671549797058 0.4189065396785736
0.21776872873306274 0.4206732511520386 0.28436946868896484 0.46407943964004517
0.04018238186836243 0.31180334091186523 0.07282049208879471 0.33227068185806274
0.21751850843429565 0.42036476731300354 0.2851712703704834 0.46284183859825134
0.013869788497686386 0.3398529291152954 0.03890925645828247 0.35760068893432617
0.27665308117866516 0.23674137890338898 0.3650863468647003 0.288789838552475
0.13219308853149414 0.38869813084602356 0.18433159589767456 0.4189527928829193
0.002794593572616577 0.0 0.9534115791320801 0.9379558563232422
