0.33432313799858093 0.45159509778022766 0.4356936514377594 0.5039999485015869
0.13017979264259338 0.20776577293872833 0.19093000888824463 0.2566874623298645
0.38424429297447205 0.18035051226615906 0.5117691159248352 0.25969386100769043
0.18296675384044647 0.32171255350112915 0.2461353987455368 0.35785728693008423
0.2432013303041458 0.2565213739871979 0.31775468587875366 0.2998897135257721
0.20904766023159027 0.41535305976867676 0.28196612000465393 0.45761436223983765
0.5280755162239075 0.25208407640457153 0.7264000773429871 0.34752631187438965
0.11462129652500153 0.3820178210735321 0.15963323414325714 0.4086664021015167
0.08207390457391739 0.3189130425453186 0.12528757750988007 0.34198737144470215
0.041858311742544174 0.3496796488761902 0.07374989986419678 0.37044912576675415
0.004727274179458618 0.00473371148109436 0.9358487129211426 0.9063073396682739
0.381708025932312 0.18064150214195251 0.5099630355834961 0.25881144404411316
