0.1298917829990387 0.22163128852844238 0.18770405650138855 0.2554505169391632
0.4644153118133545 0.4667208790779114 0.6228702068328857 0.529024064540863
0.08866311609745026 0.3248825669288635 0.12828592956066132 0.3497447967529297
0.259920209646225 0.4391622543334961 0.3472782075405121 0.48726940155029297
0.10150805860757828 0.27121081948280334 0.18039670586585999 0.31203755736351013
0.08243678510189056 0.27486494183540344 0.129680335521698 0.30928006768226624
0.09149053692817688 0.269423246383667 0.13813841342926025 0.30543726682662964
0.46296048164367676 0.46626245975494385 0.6207412481307983 0.5292344689369202
0.07166235148906708 0.27017876505851746 0.14169186353683472 0.30916252732276917
0.8437028527259827 0.0971851572394371 0.9990395903587341 0.2113337516784668
0.26017147302627563 0.4389915466308594 0.347232460975647 0.48733705282211304
0.0 0.0006282031536102295 0.9974092841148376 0.9474601745605469
0.07584383338689804 0.2767317295074463 0.1140211746096611 0.3084326386451721
