0.1962507963180542 0.3303814232349396 0.26210322976112366 0.3662952482700348
0.4028231203556061 0.466769278049469 0.5421370267868042 0.5289023518562317
0.13032688200473785 0.20832505822181702 0.19157807528972626 0.2543240785598755
0.018636316061019897 0.3104536533355713 0.05093368887901306 0.3303450345993042
0.1666652262210846 0.24541974067687988 0.2987838685512543 0.3096325993537903
0.16765540838241577 0.24570181965827942 0.2993525266647339 0.309458464384079
0.14675664901733398 0.25481241941452026 0.212234765291214 0.302997887134552
0.002536565065383911 0.0 0.9879447221755981 0.9727774262428284
0.4028231203556061 0.466769278049469 0.5421370267868042 0.5289023518562317
0.15664604306221008 0.2498292773962021 0.23000690340995789 0.30171990394592285
