0.5683922171592712 0.2111436426639557 0.804513156414032 0.32051780819892883
0.1366785615682602 0.3245508372783661 0.18839944899082184 0.35206368565559387
0.13207848370075226 0.20843616127967834 0.19001005589962006 0.25771817564964294
0.04331522062420845 0.26937395334243774 0.1456407755613327 0.3096754550933838
0.25179988145828247 0.26652026176452637 0.3124333620071411 0.2860892415046692
0.00826217234134674 0.3357698619365692 0.029402442276477814 0.35113516449928284
0.023767881095409393 0.3095128834247589 0.05279628932476044 0.32907238602638245
0.01677681878209114 0.27857160568237305 0.054084401577711105 0.3007449507713318
0.01677681878209114 0.27857160568237305 0.054084401577711105 0.3007449507713318
0.07664437592029572 0.27278801798820496 0.14444708824157715 0.30754223465919495
0.0 0.0 1.0 0.9687066674232483
0.5695886015892029 0.21107202768325806 0.8067945837974548 0.3212890625
