0.1304691582918167 0.2056722640991211 0.1896747201681137 0.25601130723953247
0.2384793907403946 0.3160637617111206 0.3175043761730194 0.35768765211105347
0.09509113430976868 0.3714204430580139 0.13457779586315155 0.39605557918548584
0.030070491135120392 0.28100159764289856 0.057355910539627075 0.3012315332889557
0.13708029687404633 0.25594615936279297 0.2608668804168701 0.30597978830337524
0.30935561656951904 0.1362433135509491 0.597587525844574 0.26475536823272705
0.026755260303616524 0.3123951554298401 0.0500679612159729 0.3280273675918579
0.31034964323043823 0.13475272059440613 0.5933364033699036 0.2638961374759674
0.14375343918800354 0.2559736967086792 0.26668477058410645 0.30564290285110474
0.4588431119918823 0.13711902499198914 0.5981845855712891 0.2285422384738922
