0.12858304381370544 0.20834296941757202 0.18933233618736267 0.2571728527545929
0.43391403555870056 0.2650381326675415 0.5826539993286133 0.3392186164855957
0.05133388936519623 0.3157593309879303 0.08338688313961029 0.3352220952510834
0.049557484686374664 0.2820884883403778 0.08075539022684097 0.3021257817745209
0.2030816525220871 0.22919347882270813 0.37550538778305054 0.29933586716651917
0.012346716597676277 0.33798548579216003 0.032387830317020416 0.35280129313468933
0.1304713487625122 0.3862723112106323 0.17876404523849487 0.41376274824142456
0.1304713487625122 0.3862723112106323 0.17876404523849487 0.41376274824142456
0.01321709156036377 0.28309670090675354 0.029833544045686722 0.2971130907535553
0.20521578192710876 0.22904329001903534 0.37631508708000183 0.3010444939136505
