0.3673662543296814 0.28869500756263733 0.4927414059638977 0.35014286637306213
0.12887567281723022 0.2081761211156845 0.18889090418815613 0.2568666636943817
0.1212569996714592 0.38267695903778076 0.16672176122665405 0.4095158576965332
0.18542765080928802 0.24045608937740326 0.3418453335762024 0.30302494764328003
0.04337766021490097 0.314330518245697 0.07376643270254135 0.3335753083229065
0.7832762002944946 0.0 0.9693217277526855 0.11422227323055267
0.04372996464371681 0.2824728190898895 0.0732392892241478 0.30192849040031433
0.4702039957046509 0.0 0.8877079486846924 0.1997060775756836
0.008229869417846203 0.335669606924057 0.028443679213523865 0.3509072959423065
0.4706406593322754 0.00012203305959701538 0.8953913450241089 0.19938084483146667
0.18757912516593933 0.24005842208862305 0.34325483441352844 0.30324578285217285
0.7870776057243347 0.0 0.9696475863456726 0.11625893414020538
0.012713422067463398 0.28299057483673096 0.027316637337207794 0.2972567081451416
0.1212569996714592 0.38267695903778076 0.16672176122665405 0.4095158576965332
