0.260757178068161 0.631205677986145 0.30007103085517883 0.6899142265319824
0.3299543261528015 0.6625624895095825 0.386655330657959 0.7419599294662476
0.4365400969982147 0.14185045659542084 0.5254067778587341 0.2438320368528366
0.24061699211597443 0.61646968126297 0.27433881163597107 0.6694610714912415
0.1607835739850998 0.5708329677581787 0.18669770658016205 0.6071362495422363
0.2266276776790619 0.6087138652801514 0.2621787488460541 0.6600492000579834
0.15390747785568237 0.5667915344238281 0.1802830696105957 0.5971128940582275
0.35245147347450256 0.5605197548866272 0.41981926560401917 0.5819591879844666
0.2554621696472168 0.6273693442344666 0.2910822629928589 0.6803095936775208
0.15474162995815277 0.5441641807556152 0.17749206721782684 0.5639477968215942
0.1505574733018875 0.563701868057251 0.1757950335741043 0.591246485710144
0.2256699949502945 0.6171640753746033 0.2513291537761688 0.6602635979652405
0.43659117817878723 0.14284387230873108 0.5260151028633118 0.24329906702041626
