0.15405891835689545 0.3188724219799042 0.20849938690662384 0.3494485318660736
0.12890668213367462 0.20879028737545013 0.1912434846162796 0.256067156791687
0.2227613478899002 0.41750025749206543 0.29275578260421753 0.45806294679641724
0.1079048365354538 0.27907752990722656 0.15510229766368866 0.3041679263114929
0.029511306434869766 0.3133147656917572 0.058014001697301865 0.33292630314826965
0.05301088094711304 0.3555299639701843 0.08232906460762024 0.3748295307159424
0.015109424479305744 0.3428349494934082 0.03313726559281349 0.35833877325057983
0.036198899149894714 0.2810196280479431 0.06469552963972092 0.29857146739959717
0.5567071437835693 0.0 1.0 0.1690167933702469
0.5567071437835693 0.0 1.0 0.1690167933702469
0.22293207049369812 0.4178324043750763 0.2923663556575775 0.4594046175479889
