0.16953817009925842 0.271308958530426 0.23418593406677246 0.30492883920669556
0.3008044958114624 0.2904254198074341 0.3961624503135681 0.3405899405479431
0.12817662954330444 0.21507343649864197 0.18905285000801086 0.2554735243320465
0.2948221266269684 0.4411084055900574 0.3809034526348114 0.48335492610931396
0.05628713220357895 0.3177034854888916 0.09232049435377121 0.33945751190185547
0.06231171265244484 0.2807561159133911 0.09671470522880554 0.2992081046104431
0.08788353204727173 0.3720077574253082 0.12534582614898682 0.397137850522995
0.03494729846715927 0.35034069418907166 0.06285331398248672 0.3710504472255707
0.030574118718504906 0.3131568431854248 0.05922859162092209 0.334150493144989
0.29444870352745056 0.4429030120372772 0.38035187125205994 0.4838115870952606
0.08810478448867798 0.37259575724601746 0.12509027123451233 0.3973800241947174
