0.20364142954349518 0.2642124891281128 0.27793121337890625 0.30327701568603516
0.4155880808830261 0.24875754117965698 0.5518587827682495 0.3212279677391052
0.12981455028057098 0.209079310297966 0.1895156353712082 0.2563754916191101
0.3245837688446045 0.4464769661426544 0.41943657398223877 0.4929092228412628
0.0715489462018013 0.31955820322036743 0.10991229861974716 0.34154707193374634
0.07613232731819153 0.27848297357559204 0.11226427555084229 0.29916322231292725
0.04421336203813553 0.35549482703208923 0.07550391554832458 0.3757045567035675
0.04236563667654991 0.31672170758247375 0.07305380702018738 0.3359086215496063
0.10641609877347946 0.38157981634140015 0.1448434293270111 0.4080115556716919
0.1056908667087555 0.38190141320228577 0.14502203464508057 0.40827617049217224
0.032669056206941605 0.3117189109325409 0.053063053637742996 0.3292792737483978
0.00772995688021183 0.30824339389801025 0.031824447214603424 0.32732242345809937
