0.6142758727073669 0.15877723693847656 0.8469592928886414 0.27197742462158203
0.24727074801921844 0.2515116035938263 0.3341248333454132 0.2974793612957001
0.12975682318210602 0.2077382206916809 0.1914789229631424 0.25608956813812256
0.35494500398635864 0.45185694098472595 0.46497172117233276 0.5003936290740967
0.12152452766895294 0.3901480436325073 0.1687023788690567 0.4205130934715271
0.05785026401281357 0.3604104816913605 0.09138739854097366 0.38274821639060974
0.091115802526474 0.2776489555835724 0.12946228682994843 0.2990919053554535
0.08851399272680283 0.32183319330215454 0.1291562020778656 0.34436196088790894
0.05397500842809677 0.31753233075141907 0.08816704899072647 0.33994993567466736
0.013759217225015163 0.3105422258377075 0.03910282254219055 0.3291659951210022
0.04191885516047478 0.31122809648513794 0.06447630375623703 0.3321515917778015
0.6142758727073669 0.15877723693847656 0.8469592928886414 0.27197742462158203
