0.5410503149032593 0.2064153552055359 0.750541090965271 0.3065396547317505
0.28910210728645325 0.305402547121048 0.38401201367378235 0.3536563813686371
0.1304893046617508 0.20672672986984253 0.1921779364347458 0.2570874094963074
0.20128867030143738 0.3283493220806122 0.2683428227901459 0.36471858620643616
0.3704940974712372 0.4668999910354614 0.48614051938056946 0.5203089714050293
0.21092870831489563 0.4222143292427063 0.2795370817184448 0.4659658670425415
0.39651715755462646 0.18472856283187866 0.5132521986961365 0.24868473410606384
0.12409502267837524 0.32260480523109436 0.1729191243648529 0.35229143500328064
0.06497772783041 0.2849105894565582 0.10208132117986679 0.30766287446022034
0.09585060179233551 0.3706265091896057 0.13671456277370453 0.3972216248512268
0.035584501922130585 0.34916961193084717 0.06641428917646408 0.36863207817077637
0.025621460750699043 0.3143358528614044 0.05477885156869888 0.3329114615917206
0.03004051372408867 0.2820906341075897 0.05396630987524986 0.29998764395713806
0.00899454951286316 0.005827575922012329 0.9053375720977783 0.8902875185012817
0.09570211172103882 0.3706207871437073 0.1366126835346222 0.3973149061203003
