0.20548482239246368 0.2611691951751709 0.27557867765426636 0.30102044343948364
0.3867076635360718 0.4662870168685913 0.511445164680481 0.5247724652290344
0.3693902790546417 0.28747278451919556 0.4925207793712616 0.3491824269294739
0.842885434627533 0.09495215117931366 0.9995326399803162 0.252122163772583
0.12946105003356934 0.20745748281478882 0.18897604942321777 0.25652119517326355
0.11623179912567139 0.3237342834472656 0.16419309377670288 0.34981048107147217
0.21066498756408691 0.4160711169242859 0.2811424732208252 0.45864880084991455
0.09253179281949997 0.2806839942932129 0.13051080703735352 0.3045622706413269
0.119538813829422 0.3847184479236603 0.16393733024597168 0.4134151041507721
0.0015301275998353958 0.30698785185813904 0.033278584480285645 0.33117470145225525
0.01636803150177002 0.00670585036277771 0.9968254566192627 0.9019910097122192
0.11152127385139465 0.3831571042537689 0.15233609080314636 0.41028496623039246
