0.407414972782135 0.2679847180843353 0.5483477115631104 0.34174641966819763
0.562591016292572 0.0863085687160492 0.7436198592185974 0.18789520859718323
0.13033795356750488 0.20694974064826965 0.19352290034294128 0.25672614574432373
0.1598011553287506 0.32455453276634216 0.21689358353614807 0.35836145281791687
0.12175902724266052 0.3820175528526306 0.16875743865966797 0.41162359714508057
0.24813087284564972 0.4354258179664612 0.3289913535118103 0.4815758466720581
0.08926668763160706 0.28290265798568726 0.13011300563812256 0.3082425594329834
0.26545238494873047 0.32175782322883606 0.3515797257423401 0.36471936106681824
0.043445996940135956 0.3171616196632385 0.07465843856334686 0.33590227365493774
0.44944021105766296 0.4758250415325165 0.5958333015441895 0.5393837094306946
0.05330970138311386 0.356571763753891 0.08677370101213455 0.37848249077796936
0.042794570326805115 0.2807545065879822 0.07060016691684723 0.3014882802963257
0.44788533449172974 0.47606006264686584 0.5962761044502258 0.5391035079956055
0.016183167695999146 0.06175610423088074 0.8310773372650146 0.8829771280288696
0.2667461037635803 0.3229617476463318 0.31788140535354614 0.36210793256759644
0.40833714604377747 0.26814720034599304 0.5483826398849487 0.34042736887931824
