0.5441356897354126 0.0814070850610733 0.736225962638855 0.20111651718616486
0.18057700991630554 0.268357515335083 0.24031436443328857 0.30146121978759766
0.2846096456050873 0.300231009721756 0.3784303367137909 0.34962257742881775
0.13001641631126404 0.20693102478981018 0.1898098587989807 0.25612810254096985
0.33736076951026917 0.4510344862937927 0.43874505162239075 0.5005646347999573
0.19834446907043457 0.4206363260746002 0.27485617995262146 0.4635629951953888
0.6915770769119263 0.46624821424484253 1.0 0.5572443604469299
0.0 0.3024076819419861 0.07494784891605377 0.34083569049835205
0.19969451427459717 0.4206393361091614 0.27454280853271484 0.46218961477279663
0.0091524887830019 0.28255361318588257 0.05254264920949936 0.3039492964744568
8.292496204376221e-05 0.303345263004303 0.07709090411663055 0.34081119298934937
