0.2540406286716461 0.24491705000400543 0.3365670144557953 0.2918204665184021
0.477771520614624 0.24045661091804504 0.6555564403533936 0.3277105987071991
0.1449127495288849 0.32309073209762573 0.19821977615356445 0.35212427377700806
0.12902583181858063 0.20740415155887604 0.19170580804347992 0.257233202457428
0.23804213106632233 0.4262583255767822 0.3119078576564789 0.4677999019622803
0.4343418478965759 0.47114962339401245 0.5792285799980164 0.5343486666679382
0.10838578641414642 0.279666930437088 0.1512070745229721 0.30435696244239807
0.13131831586360931 0.39180251955986023 0.18878795206546783 0.4256782829761505
0.003951255232095718 0.3099813759326935 0.04069870710372925 0.3337193429470062
0.015814870595932007 0.0006517767906188965 0.9445977210998535 0.8946948051452637
0.4346238076686859 0.4705842435359955 0.579292356967926 0.5335928797721863
0.003951255232095718 0.3099813759326935 0.04069870710372925 0.3337193429470062
