0.5811580419540405 0.07129193842411041 0.7810511589050293 0.19096054136753082
0.598602831363678 0.7596012353897095 0.8209488987922668 0.8804900646209717
0.13133113086223602 0.20958440005779266 0.18993626534938812 0.2557425796985626
0.3470551371574402 0.45767903327941895 0.48102909326553345 0.5180111527442932
0.5334416031837463 0.4720070958137512 0.7296275496482849 0.5512492060661316
0.11566546559333801 0.3145764470100403 0.19580760598182678 0.3625551462173462
0.05618299916386604 0.273654043674469 0.12558001279830933 0.30948150157928467
0.036252375692129135 0.3129727244377136 0.1422666311264038 0.36076533794403076
0.5291005373001099 0.4788167178630829 0.5861753225326538 0.5274035930633545
0.021084481850266457 0.28192663192749023 0.05390679091215134 0.3027624487876892
0.34751951694488525 0.45731014013290405 0.4799271821975708 0.5170094966888428
0.05880610644817352 0.31152278184890747 0.17908339202404022 0.3614267110824585
0.5350148677825928 0.4725828766822815 0.7302972078323364 0.5502778887748718
