0.15828149020671844 0.2742617726325989 0.21161071956157684 0.30481964349746704
0.12839901447296143 0.2190670371055603 0.18771550059318542 0.25554805994033813
0.4346608519554138 0.885435163974762 0.5443159937858582 0.9668803811073303
0.2950160503387451 0.22265353798866272 0.4151511788368225 0.28189119696617126
0.09780248254537582 0.38336876034736633 0.15775209665298462 0.41449394822120667
0.040242161601781845 0.2825365960597992 0.07092330604791641 0.302996963262558
0.041645947843790054 0.3126353621482849 0.07370865345001221 0.33413922786712646
0.06576523929834366 0.33351370692253113 0.10209094732999802 0.35475996136665344
0.4625982642173767 0.883683979511261 0.5497422814369202 0.9545485377311707
0.09780248254537582 0.38336876034736633 0.15775209665298462 0.41449394822120667
0.788529098033905 0.00036141276359558105 0.9978169798851013 0.07885659486055374
0.005347907543182373 0.0 1.0 1.0
0.4096319079399109 0.891999363899231 0.5178830623626709 0.9687070846557617
0.2950160503387451 0.22265353798866272 0.4151511788368225 0.28189119696617126
