0.6198633313179016 0.7533297538757324 0.8547731041908264 0.8729231357574463
0.2433079481124878 0.2575223445892334 0.3144039511680603 0.3003537654876709
0.13083161413669586 0.2087160050868988 0.1900385469198227 0.2562415897846222
0.5537945032119751 0.06004149466753006 0.803841233253479 0.18858662247657776
0.07168110460042953 0.28329402208328247 0.10980810970067978 0.3051624298095703
0.1311933398246765 0.32656872272491455 0.18464821577072144 0.3551208972930908
0.07380012422800064 0.3173622190952301 0.11233993619680405 0.34005478024482727
0.1643938273191452 0.411510169506073 0.244729682803154 0.4506402015686035
0.1643938273191452 0.411510169506073 0.244729682803154 0.4506402015686035
0.1311933398246765 0.32656872272491455 0.18464821577072144 0.3551208972930908
0.5529243350028992 0.060887813568115234 0.8035911917686462 0.18876895308494568
