0.13984017074108124 0.2785898447036743 0.19579865038394928 0.3077111840248108
0.35297125577926636 0.27954211831092834 0.47169381380081177 0.33847150206565857
0.14027777314186096 0.3177073299884796 0.19788935780525208 0.3492666184902191
0.1283627152442932 0.2176368683576584 0.18747740983963013 0.25541675090789795
0.5004318952560425 0.12544256448745728 0.6743019819259644 0.2284751534461975
0.2869741916656494 0.44519680738449097 0.41713881492614746 0.4986422061920166
0.28634488582611084 0.4442984461784363 0.4172540307044983 0.49839478731155396
0.5004318952560425 0.12544256448745728 0.6743019819259644 0.2284751534461975
0.011931129731237888 0.31149330735206604 0.03839079290628433 0.32828375697135925
0.28634488582611084 0.4442984461784363 0.4172540307044983 0.49839478731155396
