0.2609308958053589 0.6309598684310913 0.29976093769073486 0.6900746822357178
0.3301657438278198 0.6637192964553833 0.38656312227249146 0.7417793273925781
0.23960039019584656 0.6150168180465698 0.273711234331131 0.668002724647522
0.15985412895679474 0.5706368088722229 0.18665681779384613 0.6072824597358704
0.22550241649150848 0.6072251200675964 0.2625355124473572 0.6601341366767883
0.574738621711731 0.6204402446746826 0.6723867654800415 0.6507773399353027
0.15448087453842163 0.5662925243377686 0.1831192672252655 0.599669337272644
0.16233491897583008 0.5463624000549316 0.18593907356262207 0.5696331262588501
0.1510923057794571 0.5616462230682373 0.18038766086101532 0.5927191972732544
0.4092089533805847 0.30045247077941895 0.4823513627052307 0.4155579209327698
0.2555556297302246 0.6271424889564514 0.29028213024139404 0.680353581905365
