0.26094746589660645 0.6310452818870544 0.29978328943252563 0.6898474097251892
0.3304426670074463 0.664687991142273 0.3863808512687683 0.7417572736740112
0.23949046432971954 0.6153549551963806 0.273633748292923 0.6679869294166565
0.16004407405853271 0.5712757110595703 0.18660977482795715 0.6070235967636108
0.22571642696857452 0.6073607802391052 0.2625807821750641 0.6600627303123474
0.15377652645111084 0.5655615329742432 0.18235313892364502 0.5985209941864014
0.6230120658874512 0.6264803409576416 0.7268474102020264 0.6587076187133789
0.16211090981960297 0.547903835773468 0.18207381665706635 0.5633421540260315
0.1616111546754837 0.545775294303894 0.18513958156108856 0.5691556930541992
0.25531598925590515 0.6270015239715576 0.29040488600730896 0.6802998781204224
0.3167791962623596 0.5532824397087097 0.37317413091659546 0.5687609314918518
0.15016303956508636 0.5631247758865356 0.17711888253688812 0.5919708013534546
