0.6161910891532898 0.8102226257324219 0.7380990386009216 0.9476277828216553
0.26062673330307007 0.6309447884559631 0.2993008494377136 0.6898664832115173
0.7873693704605103 0.0 0.9575223922729492 0.13864386081695557
0.3300727903842926 0.6645470857620239 0.38661137223243713 0.7422411441802979
0.23864434659481049 0.6148884296417236 0.2736911177635193 0.6668773889541626
0.7030938863754272 0.6135952472686768 0.8251757621765137 0.6436882019042969
0.22552476823329926 0.6075053215026855 0.2637803554534912 0.6605261564254761
0.15977804362773895 0.5712814927101135 0.18578539788722992 0.6057923436164856
0.15463168919086456 0.5662994980812073 0.18075643479824066 0.5985683798789978
0.15090778470039368 0.563854455947876 0.17700913548469543 0.592126727104187
0.8770655393600464 0.10161776840686798 0.9977991580963135 0.3381993770599365
0.224909707903862 0.614745020866394 0.25250688195228577 0.6607227325439453
