0.6167038083076477 0.809430718421936 0.738084614276886 0.9477158784866333
0.2609241008758545 0.6309947371482849 0.2990339398384094 0.6894775032997131
0.32995837926864624 0.6630043387413025 0.386410653591156 0.7424589991569519
0.7882346510887146 0.0 0.9611666798591614 0.13886354863643646
0.2382839322090149 0.6139344573020935 0.27361220121383667 0.6669792532920837
0.15947915613651276 0.5715941786766052 0.18597175180912018 0.6058291792869568
0.5834851861000061 0.5942369699478149 0.6885667443275452 0.6245275735855103
0.22591809928417206 0.6073340177536011 0.26456984877586365 0.6607698202133179
0.15404069423675537 0.5659220814704895 0.18085220456123352 0.598054826259613
0.15054085850715637 0.5633695125579834 0.17627030611038208 0.5911685228347778
