0.6162487864494324 0.8099319934844971 0.7383231520652771 0.947422981262207
0.2609570324420929 0.631169319152832 0.29961541295051575 0.6899628639221191
0.3299654424190521 0.6649141311645508 0.387175053358078 0.7425792217254639
0.7884470820426941 0.0 0.9618039727210999 0.13838133215904236
0.23881037533283234 0.6144009828567505 0.2733638882637024 0.6678594350814819
0.5417897701263428 0.5894045829772949 0.6356736421585083 0.6159489154815674
0.1595272570848465 0.5717324614524841 0.18646134436130524 0.6060687899589539
0.2262415885925293 0.6075031161308289 0.26267728209495544 0.6598494648933411
0.15330611169338226 0.5652295351028442 0.18051983416080475 0.596813440322876
0.2257840782403946 0.6146143674850464 0.2518616020679474 0.6607446670532227
0.8749534487724304 0.09029948711395264 0.9981589913368225 0.33939918875694275
0.25654351711273193 0.6273918151855469 0.29212790727615356 0.6812032461166382
