0.6077204346656799 0.7446708679199219 0.729988157749176 0.8950045108795166
0.26091253757476807 0.6313115358352661 0.299419105052948 0.6893875598907471
0.3304033875465393 0.6646548509597778 0.3867260217666626 0.7424050569534302
0.7869609594345093 0.0 0.9689246416091919 0.14024370908737183
0.23900248110294342 0.6155698895454407 0.27386674284935 0.6678596138954163
0.15966607630252838 0.5718595385551453 0.1872185617685318 0.6072739958763123
0.22600191831588745 0.6078383922576904 0.2623538076877594 0.6596814393997192
0.15231525897979736 0.5644738674163818 0.1796562373638153 0.5962362289428711
0.4453068673610687 0.5775129199028015 0.5263132452964783 0.595805823802948
0.8750594854354858 0.09656353294849396 0.9984575510025024 0.3392367362976074
0.22514231503009796 0.6154770851135254 0.25117185711860657 0.6607204675674438
