0.474871963262558 0.6272056698799133 0.5916336178779602 0.7082530856132507
0.2607225775718689 0.6313074827194214 0.2994597554206848 0.6900829076766968
0.7881760597229004 0.0 0.9629994630813599 0.1381949633359909
0.3300110101699829 0.6646937727928162 0.3869090676307678 0.7425586581230164
0.23965111374855042 0.6147432923316956 0.2738582193851471 0.6677367091178894
0.159840926527977 0.5720697045326233 0.1864238828420639 0.6077138781547546
0.22575345635414124 0.6076194643974304 0.26211339235305786 0.6598959565162659
0.15259933471679688 0.5647227764129639 0.17908036708831787 0.5954642295837402
0.8751694560050964 0.09586820006370544 0.9978298544883728 0.3381461799144745
0.2284860610961914 0.6952552199363708 0.28590208292007446 0.727680504322052
0.2565082609653473 0.6274221539497375 0.29201558232307434 0.6812064051628113
0.33577463030815125 0.5629957914352417 0.402838796377182 0.5816458463668823
