0.2607332468032837 0.6313279867172241 0.2993046045303345 0.6900556087493896
0.4857271611690521 0.6249281167984009 0.6071212291717529 0.7182563543319702
0.3300360441207886 0.6645756363868713 0.38690125942230225 0.7424493432044983
0.7874698042869568 0.0 0.9737036824226379 0.14002519845962524
0.23968712985515594 0.6146766543388367 0.2739010751247406 0.6676532626152039
0.15982213616371155 0.5720807909965515 0.18645170331001282 0.6078202128410339
0.22574862837791443 0.6075320243835449 0.26188403367996216 0.6598803997039795
0.15240256488323212 0.5643935203552246 0.1788937896490097 0.5950068235397339
0.3482133448123932 0.5638779401779175 0.41028884053230286 0.5838685035705566
0.2283230721950531 0.695173978805542 0.286228746175766 0.7277079820632935
0.25647783279418945 0.6273342967033386 0.2921326756477356 0.6812315583229065
0.8772233724594116 0.08574201166629791 0.997735857963562 0.3383692502975464
