0.2607364356517792 0.6313352584838867 0.29930463433265686 0.690064549446106
0.48420682549476624 0.6251538395881653 0.6059678792953491 0.7178757786750793
0.330026239156723 0.6645916700363159 0.38690730929374695 0.74254310131073
0.7873649001121521 0.0 0.9720590710639954 0.13977980613708496
0.23967434465885162 0.6146683096885681 0.2739095687866211 0.6676676869392395
0.15979914367198944 0.5720927715301514 0.186479851603508 0.6078351736068726
0.22573433816432953 0.6075433492660522 0.2619043290615082 0.6599019765853882
0.15229545533657074 0.564306914806366 0.17889930307865143 0.5949458479881287
0.3481733202934265 0.5638297200202942 0.4087514281272888 0.5840367674827576
0.22827862203121185 0.6951644420623779 0.28607767820358276 0.7277182340621948
0.25647687911987305 0.6273371577262878 0.2921225428581238 0.6812407374382019
0.8779685497283936 0.08791081607341766 0.997529149055481 0.3386382460594177
