0.47976964712142944 0.6255914568901062 0.5970577597618103 0.7134124636650085
0.2607567608356476 0.6313425302505493 0.2993367612361908 0.6900618076324463
0.7866532206535339 0.0 0.971042811870575 0.13988405466079712
0.3300015926361084 0.6646806597709656 0.38680553436279297 0.7422636151313782
0.2396707683801651 0.6148378849029541 0.2738628089427948 0.6677414178848267
0.15982462465763092 0.5720596313476562 0.18645475804805756 0.6075910329818726
0.2258046269416809 0.6076159477233887 0.2620176672935486 0.6599084138870239
0.15259216725826263 0.5646628737449646 0.17904798686504364 0.5954318642616272
0.3467009365558624 0.5634589791297913 0.40550515055656433 0.5825324654579163
0.22866901755332947 0.6954584121704102 0.2867980897426605 0.7276922464370728
0.256617933511734 0.6274935007095337 0.29207149147987366 0.6812360286712646
