0.26094523072242737 0.6316443085670471 0.2999219000339508 0.6902056336402893
0.7881373763084412 0.0 0.9675456881523132 0.13970154523849487
0.3303777575492859 0.6633991003036499 0.38702112436294556 0.7424739599227905
0.23664478957653046 0.5661202073097229 0.272460401058197 0.5931853652000427
0.23888254165649414 0.6150713562965393 0.2743222117424011 0.6674975752830505
0.16011592745780945 0.5718477368354797 0.18746903538703918 0.6073598265647888
0.2265319675207138 0.6089093089103699 0.2652120590209961 0.6603630185127258
0.1517266184091568 0.5636798739433289 0.17864395678043365 0.5954836010932922
0.3552890121936798 0.8427851796150208 0.39919915795326233 0.8563349843025208
0.7347285151481628 0.1474015712738037 0.9956576228141785 0.26855990290641785
0.22519417107105255 0.6171647906303406 0.25159379839897156 0.6604061722755432
0.25544705986976624 0.6273059844970703 0.2904365360736847 0.680433988571167
