0.2609802186489105 0.6312766075134277 0.2998901307582855 0.6899212598800659
0.7892009019851685 0.0 0.9620975255966187 0.1386682093143463
0.3306053578853607 0.6643162965774536 0.3870578110218048 0.7425042390823364
0.23895491659641266 0.6146551370620728 0.27318325638771057 0.6670956611633301
0.16037526726722717 0.5717086791992188 0.18690747022628784 0.6078146696090698
0.22615912556648254 0.6079508662223816 0.26266130805015564 0.6602931618690491
0.21748413145542145 0.5614108443260193 0.24604447185993195 0.5825487971305847
0.1517946869134903 0.563572883605957 0.17811493575572968 0.5951108932495117
0.7857003808021545 0.6314784288406372 0.9057665467262268 0.663294792175293
0.2252962440252304 0.6152766942977905 0.25208044052124023 0.6604627370834351
0.2549838423728943 0.6265646815299988 0.2906331419944763 0.680063784122467
