0.2610238492488861 0.6314520835876465 0.2999996244907379 0.6900869607925415
0.7892815470695496 0.0 0.9628965258598328 0.1393509805202484
0.3306124210357666 0.6640289425849915 0.38719499111175537 0.7427235245704651
0.23953811824321747 0.6152065396308899 0.27375227212905884 0.6677995324134827
0.16052541136741638 0.571549117565155 0.18707594275474548 0.6077595353126526
0.209628626704216 0.559480607509613 0.2382483035326004 0.5802989602088928
0.22648021578788757 0.607935905456543 0.2611754238605499 0.6599446535110474
0.15197156369686127 0.5636324286460876 0.17814160883426666 0.5952650904655457
0.2253241240978241 0.6158952713012695 0.2509269416332245 0.6603392362594604
0.2543894946575165 0.6263889670372009 0.29011425375938416 0.6798176169395447
