0.2611044645309448 0.6315487027168274 0.29984039068222046 0.6901033520698547
0.7891488671302795 0.0 0.9640269875526428 0.13934454321861267
0.33041912317276 0.6641911268234253 0.3873518109321594 0.7433295249938965
0.5724436044692993 0.5990726351737976 0.6597913503646851 0.6237791180610657
0.23996886610984802 0.615769624710083 0.273873895406723 0.6680207252502441
0.16048581898212433 0.5719073414802551 0.1871517151594162 0.6076865792274475
0.22638694941997528 0.6079555153846741 0.2616211473941803 0.6598767638206482
0.20254890620708466 0.5577200055122375 0.23089106380939484 0.5770344138145447
0.15175826847553253 0.5634804368019104 0.17805318534374237 0.5948658585548401
0.2252979874610901 0.6154891848564148 0.25165310502052307 0.6605072617530823
0.878588080406189 0.10763788968324661 0.9979621171951294 0.3410469889640808
0.2552042007446289 0.6271423697471619 0.2900078296661377 0.6802366375923157
