0.2610657513141632 0.6313332915306091 0.299875408411026 0.6898532509803772
0.330083966255188 0.6653085947036743 0.38654249906539917 0.7438143491744995
0.7896261215209961 0.0 0.9622383117675781 0.13887804746627808
0.23997434973716736 0.615567684173584 0.27363505959510803 0.667801022529602
0.1604989767074585 0.572017252445221 0.18698152899742126 0.6075322031974792
0.22619913518428802 0.6084034442901611 0.2619704604148865 0.6603493690490723
0.521857500076294 0.5933303236961365 0.6059389114379883 0.6148568987846375
0.15205878019332886 0.5637767910957336 0.17802727222442627 0.5952629446983337
0.19998113811016083 0.5558531284332275 0.22642888128757477 0.5750142335891724
0.8753083944320679 0.10100287199020386 0.9980567693710327 0.34194040298461914
0.2554382383823395 0.6270924806594849 0.2904679477214813 0.6802101135253906
