0.26105234026908875 0.6312950849533081 0.299869567155838 0.6897940635681152
0.32986006140708923 0.6655457019805908 0.3866504728794098 0.7408403158187866
0.7895330786705017 0.0 0.9598900675773621 0.13840626180171967
0.23955707252025604 0.6152574419975281 0.2733782231807709 0.6677187085151672
0.16046220064163208 0.5718532800674438 0.18697801232337952 0.6077296733856201
0.2262498289346695 0.6083200573921204 0.26237696409225464 0.6603485941886902
0.15254290401935577 0.5642796158790588 0.17832492291927338 0.5956128239631653
0.5065653324127197 0.5894005298614502 0.5903695821762085 0.6103812456130981
0.1972985863685608 0.5549788475036621 0.22465428709983826 0.5745973587036133
0.5337203741073608 0.594211995601654 0.5986652374267578 0.6158873438835144
0.5538978576660156 0.6009251475334167 0.6188099384307861 0.7258124947547913
0.25505536794662476 0.6267738938331604 0.2902912497520447 0.6801220774650574
