0.26109886169433594 0.6309636235237122 0.2999655604362488 0.689819872379303
0.7890193462371826 0.0 0.9613336324691772 0.1389467418193817
0.3297019898891449 0.6654378771781921 0.38692864775657654 0.7424356341362
0.24076402187347412 0.6160352826118469 0.2748205065727234 0.6699132323265076
0.16046810150146484 0.5715581178665161 0.18639689683914185 0.6078404188156128
0.2261980175971985 0.6089845299720764 0.2621965706348419 0.65975421667099
0.15300963819026947 0.5648078918457031 0.1779700666666031 0.5976758003234863
0.30164834856987 0.5621446967124939 0.3535497486591339 0.5753384232521057
0.1809392273426056 0.5489577651023865 0.20213943719863892 0.56521075963974
0.22528859972953796 0.6159417629241943 0.2516569197177887 0.6606214046478271
0.8739432692527771 0.10195057094097137 0.9978378415107727 0.3409549593925476
0.2555960416793823 0.6268001198768616 0.2909887433052063 0.680467426776886
