0.26108506321907043 0.6310792565345764 0.29980579018592834 0.6896787285804749
0.7891709804534912 0.0 0.9591891765594482 0.13887575268745422
0.3303378224372864 0.6646711230278015 0.3847423791885376 0.7424702048301697
0.24087542295455933 0.6162852048873901 0.2746737003326416 0.6700456142425537
0.16031961143016815 0.5718078017234802 0.18632300198078156 0.6079686284065247
0.22666211426258087 0.6087360978126526 0.2618318200111389 0.6597670912742615
0.15273301303386688 0.5642693042755127 0.17803339660167694 0.5969126224517822
0.2256428301334381 0.6154962778091431 0.2517886757850647 0.6605937480926514
0.19063438475131989 0.5539195537567139 0.21304576098918915 0.5701695680618286
0.8714354038238525 0.10362693667411804 0.9974855184555054 0.3409649133682251
0.25538140535354614 0.6267774701118469 0.290854275226593 0.6805739998817444
