0.2610088884830475 0.6312277317047119 0.30002155900001526 0.6902178525924683
0.3300950527191162 0.6659016013145447 0.3869403004646301 0.7424970269203186
0.7875847816467285 0.0006293579936027527 0.9711227416992188 0.13649338483810425
0.24085640907287598 0.6155490875244141 0.27488088607788086 0.6696580648422241
0.16030868887901306 0.5717662572860718 0.1865575611591339 0.6080094575881958
0.2261471003293991 0.6081117987632751 0.26171743869781494 0.6597207188606262
0.2330252081155777 0.6099712252616882 0.27108651399612427 0.6632094979286194
0.15356722474098206 0.5655921101570129 0.1779463291168213 0.5972650647163391
0.17567752301692963 0.5464619398117065 0.19551829993724823 0.5614371299743652
0.22515909373760223 0.6171146035194397 0.25100967288017273 0.6602359414100647
0.25562116503715515 0.626951277256012 0.290606826543808 0.6802480816841125
