0.2610320746898651 0.6312903165817261 0.29983481764793396 0.6901471614837646
0.3300691545009613 0.6650792360305786 0.3870376646518707 0.7422066926956177
0.2409222573041916 0.6161834597587585 0.27506357431411743 0.669918954372406
0.1603652536869049 0.5725857019424438 0.18649521470069885 0.6076632738113403
0.22624436020851135 0.6085891723632812 0.261339396238327 0.6595320701599121
0.15197061002254486 0.5644230246543884 0.17713700234889984 0.5953670144081116
0.233069509267807 0.6103049516677856 0.2713179290294647 0.6631277799606323
0.725824236869812 0.0 0.9085508584976196 0.06720167398452759
0.2252213954925537 0.6167076826095581 0.25137123465538025 0.6606701612472534
0.3308083415031433 0.5721247792243958 0.38841450214385986 0.5859156250953674
0.7250148057937622 0.0 0.9061311483383179 0.06683801114559174
0.16096149384975433 0.5397095680236816 0.18020500242710114 0.5533324480056763
0.25514137744903564 0.6268395781517029 0.29019826650619507 0.6801922917366028
