0.2609265148639679 0.630897045135498 0.29972806572914124 0.6898761987686157
0.4109475910663605 0.4012741148471832 0.4833071529865265 0.5152401328086853
0.3304060995578766 0.6642422676086426 0.38636109232902527 0.7419435977935791
0.23925592005252838 0.614293098449707 0.2736748456954956 0.6678543090820312
0.15980462729930878 0.5712684392929077 0.18868602812290192 0.6072587966918945
0.22517046332359314 0.6067714095115662 0.26265591382980347 0.6602855324745178
0.16310258209705353 0.5472015142440796 0.18816237151622772 0.569373369216919
0.15293510258197784 0.5655932426452637 0.18449415266513824 0.5979264974594116
0.4335993826389313 0.6013205647468567 0.5083701014518738 0.6238682866096497
0.15031112730503082 0.5648354291915894 0.17627833783626556 0.594162106513977
0.2561795115470886 0.6272284388542175 0.2910346984863281 0.680781900882721
