0.26101091504096985 0.6312603950500488 0.30003610253334045 0.6896489858627319
0.3301054835319519 0.6653227806091309 0.3869563937187195 0.7427623271942139
0.2390322983264923 0.6149622201919556 0.2735274136066437 0.6678259372711182
0.1606590747833252 0.5722983479499817 0.18700164556503296 0.6073625683784485
0.2255939096212387 0.6079831123352051 0.2630762457847595 0.660346269607544
0.15227532386779785 0.5648207664489746 0.17771315574645996 0.5957951545715332
0.1542743295431137 0.5371277332305908 0.17060022056102753 0.5524481534957886
0.35533061623573303 0.5777217149734497 0.41540130972862244 0.5921550989151001
0.22520481050014496 0.615467369556427 0.25198113918304443 0.6607541441917419
0.25567626953125 0.6270816922187805 0.29030972719192505 0.6805028319358826
