0.2610425353050232 0.6313368678092957 0.29985398054122925 0.6900617480278015
0.4846757650375366 0.06149221584200859 0.5866369009017944 0.16313660144805908
0.33011937141418457 0.6652860045433044 0.38696223497390747 0.7425577044487
0.2390487790107727 0.6148608326911926 0.2732066512107849 0.6676265597343445
0.16048841178417206 0.571853518486023 0.1861511915922165 0.6065293550491333
0.22535961866378784 0.607694685459137 0.2627164423465729 0.6607434153556824
0.1524912416934967 0.5643357038497925 0.17865866422653198 0.5955257415771484
0.2546041011810303 0.6268776655197144 0.2892024517059326 0.6798449754714966
0.483265221118927 0.06262998282909393 0.5858870148658752 0.17026987671852112
0.2250920981168747 0.6167619228363037 0.251166433095932 0.6607204675674438
