0.2610505521297455 0.6313092708587646 0.2997880280017853 0.6901799440383911
0.47440439462661743 0.07659988105297089 0.5717055201530457 0.178033247590065
0.3301173448562622 0.6652851104736328 0.3869994282722473 0.7425765991210938
0.23896965384483337 0.6147603988647461 0.27311941981315613 0.6676310300827026
0.1605142205953598 0.5718554258346558 0.1861945539712906 0.6067959070205688
0.22551694512367249 0.6076827049255371 0.2633473873138428 0.6608825922012329
0.15244603157043457 0.5641962885856628 0.17861056327819824 0.5951688885688782
0.43191221356391907 0.589859127998352 0.5056747198104858 0.6061191558837891
0.25486114621162415 0.6269641518592834 0.2892521917819977 0.679942786693573
0.4737911820411682 0.07634030282497406 0.572877824306488 0.18424780666828156
