0.2610582709312439 0.6314213871955872 0.2997850179672241 0.6906678080558777
0.4092261493206024 0.4097559154033661 0.4839671552181244 0.5252067446708679
0.3297737240791321 0.6634218096733093 0.3870418071746826 0.7424200177192688
0.23988890647888184 0.6151714324951172 0.27378177642822266 0.6681592464447021
0.16032066941261292 0.5717383027076721 0.186567485332489 0.6081313490867615
0.22533826529979706 0.6077775359153748 0.26120978593826294 0.6601114869117737
0.5881143808364868 0.6128979325294495 0.6807428598403931 0.6346871256828308
0.15333005785942078 0.5653809309005737 0.17962348461151123 0.5968732833862305
0.2534703314304352 0.6262590885162354 0.28861239552497864 0.6793160438537598
0.22515574097633362 0.6160892844200134 0.2510910630226135 0.6605640053749084
