0.2607838809490204 0.6313966512680054 0.29970720410346985 0.6902174949645996
0.3298450708389282 0.6656220555305481 0.3872833847999573 0.7419828772544861
0.540740430355072 0.6211391687393188 0.7235620617866516 0.7147467136383057
0.23882754147052765 0.6144675612449646 0.2735057771205902 0.6674230694770813
0.22520257532596588 0.6068918704986572 0.26402905583381653 0.6605954170227051
0.16032710671424866 0.571595311164856 0.18570807576179504 0.6065384149551392
0.15226933360099792 0.5643655061721802 0.17845970392227173 0.5956238508224487
0.5405337810516357 0.6211428046226501 0.7224653959274292 0.715175211429596
0.4891628623008728 0.10484187304973602 0.5511258244514465 0.1209840476512909
0.25570374727249146 0.6274451017379761 0.29036688804626465 0.680363655090332
