0.2607855498790741 0.6312569379806519 0.2995775640010834 0.6901776790618896
0.32989221811294556 0.665726363658905 0.387221097946167 0.74186772108078
0.6044435501098633 0.6385423541069031 0.8228784799575806 0.7388604283332825
0.23900344967842102 0.6147470474243164 0.2737870514392853 0.6676896810531616
0.22510762512683868 0.6072803139686584 0.26393982768058777 0.6604251265525818
0.16063068807125092 0.5721071362495422 0.18647389113903046 0.6068989634513855
0.15219047665596008 0.5642303824424744 0.17868083715438843 0.5945953726768494
0.5043595433235168 0.07848315685987473 0.5745542645454407 0.10072942823171616
0.25607830286026 0.6275150775909424 0.2904772162437439 0.680498480796814
0.6044435501098633 0.6385423541069031 0.8228784799575806 0.7388604283332825
