0.604546308517456 0.038226865231990814 0.84232497215271 0.1785963475704193
0.2987995743751526 0.4440501034259796 0.39107680320739746 0.4980389177799225
0.5796259045600891 0.7687304019927979 0.8287747502326965 0.8944175243377686
0.37921640276908875 0.31737208366394043 0.4967784583568573 0.3731445074081421
0.545910656452179 0.25045520067214966 0.7245456576347351 0.33697211742401123
0.24502289295196533 0.2584298551082611 0.31228315830230713 0.29787930846214294
0.12983569502830505 0.20863397419452667 0.18787014484405518 0.25610822439193726
0.1150292232632637 0.27543699741363525 0.15739887952804565 0.3015323877334595
0.19675688445568085 0.4146139621734619 0.2541278600692749 0.4525030851364136
0.2817465364933014 0.3251626789569855 0.36257264018058777 0.36586377024650574
0.10407917201519012 0.3243604302406311 0.14257986843585968 0.35067832469940186
0.1524272859096527 0.39685696363449097 0.20483505725860596 0.42993760108947754
0.5105522871017456 0.46784597635269165 0.6819281578063965 0.5321957468986511
0.051293693482875824 0.35736414790153503 0.08520228415727615 0.3809185326099396
0.06708043813705444 0.27976754307746887 0.10012355446815491 0.3010542690753937
0.2709963619709015 0.11017604917287827 0.32670894265174866 0.1262466311454773
0.008131712675094604 0.037623047828674316 0.9546389579772949 0.8957421183586121
0.0681304782629013 0.31914952397346497 0.10209193825721741 0.34154579043388367
0.09211885929107666 0.36707738041877747 0.1387096643447876 0.39349260926246643
0.03980548679828644 0.3173670768737793 0.07208475470542908 0.33593595027923584
0.02895648032426834 0.34792378544807434 0.05559631437063217 0.36758556962013245
0.2280907928943634 0.25838711857795715 0.284081369638443 0.30084285140037537
0.8818215131759644 0.07871057093143463 0.9994385242462158 0.25663119554519653
0.5462543964385986 0.25102370977401733 0.7229732275009155 0.33800965547561646
0.16414646804332733 0.3305438160896301 0.19565744698047638 0.3561452031135559
0.015210353769361973 0.3137223720550537 0.03741449862718582 0.33243846893310547
0.2765129804611206 0.32400190830230713 0.3277813196182251 0.36214107275009155
0.16479462385177612 0.32575559616088867 0.24504005908966064 0.3605217933654785
0.09211885929107666 0.36707738041877747 0.1387096643447876 0.39349260926246643
0.022431373596191406 0.07908236980438232 0.6026579737663269 0.5592285990715027
0.01199900172650814 0.34611931443214417 0.05194558948278427 0.3671415150165558
