0.6235100030899048 0.23202693462371826 0.8619202375411987 0.34003645181655884
0.5341756343841553 0.4612879753112793 0.7044528722763062 0.5286030173301697
0.21930193901062012 0.26476937532424927 0.28354471921920776 0.30420130491256714
0.13019733130931854 0.20637331902980804 0.18844850361347198 0.2561790645122528
0.43911105394363403 0.29053232073783875 0.5799289345741272 0.3554238975048065
0.26712357997894287 0.330518513917923 0.3654961585998535 0.3743623197078705
0.46930086612701416 0.13939112424850464 0.6323541402816772 0.2328009009361267
0.1942298412322998 0.33249425888061523 0.2524963915348053 0.36764150857925415
0.09190469980239868 0.28115779161453247 0.126931294798851 0.3044942617416382
0.1860276609659195 0.15754055976867676 0.23351307213306427 0.16973420977592468
0.05287550389766693 0.35528236627578735 0.08276845514774323 0.37473511695861816
0.34008944034576416 0.0015213340520858765 0.42182207107543945 0.0284372940659523
0.33497345447540283 0.306203156709671 0.453715980052948 0.3583599627017975
0.16882029175758362 0.4011538326740265 0.23057040572166443 0.43884071707725525
0.024089526385068893 0.3456772267818451 0.049663860350847244 0.3625165522098541
0.46930086612701416 0.13939112424850464 0.6323541402816772 0.2328009009361267
0.0027703940868377686 0.019977688789367676 0.9310281276702881 0.9068543314933777
0.06263088434934616 0.3192037343978882 0.10565371066331863 0.3435896635055542
0.16882029175758362 0.4011538326740265 0.23057040572166443 0.43884071707725525
0.09160272777080536 0.3787032961845398 0.16616134345531464 0.4153880476951599
0.14635170996189117 0.3311353921890259 0.1901790052652359 0.36088305711746216
0.08454114198684692 0.36961808800697327 0.12130133807659149 0.3900950253009796
0.22787848114967346 0.4186977744102478 0.3171808421611786 0.46046197414398193
0.22787848114967346 0.4186977744102478 0.3171808421611786 0.46046197414398193
0.10534146428108215 0.3243715167045593 0.1536022126674652 0.35036081075668335
0.0006284881383180618 0.30317845940589905 0.04020652920007706 0.32965442538261414
0.010676042176783085 0.2823132276535034 0.04091937467455864 0.3017809987068176
0.22787848114967346 0.4186977744102478 0.3171808421611786 0.46046197414398193
0.33416324853897095 0.30534830689430237 0.45626169443130493 0.35873886942863464
0.008973091840744019 0.022975832223892212 0.821603536605835 0.6277341842651367
0.09164895117282867 0.3780752420425415 0.16727061569690704 0.41548389196395874
0.0006284881383180618 0.30317845940589905 0.04020652920007706 0.32965442538261414
0.03207588195800781 0.1411035656929016 0.46075958013534546 0.468036949634552
