0.4813079833984375 0.45619553327560425 0.6839216947555542 0.5246940851211548
0.3359077274799347 0.456635981798172 0.45261290669441223 0.5153395533561707
0.22072134912014008 0.25875982642173767 0.28460630774497986 0.2975415885448456
0.12973245978355408 0.22119136154651642 0.18810582160949707 0.2554791271686554
0.44262418150901794 0.15177154541015625 0.5838862061500549 0.23617631196975708
0.6674185395240784 0.20312218368053436 0.9835055470466614 0.3275154232978821
0.2345803827047348 0.33250993490219116 0.3062645196914673 0.37076419591903687
0.14857247471809387 0.3894895613193512 0.1977834403514862 0.4211525022983551
0.30779677629470825 0.3202120065689087 0.41377073526382446 0.3678281307220459
0.12002493441104889 0.2760149836540222 0.17318566143512726 0.30369240045547485
0.3746863603591919 0.81419438123703 0.6508806943893433 0.9715198874473572
0.10855357348918915 0.37633490562438965 0.15327666699886322 0.400987446308136
0.23675397038459778 0.13935156166553497 0.28557059168815613 0.15435032546520233
0.12628617882728577 0.3253687024116516 0.16772788763046265 0.3527836203575134
0.1955110728740692 0.40663641691207886 0.2573910653591156 0.4334830045700073
0.04549795016646385 0.35643690824508667 0.08848977088928223 0.3813493251800537
0.06600072979927063 0.32253801822662354 0.0995345413684845 0.34332746267318726
0.011193204671144485 0.31042465567588806 0.07811668515205383 0.33624711632728577
0.205102801322937 0.42466479539871216 0.3335815668106079 0.48018407821655273
0.16736666858196259 0.33062317967414856 0.23714523017406464 0.36243781447410583
0.6685816645622253 0.20369194447994232 0.9773711562156677 0.3277782201766968
0.03488082066178322 0.2817732095718384 0.06276966631412506 0.30063045024871826
0.0074224770069122314 0.03412020206451416 0.8459501266479492 0.8918384909629822
0.1365390568971634 0.18019481003284454 0.17316673696041107 0.1894727200269699
0.06431346386671066 0.2794289290904999 0.09646736830472946 0.3006877601146698
0.20782846212387085 0.4253500998020172 0.33467864990234375 0.48128363490104675
0.4813079833984375 0.45619553327560425 0.6839216947555542 0.5246940851211548
0.011406142264604568 0.3102562725543976 0.07951158285140991 0.3359542191028595
0.20722228288650513 0.42478033900260925 0.33384305238723755 0.48029300570487976
0.375374436378479 0.814349889755249 0.6501373052597046 0.9692624807357788
0.03733347728848457 0.35094714164733887 0.06511237472295761 0.37353718280792236
0.008631393313407898 0.10094594955444336 0.39762961864471436 0.4786567687988281
0.2917592525482178 0.10327840596437454 0.3579777479171753 0.1210908368229866
0.09162794053554535 0.32362228631973267 0.12420463562011719 0.3456660509109497
0.08149534463882446 0.3234136700630188 0.11499503254890442 0.3437427282333374
0.012042290531098843 0.3387012183666229 0.03904184699058533 0.3572638928890228
0.13189411163330078 0.20517879724502563 0.19517141580581665 0.25525176525115967
