0.3756107687950134 0.46260687708854675 0.5110724568367004 0.5244284868240356
0.2804926931858063 0.3271869719028473 0.36525270342826843 0.3735472857952118
0.3935902714729309 0.2935454249382019 0.5299797058105469 0.3601294755935669
0.43288058042526245 0.8492130637168884 0.5914819836616516 0.9550991654396057
0.418967604637146 0.16718947887420654 0.5521976947784424 0.25112849473953247
0.11604205518960953 0.27700042724609375 0.16095778346061707 0.30348026752471924
0.06964042782783508 0.27994027733802795 0.10603423416614532 0.3032003939151764
0.2233867645263672 0.24981474876403809 0.312774658203125 0.29480868577957153
0.16609881818294525 0.39626556634902954 0.2213141769170761 0.430355429649353
0.5311675071716309 0.45521053671836853 0.7592295408248901 0.5282167792320251
0.13148416578769684 0.22107647359371185 0.18811510503292084 0.2554072141647339
0.1908247470855713 0.3307700455188751 0.2696802020072937 0.36549338698387146
0.12546217441558838 0.38292837142944336 0.17519721388816833 0.40908581018447876
0.13291403651237488 0.32662150263786316 0.19114401936531067 0.35684821009635925
0.23413275182247162 0.4321877062320709 0.369199275970459 0.4922849237918854
0.06381712853908539 0.36339569091796875 0.11252939701080322 0.3918234705924988
0.23592108488082886 0.43227308988571167 0.37085193395614624 0.4920949339866638
0.2165161520242691 0.14669150114059448 0.2642357349395752 0.15932881832122803
0.025352120399475098 0.34660080075263977 0.05587306618690491 0.364677757024765
0.21742801368236542 0.4074629545211792 0.28652793169021606 0.44368118047714233
0.03161102533340454 0.28193897008895874 0.05923600494861603 0.3018902540206909
0.21617451310157776 0.39927905797958374 0.2884015142917633 0.44639837741851807
0.0065946877002716064 0.043296247720718384 0.8464739322662354 0.8880050182342529
0.01025371253490448 0.13180606067180634 0.38316190242767334 0.49301350116729736
0.07571052014827728 0.3237606883049011 0.10943147540092468 0.34567975997924805
0.26701241731643677 0.12291079759597778 0.3323800563812256 0.1427191197872162
0.013235107064247131 0.3111659288406372 0.08503568917512894 0.33722370862960815
0.12483028322458267 0.18498650193214417 0.1614738404750824 0.19289550185203552
0.006337516941130161 0.33573806285858154 0.032585397362709045 0.35518085956573486
0.013235107064247131 0.3111659288406372 0.08503568917512894 0.33722370862960815
0.10865262895822525 0.3241727352142334 0.13646872341632843 0.35074669122695923
0.13287928700447083 0.204380065202713 0.1962738037109375 0.2557394802570343
0.052705854177474976 0.35825851559638977 0.08566154539585114 0.3841211497783661
0.12546217441558838 0.38292837142944336 0.17519721388816833 0.40908581018447876
0.418475478887558 0.1673402190208435 0.5527342557907104 0.25146815180778503
0.11682148277759552 0.3249529302120209 0.14851851761341095 0.35145434737205505
0.4321783781051636 0.8480690121650696 0.5916519165039062 0.9547435641288757
0.06065569818019867 0.3607613444328308 0.09558327496051788 0.3894159197807312
0.10247096419334412 0.3242928683757782 0.12841734290122986 0.34743520617485046
