0.5473625659942627 0.08667550981044769 0.7514829635620117 0.2008916288614273
0.2841632068157196 0.2325194776058197 0.3836785852909088 0.2873239815235138
0.5676249861717224 0.2205629050731659 0.7983351349830627 0.32796338200569153
0.14810681343078613 0.27513641119003296 0.20262816548347473 0.3052428960800171
0.3466227948665619 0.31043243408203125 0.48854467272758484 0.36729639768600464
0.4368554651737213 0.46901193261146545 0.5992478728294373 0.5345732569694519
0.1309451013803482 0.20862460136413574 0.18896149098873138 0.25635629892349243
0.20514458417892456 0.4104960560798645 0.26990190148353577 0.44755464792251587
0.13818219304084778 0.32824310660362244 0.19022461771965027 0.3575756251811981
0.06373429298400879 0.36131808161735535 0.09894965589046478 0.3830997049808502
0.2543497085571289 0.4256550669670105 0.3099108934402466 0.45840054750442505
0.18393486738204956 0.15642216801643372 0.2275036871433258 0.16870903968811035
0.28318992257118225 0.4447450339794159 0.4220482409000397 0.5070421695709229
0.1588582992553711 0.3953782916069031 0.21299844980239868 0.42529141902923584
0.10615725070238113 0.3269139230251312 0.13594356179237366 0.35115066170692444
0.09754718095064163 0.3784174621105194 0.15705429017543793 0.41245272755622864
0.22607120871543884 0.14439137279987335 0.2862502634525299 0.15961717069149017
0.005012333393096924 0.054492026567459106 0.8852947354316711 0.8396300077438354
0.20890937745571136 0.32504943013191223 0.29856568574905396 0.363690584897995
0.04989508539438248 0.2801351547241211 0.08039288967847824 0.3008824586868286
0.27967318892478943 0.44309723377227783 0.41940566897392273 0.5073336958885193
0.67304527759552 0.4481004476547241 1.0 0.5415091514587402
0.025176074355840683 0.31337296962738037 0.10060517489910126 0.34265339374542236
0.007645174860954285 0.1016656905412674 0.37753331661224365 0.4880529046058655
0.26669740676879883 0.44091829657554626 0.41944175958633423 0.5071824193000793
0.15859456360340118 0.3953808546066284 0.21184809505939484 0.4252830743789673
0.2450539916753769 0.32617634534835815 0.29857951402664185 0.36545854806900024
0.025176074355840683 0.31337296962738037 0.10060517489910126 0.34265339374542236
0.07824770361185074 0.22645558416843414 0.11489713937044144 0.24868355691432953
0.043273888528347015 0.35071319341659546 0.07557998597621918 0.3726915717124939
0.3463747501373291 0.3111414611339569 0.4870030879974365 0.3677779734134674
0.33209434151649475 0.4492684304714203 0.4241507947444916 0.5058139562606812
0.5688875317573547 0.21997912228107452 0.7990921139717102 0.32868868112564087
0.20872993767261505 0.32714420557022095 0.26295751333236694 0.3636482357978821
0.007232457399368286 0.0432552695274353 0.974578857421875 0.96343594789505
0.20544373989105225 0.41100120544433594 0.2699807584285736 0.44728535413742065
0.09735739231109619 0.3787881135940552 0.1573275923728943 0.4126206636428833
0.024127990007400513 0.09466014802455902 0.6162996292114258 0.5426797866821289
