0.7407407407407408
0.7407407407407408
0.7407407407407408
0.7407407407407408
0.7407407407407408
0.7407407407407408
0.7407407407407408
0.7407407407407408
0.7407407407407408
0.6666666666666666
0.7407407407407408
0.7199999999999999
0.6666666666666667
0.7692307692307693
0.8333333333333334
0.75
0.9166666666666666
0.9
0.9
0.8421052631578948
0.8
0.888888888888889
0.8888888888888888
0.8888888888888888
0.8421052631578948
0.8571428571428572
0.8421052631578948
0.9523809523809523
0.9523809523809523
0.761904761904762
0.8695652173913044
0.8571428571428571
0.9565217391304348
0.8695652173913043
0.8181818181818182
0.8695652173913043
0.9166666666666666
0.9166666666666666
0.9600000000000001
0.9600000000000001
0.9166666666666666
0.9166666666666666
0.8695652173913043
0.9090909090909091
0.9565217391304348
0.9166666666666666
0.9565217391304348
0.9166666666666666
0.9090909090909091
0.9285714285714286
0.9090909090909091
0.8333333333333333
0.9565217391304348
0.9090909090909091
0.9166666666666666
0.9230769230769231
0.9166666666666666
0.8799999999999999
0.9230769230769231
0.8799999999999999
0.9166666666666666
0.888888888888889
0.8
0.8148148148148148
0.8571428571428571
0.8799999999999999
0.8333333333333334
0.7826086956521738
0.7199999999999999
0.8799999999999999
0.9166666666666666
0.8695652173913043
0.8000000000000002
0.8695652173913043
0.8333333333333333
0.8333333333333334
0.8695652173913043
0.8695652173913043
0.8799999999999999
0.8695652173913043
0.8181818181818182
0.8695652173913043
0.9166666666666666
0.8
0.9166666666666666
0.9090909090909091
0.8571428571428571
0.8571428571428571
0.8181818181818182
0.8571428571428571
0.8571428571428571
0.9
0.8571428571428571
0.8181818181818182
0.8181818181818182
0.8571428571428572
0.8181818181818182
0.8695652173913043
0.8695652173913043
0.8181818181818182
0.8181818181818182
0.9230769230769231
0.7500000000000001
0.8695652173913043
0.8695652173913043
0.8799999999999999
0.9230769230769231
0.8333333333333333
0.8333333333333333
0.7826086956521738
0.8333333333333333
0.7826086956521738
0.8333333333333333
0.8695652173913043
0.8695652173913043
0.8695652173913043
0.8461538461538461
0.7692307692307692
0.8666666666666666
0.8571428571428571
0.888888888888889
0.8666666666666666
0.8666666666666667
0.9285714285714286
0.8571428571428571
0.8666666666666667
0.8666666666666667
0.8148148148148148
0.8275862068965517
0.8666666666666667
0.9333333333333333
0.9166666666666666
0.9230769230769231
0.9230769230769231
0.8
0.8799999999999999
0.888888888888889
0.8275862068965518
0.8571428571428571
0.896551724137931
0.9285714285714286
0.9333333333333333
0.7857142857142857
0.888888888888889
0.888888888888889
0.9285714285714286
0.923076923076923
0.8461538461538461
0.88
0.923076923076923
0.8571428571428571
0.8
0.8571428571428571
0.8571428571428571
0.8275862068965518
0.8387096774193549
0.7500000000000001
0.8275862068965518
0.7826086956521738
0.8148148148148148
0.8000000000000002
0.923076923076923
0.9166666666666666
0.9166666666666666
0.9565217391304348
0.9090909090909091
0.7826086956521738
0.9
0.9090909090909091
0.9090909090909091
0.9090909090909091
0.9166666666666666
0.9090909090909091
0.8571428571428571
0.7999999999999999
0.9523809523809523
0.9523809523809523
0.9523809523809523
0.8571428571428572
0.7999999999999999
0.8571428571428572
0.8695652173913044
0.88
0.8333333333333333
0.8333333333333333
0.8461538461538461
0.9090909090909091
0.7826086956521738
0.75
0.6923076923076924
0.9166666666666666
0.923076923076923
0.8
0.9090909090909091
0.75
0.7826086956521738
0.8181818181818182
0.8695652173913043
0.9565217391304348
0.9565217391304348
0.9090909090909091
0.9090909090909091
0.8695652173913043
0.9565217391304348
0.9523809523809523
0.9
0.9
0.8421052631578948
0.9523809523809523
0.9523809523809523
0.9523809523809523
0.9523809523809523
0.8888888888888888
0.9
0.9
0.9
0.8750000000000001
0.8750000000000001
0.888888888888889
0.823529411764706
0.8750000000000001
0.8750000000000001
0.823529411764706
0.8750000000000001
0.8750000000000001
0.7777777777777778
0.8235294117647058
0.8750000000000001
0.8888888888888888
0.888888888888889
0.888888888888889
0.888888888888889
0.888888888888889
0.888888888888889
0.9523809523809523
0.8571428571428572
0.9
0.9
0.761904761904762
0.8181818181818182
0.761904761904762
0.9
0.9
0.8421052631578948
0.7999999999999999
0.7999999999999999
0.8421052631578948
0.8181818181818182
0.8181818181818182
0.8571428571428572
0.7000000000000001
0.7000000000000001
0.9
0.761904761904762
0.761904761904762
0.8000000000000002
0.8421052631578948
0.8181818181818181
0.8421052631578948
0.7777777777777777
0.7
0.9090909090909091
0.9090909090909091
0.9523809523809523
0.8571428571428572
0.8695652173913044
0.9523809523809523
0.9090909090909091
0.9565217391304348
0.8181818181818182
0.9
0.9
0.7999999999999999
0.7777777777777777
0.7777777777777777
0.8000000000000002
0.9473684210526316
0.8421052631578948
0.9473684210526316
0.9473684210526316
0.9523809523809523
0.888888888888889
0.9473684210526316
0.888888888888889
0.9473684210526316
0.9
0.761904761904762
0.7999999999999999
0.9473684210526316
0.9
0.8421052631578948
0.9473684210526316
0.9
0.9
0.8421052631578948
1.0
0.9473684210526316
0.8888888888888888
0.8421052631578948
0.9
0.9
0.9473684210526316
0.9473684210526316
1.0
1.0
0.9473684210526316
0.9473684210526316
0.9473684210526316
0.888888888888889
0.888888888888889
0.8421052631578948
0.9
0.9
0.8571428571428572
0.8571428571428571
0.8571428571428572
0.8571428571428572
0.8571428571428572
0.9
0.8571428571428572
0.8571428571428572
0.9
0.9
0.8
0.9
0.8571428571428571
0.8571428571428571
0.9
0.9
0.9
0.9090909090909091
0.9433962264150944
0.8979591836734694
0.8571428571428572
0.9019607843137256
0.8461538461538461
0.8771929824561403
0.9285714285714286
0.8666666666666666
0.912280701754386
0.9032258064516129
0.8461538461538461
0.851851851851852
0.923076923076923
0.8148148148148148
0.8928571428571429
0.9333333333333333
0.8235294117647057
0.830188679245283
0.8518518518518519
0.8571428571428571
0.84
0.8363636363636364
0.8727272727272727
0.7777777777777778
0.7755102040816326
0.8363636363636364
0.8363636363636364
0.7777777777777777
0.8518518518518519
0.8749999999999999
0.9285714285714286
0.8571428571428571
0.8709677419354839
0.8571428571428571
0.8615384615384615
0.9
0.8524590163934426
0.9393939393939394
0.8615384615384616
0.888888888888889
0.8888888888888888
0.7540983606557378
0.8421052631578948
0.8387096774193549
0.8666666666666666
0.8135593220338982
0.8474576271186439
0.8421052631578947
0.7719298245614036
0.8163265306122449
0.8636363636363635
0.8571428571428572
0.9019607843137256
0.875
0.8749999999999999
0.9411764705882353
0.9166666666666666
0.8400000000000001
0.8800000000000001
0.9285714285714286
0.8085106382978724
0.8372093023255813
0.9268292682926829
0.909090909090909
0.85
0.8780487804878049
0.8636363636363636
0.8333333333333333
0.7619047619047619
0.8181818181818182
0.9302325581395349
0.9268292682926829
0.8717948717948718
0.8823529411764706
0.8571428571428571
0.896551724137931
0.8571428571428571
0.9090909090909091
0.8823529411764706
0.8666666666666666
0.896551724137931
0.962962962962963
0.8750000000000001
0.8666666666666666
0.8666666666666666
0.8648648648648648
0.9375
0.896551724137931
0.9333333333333333
0.888888888888889
0.88
0.923076923076923
0.923076923076923
0.9166666666666666
0.8799999999999999
0.9285714285714286
0.923076923076923
0.9166666666666666
0.9166666666666666
0.8799999999999999
0.888888888888889
0.9090909090909091
0.9166666666666666
0.846153846153846
0.846153846153846
0.896551724137931
0.967741935483871
0.896551724137931
0.8387096774193549
0.9090909090909091
0.8749999999999999
0.8275862068965517
0.9032258064516129
0.896551724137931
0.896551724137931
0.7999999999999999
0.888888888888889
0.9285714285714286
0.8387096774193548
0.8387096774193549
0.8484848484848485
0.8387096774193549
0.8387096774193548
0.8750000000000001
0.8387096774193548
0.8571428571428571
0.8717948717948718
0.8648648648648648
0.896551724137931
0.9142857142857143
0.875
0.9444444444444444
0.8749999999999999
0.9333333333333333
0.962962962962963
0.7857142857142857
0.7500000000000001
0.8275862068965518
0.8275862068965517
0.888888888888889
0.75
0.7199999999999999
0.761904761904762
0.7499999999999999
0.761904761904762
0.8333333333333334
0.7500000000000001
0.8
0.8333333333333333
0.8181818181818182
0.8181818181818182
0.7826086956521738
0.9
0.8571428571428571
0.7272727272727273
0.8888888888888888
0.9
0.823529411764706
0.9166666666666666
0.6666666666666665
0.7999999999999999
0.6666666666666667
0.7499999999999999
0.7499999999999999
0.8000000000000002
0.9
0.8421052631578948
0.8235294117647058
0.7499999999999999
0.75
0.9473684210526316
0.8888888888888888
0.8421052631578948
0.9
0.7777777777777778
0.8571428571428571
0.7368421052631579
0.888888888888889
0.8181818181818181
0.823529411764706
0.8235294117647058
0.823529411764706
0.7777777777777777
0.588235294117647
0.75
0.823529411764706
0.8571428571428571
0.8421052631578948
0.761904761904762
0.7692307692307692
0.88
0.8
0.8
0.7857142857142856
0.8333333333333334
0.8461538461538461
0.8275862068965517
0.8
0.7333333333333334
0.8
0.782608695652174
0.9090909090909091
0.9
0.9
0.8181818181818182
0.9
0.8799999999999999
0.8
0.8181818181818181
0.8333333333333333
0.88
0.8666666666666666
0.8333333333333333
0.8695652173913043
0.7826086956521738
0.8333333333333334
0.9090909090909091
0.9090909090909091
0.8333333333333333
0.8799999999999999
0.9166666666666666
0.9166666666666666
0.9
0.9565217391304348
0.888888888888889
0.8181818181818181
0.9166666666666666
0.88
0.8571428571428571
0.8275862068965517
0.896551724137931
0.7857142857142857
0.896551724137931
0.8387096774193548
0.8387096774193548
0.8888888888888888
0.9189189189189189
0.888888888888889
0.8275862068965517
0.888888888888889
0.8648648648648648
0.8484848484848485
0.967741935483871
0.9090909090909091
0.8125000000000001
0.8750000000000001
0.8484848484848485
0.888888888888889
0.9333333333333333
0.8484848484848485
0.8571428571428571
0.8571428571428571
0.8571428571428572
0.8888888888888888
0.9375
0.8666666666666666
0.962962962962963
0.9655172413793104
0.923076923076923
0.88
0.8275862068965517
0.8461538461538461
0.8275862068965517
0.8461538461538461
0.8571428571428571
0.782608695652174
0.88
0.8
0.8
0.8
0.7857142857142858
0.7857142857142857
0.8749999999999999
0.7826086956521738
0.7692307692307692
0.8333333333333333
0.6923076923076923
0.8387096774193549
0.7692307692307692
0.8000000000000002
0.8
0.8275862068965517
0.6451612903225806
0.7647058823529411
0.7333333333333334
0.75
0.7692307692307693
0.8275862068965518
0.7692307692307692
0.7407407407407408
0.8571428571428571
0.8333333333333333
0.9600000000000001
0.761904761904762
0.8181818181818182
0.888888888888889
0.9473684210526316
0.8571428571428572
0.7142857142857142
0.8181818181818182
1.0
0.8148148148148148
0.88
0.923076923076923
0.8571428571428571
0.962962962962963
0.8333333333333333
0.923076923076923
0.8461538461538461
0.7857142857142857
0.88
0.8
0.8333333333333333
0.8695652173913044
0.88
0.8333333333333333
0.8695652173913044
0.761904761904762
0.8
0.8421052631578948
0.761904761904762
0.9166666666666666
0.9090909090909091
0.8571428571428571
0.8571428571428572
0.9090909090909091
0.8235294117647058
0.8750000000000001
0.9411764705882353
0.8750000000000001
0.8571428571428571
0.8571428571428571
0.8181818181818181
0.8181818181818181
0.8181818181818181
0.8695652173913044
0.8181818181818181
0.8571428571428571
0.8
0.8421052631578948
0.8571428571428571
0.8571428571428571
0.8571428571428571
0.8181818181818182
0.8181818181818182
0.7826086956521738
0.7826086956521738
0.7826086956521738
0.8571428571428571
0.8571428571428571
0.8181818181818182
0.8
0.8695652173913043
0.8333333333333333
0.8
0.7500000000000001
0.7692307692307692
0.8
0.8
0.75
0.7826086956521738
0.75
0.7500000000000001
0.7826086956521738
0.7826086956521738
0.7826086956521738
0.7500000000000001
0.8181818181818182
0.7826086956521738
0.7826086956521738
0.8181818181818182
0.8181818181818182
0.8181818181818182
0.8695652173913043
0.9166666666666666
0.9600000000000001
0.9600000000000001
0.9600000000000001
0.9600000000000001
0.9166666666666666
0.8695652173913044
0.8695652173913043
0.9166666666666666
0.8181818181818182
0.8181818181818182
0.9090909090909091
0.8571428571428571
0.8181818181818182
0.8181818181818181
0.8695652173913043
0.8695652173913043
0.8333333333333333
0.8181818181818182
0.8181818181818182
0.8181818181818182
0.8181818181818181
0.8181818181818181
0.8571428571428571
0.782608695652174
0.9473684210526316
0.9473684210526316
0.8571428571428571
0.9
0.8571428571428571
0.9
0.9
0.7826086956521738
0.8
0.7826086956521738
0.6956521739130435
0.761904761904762
0.8181818181818182
0.8695652173913043
0.7826086956521738
0.7826086956521738
0.7826086956521738
0.8799999999999999
0.8333333333333334
0.8333333333333334
0.8695652173913043
0.8333333333333334
0.7826086956521738
0.8333333333333334
0.8
0.8
0.8695652173913043
0.8
0.8148148148148148
0.8461538461538461
0.8799999999999999
0.8461538461538461
0.8799999999999999
0.8148148148148148
0.8148148148148148
0.8
0.7407407407407408
0.8571428571428571
0.8461538461538461
0.896551724137931
0.7200000000000001
0.75
0.7692307692307692
0.8799999999999999
0.9600000000000001
0.8799999999999999
0.888888888888889
0.846153846153846
0.8461538461538461
0.9166666666666666
0.8695652173913044
0.8181818181818181
0.8571428571428571
0.7826086956521738
0.8333333333333334
0.8333333333333333
0.8571428571428572
0.7499999999999999
0.8181818181818182
0.9473684210526316
0.8571428571428571
0.8181818181818182
0.7826086956521738
0.8181818181818181
0.9166666666666666
0.7826086956521738
0.8181818181818182
0.9090909090909091
0.9090909090909091
0.8181818181818182
0.9
0.8181818181818182
0.8333333333333333
0.9565217391304348
0.9565217391304348
0.8181818181818182
0.9523809523809523
0.8695652173913043
0.9166666666666666
0.8333333333333334
0.9166666666666666
0.9565217391304348
0.8461538461538461
0.9600000000000001
0.8695652173913044
0.9090909090909091
0.8695652173913043
0.9090909090909091
0.8333333333333333
0.8571428571428572
0.8333333333333333
0.8181818181818182
0.8333333333333333
0.8695652173913043
0.8
0.8333333333333334
0.8695652173913043
0.8333333333333333
0.8695652173913043
0.8695652173913043
0.8695652173913043
0.8695652173913043
0.8695652173913043
0.9166666666666666
0.8695652173913043
0.8333333333333333
0.8148148148148148
0.8571428571428571
0.8
0.7826086956521738
0.8181818181818182
0.8181818181818182
0.8799999999999999
0.8181818181818182
0.9090909090909091
0.7999999999999999
0.9090909090909091
0.9090909090909091
0.9090909090909091
0.9090909090909091
0.8181818181818182
0.8571428571428572
0.9
0.7272727272727273
0.9166666666666666
0.7826086956521738
0.8799999999999999
0.8181818181818182
0.8461538461538461
0.8461538461538461
0.7826086956521738
0.8695652173913043
0.8799999999999999
0.7692307692307692
0.88
0.88
0.8181818181818182
0.8181818181818182
0.9090909090909091
0.8461538461538461
0.8461538461538461
0.8148148148148148
0.88
0.9166666666666666
0.9230769230769231
0.9333333333333333
1.0
0.8571428571428572
0.9090909090909091
0.9565217391304348
0.9565217391304348
0.9565217391304348
0.9090909090909091
0.8571428571428572
0.9
0.888888888888889
0.7999999999999999
0.8181818181818182
0.7368421052631579
0.8571428571428572
0.8571428571428572
0.8421052631578948
0.9
0.8
0.9565217391304348
0.9166666666666666
0.9565217391304348
0.9
0.761904761904762
0.8571428571428572
0.8571428571428572
0.8695652173913043
0.8333333333333333
0.8181818181818182
0.9
0.9090909090909091
0.8695652173913044
0.8181818181818181
0.9090909090909091
0.8695652173913044
0.9090909090909091
0.8571428571428571
0.8571428571428572
0.8181818181818182
0.8181818181818182
0.8421052631578948
0.8181818181818182
0.8571428571428572
0.9090909090909091
0.9
0.9473684210526316
0.888888888888889
0.7777777777777777
0.9473684210526316
0.9473684210526316
0.9473684210526316
0.9473684210526316
0.9090909090909091
0.9523809523809523
0.9523809523809523
0.9090909090909091
1.0
0.9090909090909091
1.0
0.9523809523809523
0.9523809523809523
0.9523809523809523
0.9090909090909091
1.0
0.9523809523809523
0.9523809523809523
0.9523809523809523
0.9523809523809523
0.9090909090909091
0.9090909090909091
0.9090909090909091
0.9
0.9
0.9
0.8571428571428571
0.9473684210526316
0.9
0.9
0.9
0.9
0.9
0.9
0.8571428571428571
0.8181818181818181
0.9090909090909091
0.9
0.9166666666666666
0.9090909090909091
0.88
0.846153846153846
0.8181818181818181
0.8421052631578948
0.8571428571428571
0.9
0.9473684210526316
0.8571428571428572
0.8421052631578948
0.8888888888888888
0.9473684210526316
0.761904761904762
0.7999999999999999
0.8571428571428571
0.888888888888889
0.8571428571428572
0.9166666666666666
0.8
0.8421052631578948
0.8000000000000002
0.9
0.9
0.8421052631578948
0.8421052631578948
0.8421052631578948
0.8181818181818182
0.8235294117647058
0.888888888888889
0.8
0.8405797101449276
0.8823529411764706
0.8767123287671234
0.8493150684931509
0.8571428571428572
0.8666666666666667
0.8064516129032258
0.8656716417910448
0.8823529411764706
0.911764705882353
0.927536231884058
0.8181818181818182
0.8051948051948051
0.8421052631578948
0.8000000000000002
0.8831168831168831
0.883116883116883
0.868421052631579
0.868421052631579
0.9315068493150686
0.8800000000000001
0.9090909090909091
0.88
0.918918918918919
0.8378378378378378
0.8857142857142858
0.8947368421052632
0.8266666666666667
0.835820895522388
0.835820895522388
0.888888888888889
0.8955223880597014
0.8985507246376812
0.8571428571428572
0.9444444444444444
0.7878787878787878
0.8115942028985509
0.8405797101449276
0.835820895522388
0.8695652173913043
0.8695652173913043
0.8648648648648648
0.8767123287671234
0.846153846153846
0.8354430379746836
0.8571428571428572
0.8285714285714286
0.935064935064935
0.8533333333333333
0.8918918918918918
0.7532467532467533
0.8219178082191781
0.8461538461538461
0.8461538461538461
0.8571428571428571
0.8831168831168832
0.875
0.8275862068965517
0.8
0.8433734939759037
0.821917808219178
0.8533333333333334
0.8292682926829269
0.8461538461538461
0.7761194029850748
0.8169014084507042
0.7999999999999999
0.8115942028985507
0.9041095890410958
0.8888888888888888
0.8571428571428572
0.8641975308641974
0.8674698795180724
0.8378378378378378
0.8732394366197184
0.7105263157894737
0.7228915662650602
0.7529411764705882
0.8205128205128205
0.8205128205128206
0.8500000000000001
0.8505747126436782
0.8478260869565216
0.8539325842696629
0.85
0.8941176470588236
0.8250000000000001
0.8292682926829269
0.8048780487804877
0.8695652173913043
0.8222222222222222
0.7865168539325842
0.813953488372093
0.7727272727272728
0.875
0.8292682926829269
0.810126582278481
0.8461538461538461
0.8131868131868132
0.853932584269663
0.7912087912087913
0.8351648351648352
0.8333333333333333
0.7954545454545454
0.8235294117647058
0.8222222222222223
0.8192771084337349
0.8139534883720931
0.8717948717948717
0.85
0.8333333333333333
0.8311688311688312
0.7894736842105263
0.8311688311688312
0.8500000000000001
0.8433734939759038
0.891566265060241
0.825
0.8461538461538461
0.8461538461538461
0.8831168831168831
0.8292682926829267
0.8717948717948718
0.8611111111111112
0.8378378378378379
0.8648648648648648
0.8888888888888888
0.8695652173913043
0.8888888888888888
0.9066666666666667
0.8732394366197184
0.8648648648648649
0.8529411764705883
0.835820895522388
0.8437500000000001
0.8
0.8615384615384616
0.7999999999999999
0.8615384615384615
0.7941176470588235
0.8181818181818182
0.782608695652174
0.7619047619047619
0.8285714285714286
0.8115942028985507
0.7586206896551724
0.806451612903226
0.8253968253968255
0.8524590163934426
0.896551724137931
0.823529411764706
0.7826086956521738
0.8169014084507041
0.8767123287671232
0.8656716417910447
0.8857142857142857
0.8181818181818182
0.8405797101449275
0.8695652173913043
0.821917808219178
0.8695652173913043
0.8709677419354839
0.8529411764705881
0.9014084507042254
0.835820895522388
0.8611111111111112
0.8055555555555556
0.8333333333333334
0.8266666666666667
0.8923076923076922
0.8484848484848485
0.9090909090909091
0.8484848484848485
0.9032258064516129
0.8484848484848486
0.84375
0.8405797101449276
0.7826086956521738
0.8285714285714286
0.7777777777777778
0.90625
0.8749999999999999
0.9
0.8923076923076922
0.8405797101449275
0.823529411764706
0.8787878787878787
0.8571428571428572
0.7999999999999999
0.8307692307692307
0.835820895522388
0.8787878787878789
0.8709677419354839
0.9032258064516129
0.8771929824561403
0.8679245283018867
0.8235294117647057
0.8461538461538461
0.7931034482758621
0.8727272727272728
0.7333333333333334
0.8571428571428572
0.7916666666666667
0.8571428571428572
0.7906976744186047
0.782608695652174
0.7916666666666666
0.7999999999999999
0.8181818181818182
0.7916666666666666
0.8636363636363636
0.8571428571428571
0.7636363636363634
0.8749999999999999
0.8333333333333334
0.8695652173913044
0.7659574468085106
0.8085106382978724
0.8333333333333334
0.8444444444444444
0.8837209302325583
0.8292682926829269
0.878048780487805
0.7999999999999999
0.8292682926829268
0.8421052631578948
0.7111111111111111
0.7727272727272727
0.7804878048780487
0.8260869565217391
0.8444444444444444
0.8500000000000001
0.8205128205128205
0.8837209302325583
0.8500000000000001
0.7555555555555555
0.8292682926829268
0.8421052631578947
0.7647058823529412
0.7777777777777778
0.8421052631578947
0.8108108108108107
0.8205128205128205
0.8484848484848484
0.7999999999999999
0.85
0.7999999999999999
0.878048780487805
0.8333333333333334
0.7647058823529411
0.8372093023255814
0.8888888888888888
0.8461538461538461
0.742857142857143
0.7999999999999999
0.8235294117647058
0.7647058823529413
0.7272727272727272
0.7894736842105263
0.7894736842105262
0.9032258064516129
0.9032258064516129
0.8387096774193549
0.8275862068965517
0.9696969696969697
0.9411764705882353
0.8717948717948718
0.9142857142857143
0.8000000000000002
0.896551724137931
0.8108108108108109
0.787878787878788
0.7777777777777777
0.787878787878788
0.7878787878787877
0.7999999999999999
0.8571428571428571
0.8666666666666666
0.8571428571428571
0.8387096774193549
0.8000000000000002
0.7999999999999999
0.888888888888889
0.8750000000000001
0.8275862068965517
0.8333333333333333
0.7857142857142857
0.8571428571428571
0.8695652173913044
0.8148148148148148
0.7826086956521738
0.8181818181818182
0.75
0.888888888888889
0.88
0.8571428571428572
0.9
0.9166666666666666
0.8799999999999999
0.8571428571428571
0.8461538461538461
1.0
0.8571428571428571
0.88
0.7826086956521738
1.0
0.9411764705882353
0.9
0.8695652173913043
0.8
0.9090909090909091
0.8695652173913043
0.9090909090909091
0.8333333333333333
0.8148148148148148
0.8571428571428572
0.8695652173913043
0.7999999999999999
0.761904761904762
0.8181818181818182
0.8571428571428571
0.8571428571428571
0.8421052631578948
0.9
0.8571428571428572
0.9
0.888888888888889
0.88
0.88
0.8548174698078844
