0.6077382564544678 0.054363787174224854 0.853485107421875 0.19599002599716187
0.1993204951286316 0.32006120681762695 0.26731806993484497 0.3554416298866272
0.12389856576919556 0.22196164727210999 0.18290957808494568 0.25656166672706604
0.4165399968624115 0.45372915267944336 0.5787655115127563 0.5147274136543274
0.08280825614929199 0.3207240104675293 0.1190105676651001 0.3424946665763855
0.05214817076921463 0.3137659430503845 0.08285743743181229 0.33432459831237793
0.023570064455270767 0.31726592779159546 0.04866812750697136 0.3342471122741699
0.019551491364836693 0.34838470816612244 0.04647359997034073 0.3665841519832611
0.01584910973906517 0.28316619992256165 0.04713937267661095 0.3021639883518219
0.41655871272087097 0.45427215099334717 0.5786494016647339 0.5159348249435425
0.1993204951286316 0.32006120681762695 0.26731806993484497 0.3554416298866272
0.002564636990427971 0.3368261456489563 0.022541584447026253 0.3513946533203125
0.0 0.029801636934280396 0.9958900213241577 0.9763238430023193
