0.2602568566799164 0.6314789056777954 0.29918697476387024 0.6897211074829102
0.32993969321250916 0.6640890836715698 0.3871290385723114 0.7423378229141235
0.521786630153656 0.5740885734558105 0.6521140933036804 0.6865673065185547
0.24008041620254517 0.6168151497840881 0.27424144744873047 0.6688938736915588
0.15989026427268982 0.5721414685249329 0.18577775359153748 0.6063631176948547
0.20153683423995972 0.5629910230636597 0.23405444622039795 0.5858303308486938
0.15157413482666016 0.5647039413452148 0.17867439985275269 0.5970675945281982
0.22883762419223785 0.6093873977661133 0.26313909888267517 0.6586309671401978
0.22674396634101868 0.6202509999275208 0.25074270367622375 0.66018146276474
0.330689936876297 0.555259644985199 0.385562926530838 0.572381317615509
0.5213993787765503 0.5764198303222656 0.652604341506958 0.6862777471542358
0.12144850194454193 0.5303487777709961 0.29956555366516113 0.6939935684204102
