0.26021942496299744 0.631464421749115 0.2991770803928375 0.6893287301063538
0.48116621375083923 0.4942670464515686 0.5923761129379272 0.6200372576713562
0.3298795819282532 0.6642533540725708 0.3869858384132385 0.7419942617416382
0.23901884257793427 0.6149289011955261 0.27348029613494873 0.6669909358024597
0.15969738364219666 0.5725942850112915 0.18665307760238647 0.6066166162490845
0.2194649875164032 0.5703898072242737 0.2531886398792267 0.5957033038139343
0.22768297791481018 0.6089842319488525 0.2641574442386627 0.6597872972488403
0.15138965845108032 0.5648482441902161 0.1787925660610199 0.5966821312904358
0.22659315168857574 0.6192317605018616 0.2511678636074066 0.6602564454078674
0.2697727680206299 0.5569753050804138 0.31680309772491455 0.5692917704582214
0.13527840375900269 0.5213108062744141 0.2992968261241913 0.6967254877090454
