0.2607555389404297 0.6315416693687439 0.29906612634658813 0.6898804306983948
0.4606945812702179 0.11846444755792618 0.5674911737442017 0.23257333040237427
0.32990121841430664 0.666109561920166 0.3871685266494751 0.7429417371749878
0.30118316411972046 0.6079288721084595 0.3708364963531494 0.64994215965271
0.2385714054107666 0.6155567765235901 0.2745160460472107 0.6692183613777161
0.1597776710987091 0.57232666015625 0.18611475825309753 0.606202244758606
0.22591762244701385 0.607612669467926 0.26459723711013794 0.6601933836936951
0.1520245373249054 0.5648058652877808 0.17885008454322815 0.5963548421859741
0.36373430490493774 0.5957485437393188 0.4146658778190613 0.6103096008300781
0.33682847023010254 0.564069926738739 0.3990955352783203 0.5812762379646301
0.22376322746276855 0.6127720475196838 0.25316715240478516 0.6597419381141663
