0.2607382833957672 0.6313345432281494 0.29896238446235657 0.6898689270019531
0.3299902677536011 0.6657438278198242 0.3873426914215088 0.7428511381149292
0.2973717451095581 0.6054465174674988 0.36576390266418457 0.6480736136436462
0.4506620168685913 0.1854420155286789 0.5349945425987244 0.276700884103775
0.238380566239357 0.615714967250824 0.2743002772331238 0.6689226031303406
0.15977200865745544 0.5724557638168335 0.1861802339553833 0.6064342260360718
0.22581437230110168 0.6078488826751709 0.26459068059921265 0.6602544784545898
0.1518714874982834 0.5644304156303406 0.17876748740673065 0.5960859656333923
0.3261667490005493 0.5605413317680359 0.37740588188171387 0.5756961703300476
0.22357778251171112 0.613426685333252 0.2531116008758545 0.6597229242324829
