0.26036298274993896 0.6312543153762817 0.29925644397735596 0.6891601085662842
0.32976678013801575 0.6646273732185364 0.38745203614234924 0.7424375414848328
0.26307734847068787 0.5905968546867371 0.3183118999004364 0.6268841624259949
0.15940812230110168 0.5716636776924133 0.18598365783691406 0.6068480610847473
0.23981647193431854 0.6144764423370361 0.27432259917259216 0.6685086488723755
0.1518826186656952 0.5647782683372498 0.1795649528503418 0.5975548624992371
0.22842895984649658 0.6096323728561401 0.2631604075431824 0.6601258516311646
0.2986558973789215 0.5603206157684326 0.3501482307910919 0.5729994773864746
0.22666475176811218 0.6192780137062073 0.2507132589817047 0.6602253317832947
0.06533901393413544 0.4924643635749817 0.3822769522666931 0.7990140318870544
