0.2607174515724182 0.6313814520835876 0.29899871349334717 0.689849317073822
0.3299889862537384 0.6656247973442078 0.3873610198497772 0.7428446412086487
0.2976002097129822 0.6055953502655029 0.36618155241012573 0.648078203201294
0.4501587152481079 0.18457138538360596 0.5340640544891357 0.28216552734375
0.23840034008026123 0.615784764289856 0.2743184566497803 0.6689138412475586
0.15978428721427917 0.5724282264709473 0.18619439005851746 0.6064423322677612
0.22576111555099487 0.6078124046325684 0.2644054591655731 0.6602225303649902
0.15188293159008026 0.5644460916519165 0.17877860367298126 0.5960584878921509
0.32581663131713867 0.5605435967445374 0.3777574300765991 0.575718104839325
0.2235715091228485 0.613275945186615 0.2531428337097168 0.6596967577934265
