0.2599998116493225 0.6303899884223938 0.29922008514404297 0.6893013119697571
0.3298226594924927 0.6647180914878845 0.3872702121734619 0.7427425980567932
0.24797356128692627 0.5826841592788696 0.29554057121276855 0.6145467758178711
0.1593792587518692 0.5713480710983276 0.1860201507806778 0.6067632436752319
0.2356688529253006 0.6103730201721191 0.27478790283203125 0.6679027080535889
0.451368510723114 0.3847372829914093 0.5427690744400024 0.49111780524253845
0.15240433812141418 0.5651343464851379 0.17903652787208557 0.5980023741722107
0.4505000710487366 0.38221752643585205 0.5426098704338074 0.49155741930007935
0.22702401876449585 0.6078673005104065 0.2676473557949066 0.6610444188117981
0.22615504264831543 0.6195375919342041 0.2502027451992035 0.6605273485183716
0.2817385196685791 0.5315154790878296 0.3359218239784241 0.5711305141448975
0.5302135944366455 0.00983305275440216 0.9919265508651733 0.295932412147522
