0.26097729802131653 0.6314677596092224 0.2991196811199188 0.6898360848426819
0.330135315656662 0.6654486656188965 0.3870948851108551 0.7427655458450317
0.2401290386915207 0.6159019470214844 0.274322509765625 0.6697490215301514
0.22727108001708984 0.6082544922828674 0.26376548409461975 0.6599063277244568
0.15979847311973572 0.5719138979911804 0.18647271394729614 0.6059821248054504
0.15264146029949188 0.5657577514648438 0.18065647780895233 0.5975908041000366
0.7923054099082947 0.7031008005142212 0.9977882504463196 0.8601101636886597
0.8686605095863342 0.7034019827842712 0.9986785054206848 0.8356429934501648
0.1711917221546173 0.5517003536224365 0.19905588030815125 0.5715876817703247
0.22674845159053802 0.6193338632583618 0.25110989809036255 0.6603742837905884
