0.26008033752441406 0.6290928721427917 0.29882264137268066 0.6892196536064148
0.32979804277420044 0.6646704077720642 0.3873752951622009 0.7425602078437805
0.2559363842010498 0.5879166722297668 0.30906689167022705 0.6208904385566711
0.1592056155204773 0.5712327361106873 0.18595805764198303 0.6066693663597107
0.15215399861335754 0.5649505853652954 0.17966875433921814 0.5979658365249634
0.2380068004131317 0.6105948090553284 0.27642205357551575 0.6673908829689026
0.22612589597702026 0.6184839606285095 0.25029000639915466 0.6604443192481995
0.2877182066440582 0.5427065491676331 0.3335241973400116 0.5547593235969543
0.29316288232803345 0.5599387884140015 0.3461724519729614 0.5720851421356201
0.22755393385887146 0.6083359122276306 0.26374927163124084 0.6592414975166321
0.37304285168647766 0.5051600933074951 0.42492911219596863 0.5227839946746826
