0.2603141963481903 0.6314635872840881 0.2992125451564789 0.6893976330757141
0.4921500086784363 0.5137568116188049 0.6018796563148499 0.638261616230011
0.33001774549484253 0.6642376780509949 0.38709205389022827 0.7421242594718933
0.2393064796924591 0.6160619854927063 0.27360859513282776 0.6673755049705505
0.2146466225385666 0.5681959986686707 0.24815426766872406 0.5923089385032654
0.15993256866931915 0.5728679299354553 0.1863754540681839 0.6066538691520691
0.2276145964860916 0.6090120673179626 0.2627102732658386 0.6595240235328674
0.15142250061035156 0.5649316906929016 0.17872139811515808 0.5964668393135071
0.22654062509536743 0.6188784837722778 0.2512580454349518 0.660262942314148
0.2694389224052429 0.5566892027854919 0.3147488236427307 0.5667939782142639
0.13346710801124573 0.5279560089111328 0.2992890179157257 0.697821855545044
