0.2610078752040863 0.6315767765045166 0.29908040165901184 0.6896443367004395
0.330005019903183 0.6637489199638367 0.3870140612125397 0.7389686703681946
0.3152914345264435 0.6131086945533752 0.38724538683891296 0.6582104563713074
0.538698136806488 0.03740273788571358 0.6963298916816711 0.1419592797756195
0.1595480740070343 0.5717539191246033 0.18587052822113037 0.6058796048164368
0.2378271222114563 0.6146575808525085 0.2732560634613037 0.6662631630897522
0.22578130662441254 0.6075505614280701 0.2655658721923828 0.6604484915733337
0.15222284197807312 0.5648224949836731 0.17935582995414734 0.5969286561012268
0.538698136806488 0.03740273788571358 0.6963298916816711 0.1419592797756195
0.3288845419883728 0.5167514085769653 0.3775487542152405 0.5487900972366333
0.3157546818256378 0.613273024559021 0.3866126835346222 0.6579192876815796
0.4296394884586334 0.5794253349304199 0.505614697933197 0.5981572866439819
