0.2604127526283264 0.631254255771637 0.29912835359573364 0.6895703673362732
0.3305158317089081 0.6654839515686035 0.38729366660118103 0.7424710988998413
0.39793235063552856 0.6502685546875 0.5094736218452454 0.714940071105957
0.5562644004821777 0.5993747711181641 0.6576095819473267 0.6257636547088623
0.23950521647930145 0.6151552796363831 0.2734803557395935 0.6675391793251038
0.16111993789672852 0.5718201398849487 0.18633303046226501 0.6064679622650146
0.15153099596500397 0.5634649395942688 0.17904649674892426 0.5943859219551086
0.23137108981609344 0.6086449027061462 0.2701798379421234 0.6617105603218079
0.6850398182868958 0.0 0.803272545337677 0.032701365649700165
0.2268553525209427 0.6193934082984924 0.2510886490345001 0.6601874232292175
0.2319386601448059 0.6981594562530518 0.2920774221420288 0.727535605430603
0.22612495720386505 0.607268750667572 0.2573687732219696 0.6590426564216614
