0.2606300115585327 0.6316025257110596 0.29905128479003906 0.6898849010467529
0.33044061064720154 0.6657622456550598 0.3862939774990082 0.7428403496742249
0.49033936858177185 0.07183228433132172 0.6210033297538757 0.18396951258182526
0.30143916606903076 0.608397901058197 0.36934584379196167 0.650238573551178
0.23842966556549072 0.6162561774253845 0.27441322803497314 0.6690872311592102
0.16001258790493011 0.5724629163742065 0.18613027036190033 0.6062685251235962
0.22585567831993103 0.608000636100769 0.26436057686805725 0.6600946187973022
0.15189649164676666 0.564661979675293 0.17835579812526703 0.5961952209472656
0.4908491373062134 0.07151374965906143 0.6202598810195923 0.18350601196289062
0.22376792132854462 0.6135393977165222 0.2530968189239502 0.6597504019737244
