0.1295793056488037 0.22455617785453796 0.18615499138832092 0.25658950209617615
0.36405009031295776 0.4590210020542145 0.4751065969467163 0.5115137696266174
0.08363401889801025 0.37517794966697693 0.13821446895599365 0.4046182334423065
0.08499912917613983 0.3160059154033661 0.12229286134243011 0.34153077006340027
0.01635882444679737 0.311544805765152 0.05428642779588699 0.33468297123908997
0.2590515911579132 0.30948203802108765 0.3737936317920685 0.3578227758407593
0.0066302865743637085 0.3345107138156891 0.03333307430148125 0.3534623682498932
0.06395035982131958 0.2627982199192047 0.18373745679855347 0.3145771324634552
0.13209833204746246 0.263775110244751 0.24149499833583832 0.3170017600059509
0.2590515911579132 0.30948203802108765 0.3737936317920685 0.3578227758407593
0.03535519912838936 0.28533947467803955 0.06505848467350006 0.3058944344520569
0.10180291533470154 0.26451537013053894 0.19799458980560303 0.31364259123802185
0.015288259834051132 0.28478577733039856 0.05814510956406593 0.30456963181495667
0.01285465992987156 0.3115949034690857 0.05423350632190704 0.3347617983818054
