0.2603430151939392 0.6313257217407227 0.29895591735839844 0.6896921396255493
0.3302483558654785 0.665418267250061 0.3867589831352234 0.7422345876693726
0.23853880167007446 0.6147019863128662 0.273033082485199 0.6667090654373169
0.15951456129550934 0.5717611908912659 0.18623660504817963 0.6061305403709412
0.22630633413791656 0.6074548363685608 0.26498907804489136 0.6595128178596497
0.15166930854320526 0.564550518989563 0.17960669100284576 0.5974457263946533
0.6714985370635986 0.6758906841278076 0.9316446781158447 0.7844352722167969
0.6704743504524231 0.6753494739532471 0.9298461079597473 0.7853182554244995
0.6693800687789917 0.6754655241966248 0.9326262474060059 0.862601101398468
0.22721655666828156 0.6197869181632996 0.2513872981071472 0.6604354977607727
