0.2603394389152527 0.6313694715499878 0.2992037534713745 0.6894650459289551
0.33008310198783875 0.6647456288337708 0.38725563883781433 0.742374837398529
0.23957233130931854 0.6160485148429871 0.2738596200942993 0.6679771542549133
0.5446822643280029 0.7101975083351135 0.731214165687561 0.7982750535011292
0.16129711270332336 0.5718451738357544 0.18647900223731995 0.606573224067688
0.8539286851882935 0.6447697281837463 0.9767752885818481 0.6773067116737366
0.22595877945423126 0.6069325804710388 0.26358845829963684 0.6596620678901672
0.15147347748279572 0.5635778307914734 0.17883624136447906 0.5954952836036682
0.22568407654762268 0.6191980838775635 0.25096091628074646 0.6604084968566895
0.25583526492118835 0.62702876329422 0.29198119044303894 0.6810428500175476
