0.2610187828540802 0.6318113803863525 0.29897066950798035 0.6896861791610718
0.3299945592880249 0.6642962694168091 0.3859914541244507 0.7420966625213623
0.30297207832336426 0.6088855862617493 0.37219029664993286 0.6503394246101379
0.5071428418159485 0.058298543095588684 0.6467189192771912 0.16763967275619507
0.2392934262752533 0.6163317561149597 0.27408531308174133 0.6690108180046082
0.15993015468120575 0.5720776319503784 0.18614046275615692 0.6064414978027344
0.15162460505962372 0.5641762614250183 0.17826752364635468 0.5958539843559265
0.22658920288085938 0.6079984903335571 0.26493382453918457 0.6602119207382202
0.5071428418159485 0.058298543095588684 0.6467189192771912 0.16763967275619507
0.39247003197669983 0.5748382210731506 0.4597678482532501 0.591268002986908
0.04576708376407623 0.4252568185329437 0.3858693242073059 0.7789614200592041
