0.0628969594836235 0.36571720242500305 0.1119440570473671 0.3926141560077667
0.1299828737974167 0.223054438829422 0.1867055743932724 0.2559211552143097
0.17390289902687073 0.32652196288108826 0.2556210458278656 0.36156561970710754
0.30341655015945435 0.4468935430049896 0.39323312044143677 0.4941857159137726
0.010142922401428223 0.3103731870651245 0.04070153087377548 0.33186495304107666
0.06216035038232803 0.31384575366973877 0.09515675157308578 0.3358367085456848
0.1247769221663475 0.27441394329071045 0.19551685452461243 0.31581348180770874
0.0016212761402130127 0.01340794563293457 0.9733210802078247 0.7099887728691101
0.034271858632564545 0.2709404528141022 0.1463923454284668 0.3124190866947174
0.03421603515744209 0.2714698910713196 0.1467052400112152 0.3125554919242859
0.30407780408859253 0.4470396339893341 0.39341139793395996 0.4945838749408722
0.0008564246818423271 0.3287392556667328 0.022870860993862152 0.3496565520763397
