0.2609866261482239 0.6316520571708679 0.2988743185997009 0.6896840929985046
0.33013683557510376 0.6637004613876343 0.3853532671928406 0.7400538921356201
0.3181103765964508 0.6150779724121094 0.38919129967689514 0.6588784456253052
0.5420685410499573 0.034946322441101074 0.7043417096138 0.14022180438041687
0.1594191938638687 0.5717178583145142 0.18581198155879974 0.6056443452835083
0.23923222720623016 0.6162919998168945 0.27407488226890564 0.6690535545349121
0.1522189825773239 0.5649242401123047 0.1793145090341568 0.5969879627227783
0.22594591975212097 0.6078460216522217 0.2656796872615814 0.660420298576355
0.5420685410499573 0.034946322441101074 0.7043417096138 0.14022180438041687
0.4323292672634125 0.5818570256233215 0.5092006921768188 0.5989953875541687
0.32883596420288086 0.5167551636695862 0.37748992443084717 0.5488652586936951
