0.18534836173057556 0.3197566866874695 0.2519219219684601 0.357699453830719
0.11408824473619461 0.2877652049064636 0.15729406476020813 0.31542283296585083
0.12626227736473083 0.20508591830730438 0.21108677983283997 0.25293004512786865
0.048019539564847946 0.31845539808273315 0.11130814254283905 0.3454899191856384
0.16106222569942474 0.40749916434288025 0.23963378369808197 0.4489981234073639
0.04212220013141632 0.3546217978000641 0.07592181116342545 0.37517794966697693
0.22384515404701233 0.19473856687545776 0.47761550545692444 0.2904564440250397
0.055288150906562805 0.2842734456062317 0.08816005289554596 0.30462145805358887
0.20787999033927917 0.19393782317638397 0.4782530963420868 0.2929132282733917
0.14546561241149902 0.19925817847251892 0.44936102628707886 0.3084903657436371
0.004690789617598057 0.3390583097934723 0.033810846507549286 0.35773858428001404
0.16143988072872162 0.40714409947395325 0.23923425376415253 0.4489796459674835
0.012665187940001488 0.31044426560401917 0.03384624421596527 0.3282628357410431
0.6883297562599182 0.45967215299606323 0.9750233292579651 0.5456655621528625
