0.12853169441223145 0.22173970937728882 0.18563193082809448 0.2562098801136017
0.13986541330814362 0.2759581506252289 0.1967039257287979 0.30464860796928406
0.30589914321899414 0.28187546133995056 0.40407973527908325 0.329956978559494
0.30099815130233765 0.44763854146003723 0.43516939878463745 0.5020864605903625
0.5334419012069702 0.23476706445217133 0.7515298128128052 0.33177655935287476
0.11587093025445938 0.38477376103401184 0.16793254017829895 0.4134533703327179
0.04629238694906235 0.3159777522087097 0.08941497653722763 0.34118425846099854
0.019370978698134422 0.28364038467407227 0.05561903864145279 0.3026861548423767
0.04849742352962494 0.35823962092399597 0.09042122960090637 0.38219472765922546
0.003519725054502487 0.33915725350379944 0.044120583683252335 0.3639858663082123
0.1714918315410614 0.3223360478878021 0.2525261640548706 0.36151084303855896
0.3160977065563202 0.003873780369758606 0.9930437803268433 0.25430113077163696
0.3265591561794281 0.0 0.9999699592590332 0.26598140597343445
0.5334419012069702 0.23476706445217133 0.7515298128128052 0.33177655935287476
0.29656511545181274 0.0021404027938842773 0.987361490726471 0.26204589009284973
0.11587093025445938 0.38477376103401184 0.16793254017829895 0.4134533703327179
0.3022090494632721 0.4468761086463928 0.4352576434612274 0.5019770264625549
0.004671372473239899 0.3062296509742737 0.038399841636419296 0.3255596160888672
0.29788458347320557 0.0 0.9965933561325073 0.2694917917251587
