0.510056734085083 0.24317114055156708 0.6898225545883179 0.3205798268318176
0.19911324977874756 0.4172216057777405 0.27128317952156067 0.45821714401245117
0.12692046165466309 0.21841101348400116 0.185298889875412 0.2557274401187897
0.4252482056617737 0.4618750810623169 0.6095393300056458 0.528663158416748
0.06054553762078285 0.2807089388370514 0.10989178717136383 0.30557116866111755
0.09432953596115112 0.3789413273334503 0.15481534600257874 0.4099823534488678
0.2590024471282959 0.2592705488204956 0.3403874635696411 0.30387812852859497
0.47805026173591614 0.0018298253417015076 0.9949607849121094 0.2030809223651886
0.050047144293785095 0.313245952129364 0.08160558342933655 0.3350580930709839
0.10493927448987961 0.32054251432418823 0.1737264096736908 0.3573412299156189
0.6258224248886108 0.7716251611709595 0.8728989362716675 0.8899705410003662
0.24785177409648895 0.3028019368648529 0.45082658529281616 0.364056259393692
0.4252482056617737 0.4618750810623169 0.6095393300056458 0.528663158416748
0.2558850347995758 0.30193281173706055 0.4470004737377167 0.36499565839767456
0.033209510147571564 0.3554530739784241 0.09298483282327652 0.3850257396697998
0.0135657275095582 0.310193806886673 0.042915742844343185 0.32832106947898865
0.0 0.023224174976348877 0.9932448267936707 0.9378791451454163
0.6273418664932251 0.7721453905105591 0.8719348907470703 0.8898085355758667
0.4252482056617737 0.4618750810623169 0.6095393300056458 0.528663158416748
0.13745816051959991 0.3245220482349396 0.1739562302827835 0.35454753041267395
0.005778566002845764 0.11717942357063293 0.37411826848983765 0.45933279395103455
0.03337409347295761 0.3555513918399811 0.09309586137533188 0.3848232328891754
0.01556322630494833 0.28317904472351074 0.04014262557029724 0.29936760663986206
0.33508381247520447 0.43401092290878296 0.4772898256778717 0.5108972191810608
