0.4139978289604187 0.2630424499511719 0.5518477559089661 0.3287696838378906
0.41313090920448303 0.0 1.0 0.23226985335350037
0.12739744782447815 0.21907955408096313 0.18552592396736145 0.2557108402252197
0.20192500948905945 0.27122339606285095 0.26335814595222473 0.30485793948173523
0.8108211755752563 0.14698782563209534 0.9989993572235107 0.2856875956058502
0.36364084482192993 0.4569548964500427 0.5286385416984558 0.5169053077697754
0.45220085978507996 0.881976306438446 0.588543713092804 0.9797036051750183
0.1565898060798645 0.4006458520889282 0.2203519344329834 0.4353417754173279
0.0710645541548729 0.31716078519821167 0.12584097683429718 0.3496689200401306
0.03772978484630585 0.2812473177909851 0.08124663680791855 0.3034183979034424
0.07292598485946655 0.3682900667190552 0.12020851671695709 0.39682257175445557
0.3670947253704071 0.45667770504951477 0.5276561379432678 0.5163679718971252
0.19290785491466522 0.3161887526512146 0.3424873948097229 0.36550015211105347
0.01584738865494728 0.3468092679977417 0.06643658876419067 0.3742016553878784
0.19290785491466522 0.3161887526512146 0.3424873948097229 0.36550015211105347
0.029671313241124153 0.31038591265678406 0.058556847274303436 0.3307066857814789
0.003934770822525024 0.06027063727378845 0.9092873334884644 0.9413939714431763
0.1565898060798645 0.4006458520889282 0.2203519344329834 0.4353417754173279
0.01584738865494728 0.3468092679977417 0.06643658876419067 0.3742016553878784
0.19290785491466522 0.3161887526512146 0.3424873948097229 0.36550015211105347
0.13078513741493225 0.2046174556016922 0.19907641410827637 0.25627899169921875
