0.6604137420654297 0.19805516302585602 0.9193805456161499 0.303105890750885
0.33017659187316895 0.45221003890037537 0.43635880947113037 0.5006345510482788
0.5350633263587952 0.09268726408481598 0.7514368891716003 0.21418015658855438
0.12834273278713226 0.2205931544303894 0.18594332039356232 0.2555410861968994
0.16064615547657013 0.3273334503173828 0.2211853712797165 0.359799325466156
0.08712723851203918 0.3247954249382019 0.13554081320762634 0.34985071420669556
0.08365696668624878 0.27747660875320435 0.12639611959457397 0.30189865827560425
0.3731447458267212 0.2587447464466095 0.6463607549667358 0.35418441891670227
0.37191006541252136 0.25823861360549927 0.6498957872390747 0.3521941900253296
0.1700928509235382 0.26526668667793274 0.25599873065948486 0.30470165610313416
0.5397981405258179 0.46594518423080444 0.7796907424926758 0.5439698100090027
0.19898442924022675 0.4121245741844177 0.2973564863204956 0.4596709609031677
0.3049902319908142 0.31540095806121826 0.38563114404678345 0.3648189306259155
0.010729193687438965 0.0276334285736084 0.9324246644973755 0.8740131855010986
0.12372016161680222 0.3900473713874817 0.20899426937103271 0.4389081597328186
0.26586857438087463 0.3124338984489441 0.3609307110309601 0.3638210892677307
0.26586857438087463 0.3124338984489441 0.3609307110309601 0.3638210892677307
0.12372016161680222 0.3900473713874817 0.20899426937103271 0.4389081597328186
0.0058655571192502975 0.30821412801742554 0.04277808964252472 0.3303545117378235
0.016062956303358078 0.2836037874221802 0.044793833047151566 0.3025357723236084
0.539965033531189 0.465312659740448 0.7805819511413574 0.5440682768821716
0.19870051741600037 0.41182810068130493 0.29679569602012634 0.4591670632362366
0.0058655571192502975 0.30821412801742554 0.04277808964252472 0.3303545117378235
0.1317700445652008 0.20445090532302856 0.1999371349811554 0.2547772228717804
0.011639416217803955 0.15507471561431885 0.38797956705093384 0.476906418800354
0.016086429357528687 0.04551941156387329 0.7917776107788086 0.6365525126457214
