0.599629819393158 0.21691367030143738 0.8230429291725159 0.3142814338207245
0.1069859117269516 0.278037965297699 0.1708017736673355 0.3086736798286438
0.12801223993301392 0.21845689415931702 0.18579432368278503 0.2554447650909424
0.38207948207855225 0.19066688418388367 0.5261270403862 0.2723861634731293
0.09278558194637299 0.32124829292297363 0.13800674676895142 0.3473042845726013
0.2665151059627533 0.4396873414516449 0.35988089442253113 0.4852088987827301
0.04331422969698906 0.3172360062599182 0.07808071374893188 0.337699294090271
0.3368569016456604 0.27269262075424194 0.5927125811576843 0.35911017656326294
0.1426115185022354 0.3966245949268341 0.22389091551303864 0.43545612692832947
0.04347338527441025 0.281002014875412 0.07561793923377991 0.30075302720069885
0.0 0.022589057683944702 1.0 0.9494599103927612
0.0729685127735138 0.37303653359413147 0.1489270180463791 0.4133547246456146
0.5015175342559814 0.46383559703826904 0.7221190929412842 0.5377675294876099
0.3393647074699402 0.2729846239089966 0.5963296294212341 0.35838621854782104
0.38353249430656433 0.19080449640750885 0.5273698568344116 0.27071845531463623
0.20123998820781708 0.3156023323535919 0.28366819024086 0.361371785402298
0.5015175342559814 0.46383559703826904 0.7221190929412842 0.5377675294876099
0.07436400651931763 0.37216314673423767 0.14864349365234375 0.41329237818717957
0.593356192111969 0.0012867897748947144 0.9958643317222595 0.16105134785175323
0.23307469487190247 0.3216783404350281 0.28249964118003845 0.3635317087173462
0.13140252232551575 0.2048279047012329 0.20166361331939697 0.2560186982154846
0.02576059103012085 0.01778435707092285 0.9022568464279175 0.6529017686843872
0.1830659955739975 0.31494033336639404 0.2517978250980377 0.36136502027511597
0.38353249430656433 0.19080449640750885 0.5273698568344116 0.27071845531463623
0.599629819393158 0.21691367030143738 0.8230429291725159 0.3142814338207245
0.1426115185022354 0.3966245949268341 0.22389091551303864 0.43545612692832947
0.3368569016456604 0.27269262075424194 0.5927125811576843 0.35911017656326294
