0.4763515293598175 0.840172529220581 0.6310678720474243 0.9372659921646118
0.3507820665836334 0.4543716311454773 0.46799251437187195 0.5063904523849487
0.7178966403007507 0.17818936705589294 0.9991657137870789 0.29509785771369934
0.3762859106063843 0.25593990087509155 0.6587890386581421 0.3521944284439087
0.12408602237701416 0.3282628357410431 0.17721223831176758 0.35710421204566956
0.12872038781642914 0.21820980310440063 0.186008021235466 0.25589677691459656
0.11510264128446579 0.27596282958984375 0.16195476055145264 0.30253809690475464
0.21774856746196747 0.24987603724002838 0.3189363479614258 0.2989158630371094
0.2045891284942627 0.32830512523651123 0.27086561918258667 0.3632856011390686
0.14204192161560059 0.3952949643135071 0.2321651577949524 0.44925183057785034
0.038653239607810974 0.28123000264167786 0.06914035975933075 0.3025524318218231
0.5471392869949341 0.46737927198410034 0.792054295539856 0.5457989573478699
0.2267409861087799 0.42275238037109375 0.33118173480033875 0.4722653031349182
0.28252559900283813 0.3048401176929474 0.411718487739563 0.3644895851612091
0.6340992450714111 0.022323444485664368 0.9063804149627686 0.1660672277212143
0.5469500422477722 0.4657789468765259 0.7927355170249939 0.5456739664077759
0.6324108839035034 0.023814886808395386 0.9057503938674927 0.1681039035320282
0.22636589407920837 0.4225612282752991 0.3318175971508026 0.4721027612686157
0.0120469331741333 0.03240811824798584 0.8876733183860779 0.8481460809707642
0.2817642390727997 0.30486375093460083 0.41068127751350403 0.36320704221725464
0.008070018142461777 0.31211018562316895 0.06291867792606354 0.3348066806793213
0.007558861747384071 0.312106728553772 0.06318353861570358 0.3349054455757141
0.3775922656059265 0.255649209022522 0.655891478061676 0.3524984121322632
0.008742034435272217 0.15813975036144257 0.3924543559551239 0.485338032245636
0.14262524247169495 0.3948007822036743 0.23252147436141968 0.4498339891433716
0.13178497552871704 0.2039869874715805 0.2038019895553589 0.2576710283756256
0.6371279358863831 0.023078061640262604 0.9067828059196472 0.16765686869621277
