0.38448071479797363 0.4550006091594696 0.5156992077827454 0.5119572281837463
0.5123323202133179 0.8049805164337158 0.709323525428772 0.9224954843521118
0.18450337648391724 0.3298339545726776 0.25039875507354736 0.364608496427536
0.10008461773395538 0.27824363112449646 0.14171071350574493 0.3040046989917755
0.12872949242591858 0.21992285549640656 0.1861332356929779 0.256001740694046
0.4412637948989868 0.21517373621463776 0.7938443422317505 0.34132951498031616
0.19533126056194305 0.2575620412826538 0.2631760239601135 0.296062707901001
0.2632162272930145 0.43187403678894043 0.3856719434261322 0.48708486557006836
0.047459132969379425 0.3181785047054291 0.11375168710947037 0.3435644805431366
0.15756969153881073 0.4033803939819336 0.2545515298843384 0.45716381072998047
0.30758267641067505 0.30088818073272705 0.446447491645813 0.3625769019126892
0.05849580839276314 0.2803213894367218 0.08852836489677429 0.302469402551651
0.25038331747055054 0.3243097960948944 0.32440435886383057 0.3643217384815216
0.1582464575767517 0.4032668173313141 0.25366613268852234 0.4571942389011383
0.5621595978736877 0.4662569463253021 0.8129056096076965 0.5457329154014587
0.5616855025291443 0.4650026559829712 0.8145900368690491 0.5452808141708374
0.012747526168823242 0.047981470823287964 0.8799245357513428 0.8603370189666748
0.30877888202667236 0.30086132884025574 0.44862592220306396 0.36179783940315247
0.2644578814506531 0.43205344676971436 0.3857046961784363 0.4867071509361267
0.34088999032974243 0.18784143030643463 0.4944766163825989 0.2641281485557556
0.0022784415632486343 0.3075833320617676 0.033731624484062195 0.32704079151153564
0.34088999032974243 0.18784143030643463 0.4944766163825989 0.2641281485557556
0.29468780755996704 0.2815339267253876 0.35314100980758667 0.2991252839565277
0.028726011514663696 0.316520631313324 0.04926976561546326 0.3330599069595337
0.34088999032974243 0.18784143030643463 0.4944766163825989 0.2641281485557556
0.010039985179901123 0.17915906012058258 0.41736775636672974 0.47620928287506104
