0.3965644836425781 0.45506855845451355 0.5314708352088928 0.512831449508667
0.19508296251296997 0.32946500182151794 0.263019323348999 0.3650268018245697
0.13000096380710602 0.27756765484809875 0.17829854786396027 0.305806964635849
0.12854129076004028 0.21924827992916107 0.18586379289627075 0.25602981448173523
0.23299871385097504 0.2468932718038559 0.31529250741004944 0.291260302066803
0.27570319175720215 0.43364962935447693 0.40366703271865845 0.4924963414669037
0.27341240644454956 0.3219330310821533 0.34357398748397827 0.36431968212127686
0.5019630193710327 0.1750270575284958 0.9578510522842407 0.32573676109313965
0.5776340365409851 0.46836844086647034 0.8372771143913269 0.5468635559082031
0.4118063747882843 0.2558680474758148 0.47984597086906433 0.27843573689460754
0.07904493808746338 0.2778041958808899 0.11668279767036438 0.3019765019416809
0.40260031819343567 0.14906378090381622 0.5921586155891418 0.24213449656963348
0.16165414452552795 0.4036076068878174 0.2612946331501007 0.46140432357788086
0.16223855316638947 0.4034174382686615 0.2614748477935791 0.46190163493156433
0.34309059381484985 0.28772982954978943 0.5078960657119751 0.3584001362323761
0.5776340365409851 0.46836844086647034 0.8372771143913269 0.5468635559082031
0.34062960743904114 0.2880214750766754 0.5058314204216003 0.3600288927555084
0.06504678726196289 0.3191509246826172 0.13978102803230286 0.3482983708381653
0.3838401436805725 0.2568202316761017 0.4501041769981384 0.2814275324344635
0.01258501410484314 0.07464712858200073 0.8929147720336914 0.9087931513786316
0.06600530445575714 0.3190830945968628 0.13903987407684326 0.34774529933929443
0.4049519896507263 0.1487961858510971 0.592555582523346 0.24158789217472076
0.021564900875091553 0.31270265579223633 0.047476500272750854 0.32938891649246216
0.26110151410102844 0.323349267244339 0.31392744183540344 0.3593725264072418
0.13125048577785492 0.20418444275856018 0.20129607617855072 0.2558315098285675
0.3965644836425781 0.45506855845451355 0.5314708352088928 0.512831449508667
0.2764694392681122 0.43448203802108765 0.40330514311790466 0.4927981495857239
0.01277226209640503 0.06015995144844055 0.8075286746025085 0.5704352855682373
