0.4010622203350067 0.455167293548584 0.5406097173690796 0.5132073760032654
0.14031200110912323 0.2769158184528351 0.18921859562397003 0.30556777119636536
0.12845948338508606 0.22091758251190186 0.1858976185321808 0.2560482621192932
0.5372586250305176 0.15172645449638367 0.9964195489883423 0.321268767118454
0.19747132062911987 0.32943859696388245 0.26707687973976135 0.36531397700309753
0.4229609966278076 0.13580358028411865 0.6211841106414795 0.23463740944862366
0.2753334641456604 0.3205484449863434 0.3505204916000366 0.3643718659877777
0.24507775902748108 0.24383455514907837 0.32933714985847473 0.2899266481399536
0.2794939875602722 0.43640315532684326 0.4069684147834778 0.4939756989479065
0.16957640647888184 0.4031514823436737 0.2651200294494629 0.46210405230522156
0.5896987915039062 0.46635159850120544 0.8610812425613403 0.5492600202560425
0.4169333577156067 0.2470124065876007 0.4969502091407776 0.272018164396286
0.08676151931285858 0.2765597999095917 0.1252257525920868 0.30203351378440857
0.0704653263092041 0.3200497031211853 0.1452701836824417 0.3484113812446594
0.4514184892177582 0.247590571641922 0.5211449861526489 0.27020469307899475
0.5896987915039062 0.46635159850120544 0.8610812425613403 0.5492600202560425
0.010301321744918823 0.08895370364189148 0.8619415760040283 0.879083514213562
0.07090776413679123 0.3202356696128845 0.1465151011943817 0.34935981035232544
0.35736724734306335 0.2863963544368744 0.528118908405304 0.3569713532924652
0.35736724734306335 0.2863963544368744 0.528118908405304 0.3569713532924652
0.35727983713150024 0.2840063273906708 0.5289217829704285 0.3574756681919098
0.020817473530769348 0.31153544783592224 0.051431380212306976 0.32996174693107605
0.16261984407901764 0.4011756479740143 0.26509758830070496 0.4615389406681061
0.4011434316635132 0.45522502064704895 0.5401744246482849 0.5134322047233582
0.2801727056503296 0.43672341108322144 0.4063800573348999 0.4944766163825989
0.42211830615997314 0.13572479784488678 0.6211977005004883 0.23471768200397491
0.00638170912861824 0.3093878924846649 0.04751453176140785 0.3280279338359833
0.2646012306213379 0.32480916380882263 0.3184018135070801 0.35766372084617615
