0.6427309513092041 0.1463824212551117 0.9965894222259521 0.3026953637599945
0.5226889848709106 0.45253071188926697 0.7037132978439331 0.524227499961853
0.427848756313324 0.15040305256843567 0.5748559832572937 0.24030154943466187
0.4004496932029724 0.29908615350723267 0.5388277173042297 0.35931944847106934
0.12772813439369202 0.22165147960186005 0.1856549084186554 0.2558450698852539
0.1596737802028656 0.27163538336753845 0.21581563353538513 0.3045172393321991
0.23788289725780487 0.2612820863723755 0.3130325675010681 0.3031754493713379
0.25287947058677673 0.3295445740222931 0.3319113552570343 0.3708650767803192
0.17579695582389832 0.4113316833972931 0.29972752928733826 0.47533461451530457
0.36316820979118347 0.4527212083339691 0.5267309546470642 0.5182985067367554
0.06465621292591095 0.28242507576942444 0.09608237445354462 0.30310967564582825
0.02704714983701706 0.2797738015651703 0.05524802953004837 0.2979150116443634
0.7822438478469849 0.0005915164947509766 1.0 0.09720049798488617
0.12001946568489075 0.3225443959236145 0.21049973368644714 0.35853564739227295
0.044273316860198975 0.3162151873111725 0.08366097509860992 0.33541157841682434
0.008623297326266766 0.3408781588077545 0.035370513796806335 0.35869690775871277
0.07043235749006271 0.32173389196395874 0.10598761588335037 0.3407555818557739
0.012380659580230713 0.03873822093009949 0.8827171921730042 0.8919690847396851
0.12131014466285706 0.322601318359375 0.21726861596107483 0.35849374532699585
0.7822438478469849 0.0005915164947509766 1.0 0.09720049798488617
0.007465598173439503 0.30903464555740356 0.03621174395084381 0.32845747470855713
0.5226889848709106 0.45253071188926697 0.7037132978439331 0.524227499961853
0.24926328659057617 0.33098891377449036 0.30498987436294556 0.3683256208896637
