0.44683682918548584 0.1372760683298111 0.603668212890625 0.23211653530597687
0.689572811126709 0.11682243645191193 1.0 0.2909355163574219
0.5304805040359497 0.4532400667667389 0.711013674736023 0.5232865214347839
0.418759286403656 0.2936509847640991 0.5647057890892029 0.35991835594177246
0.1278921663761139 0.2200838029384613 0.18587177991867065 0.2559000253677368
0.17788544297218323 0.4122028350830078 0.30463743209838867 0.47853726148605347
0.16540493071079254 0.27092817425727844 0.22272436320781708 0.30446597933769226
0.2629827558994293 0.32901039719581604 0.3422088921070099 0.3703162372112274
0.8342451453208923 0.0004276782274246216 1.0 0.07492983341217041
0.06829997897148132 0.2810843884944916 0.10346890985965729 0.3035476505756378
0.24579539895057678 0.260696679353714 0.32458236813545227 0.3025555908679962
0.36706334352493286 0.45373210310935974 0.5280561447143555 0.5193233489990234
0.012571053579449654 0.34206056594848633 0.039900876581668854 0.3592644929885864
0.028216466307640076 0.2803456485271454 0.0591740608215332 0.29784491658210754
0.0718109980225563 0.3215417265892029 0.11049956828355789 0.3425080180168152
0.008982867002487183 0.03447619080543518 0.8817830085754395 0.8918511867523193
0.011903584003448486 0.31141602993011475 0.040426187217235565 0.3289427161216736
0.12229359149932861 0.32305166125297546 0.2180062234401703 0.3584740459918976
0.044633880257606506 0.3168110251426697 0.08779864013195038 0.33516746759414673
0.5304805040359497 0.4532400667667389 0.711013674736023 0.5232865214347839
0.12546300888061523 0.32316815853118896 0.2200441062450409 0.3582612872123718
0.5826793313026428 0.554002046585083 0.6506295800209045 0.5943922996520996
