0.21530750393867493 0.3109612762928009 0.28580406308174133 0.34877124428749084
0.07072414457798004 0.36383771896362305 0.10516710579395294 0.38701552152633667
0.32502132654190063 0.2924334704875946 0.42776817083358765 0.34376922249794006
0.13091535866260529 0.21074330806732178 0.1882752925157547 0.25813594460487366
0.1251392960548401 0.32626524567604065 0.17479264736175537 0.35321465134620667
0.07110222429037094 0.3226591646671295 0.10455281287431717 0.3435807526111603
0.08259300887584686 0.27763330936431885 0.13669899106025696 0.3074769377708435
0.11620717495679855 0.38953444361686707 0.16624164581298828 0.4197103679180145
0.02581736445426941 0.315245658159256 0.04711335152387619 0.33040717244148254
0.038985442370176315 0.28421586751937866 0.06729292869567871 0.3026747703552246
0.009096458554267883 0.33707964420318604 0.029727358371019363 0.35400235652923584
0.012892847880721092 0.31377071142196655 0.030894668772816658 0.32911139726638794
0.02043759822845459 0.3140357434749603 0.04262711852788925 0.3302271068096161
0.0 0.0 0.985481321811676 0.9541013836860657
0.11693219840526581 0.38979217410087585 0.1662248820066452 0.4196634590625763
