0.6283544301986694 0.0144452303647995 0.8739423751831055 0.16149656474590302
0.5308030247688293 0.4509826898574829 0.7189128994941711 0.5259848237037659
0.6117811799049377 0.23373442888259888 0.8579792380332947 0.33777308464050293
0.12917813658714294 0.2220626324415207 0.18612205982208252 0.25616076588630676
0.33859914541244507 0.31488165259361267 0.45475566387176514 0.36872050166130066
0.6402058601379395 0.7097492218017578 0.9309372901916504 0.8393651247024536
0.20955073833465576 0.2650880217552185 0.28417131304740906 0.30356788635253906
0.1084524393081665 0.2785819470882416 0.15034356713294983 0.30396267771720886
0.3291218876838684 0.23260295391082764 0.42247170209884644 0.2856711745262146
0.3873404860496521 0.45549747347831726 0.5449812412261963 0.521654486656189
0.20769217610359192 0.4226435720920563 0.3481074273586273 0.4900091588497162
0.03809598088264465 0.35147637128829956 0.0676342323422432 0.37354576587677
0.05626550316810608 0.2776065170764923 0.09794096648693085 0.29912111163139343
0.030614713206887245 0.31387877464294434 0.06236402690410614 0.3329411745071411
0.007920891046524048 0.03719833493232727 0.9095840454101562 0.9140864610671997
0.5308030247688293 0.4509826898574829 0.7189128994941711 0.5259848237037659
0.012590557336807251 0.05162009596824646 0.7526683807373047 0.6808520555496216
0.021335117518901825 0.28459227085113525 0.05234154313802719 0.3026372194290161
0.20769217610359192 0.4226435720920563 0.3481074273586273 0.4900091588497162
0.08624518662691116 0.3241557776927948 0.14213386178016663 0.3486601412296295
0.016341615468263626 0.33805403113365173 0.03712175786495209 0.35347166657447815
0.06444226950407028 0.31975677609443665 0.10141313821077347 0.3411436378955841
0.0611894316971302 0.32064303755760193 0.08790355920791626 0.3392663300037384
0.14891855418682098 0.3237422704696655 0.25978177785873413 0.36043739318847656
0.6402058601379395 0.7097492218017578 0.9309372901916504 0.8393651247024536
0.07559743523597717 0.3216080069541931 0.1136777400970459 0.34276145696640015
0.1559901088476181 0.2890883684158325 0.19496677815914154 0.3014655113220215
0.6117811799049377 0.23373442888259888 0.8579792380332947 0.33777308464050293
0.33859914541244507 0.31488165259361267 0.45475566387176514 0.36872050166130066
0.5790839791297913 0.5541369318962097 0.6503137946128845 0.6031007170677185
0.07041103392839432 0.3215221166610718 0.1265578716993332 0.3457409739494324
0.3291218876838684 0.23260295391082764 0.42247170209884644 0.2856711745262146
0.37464746832847595 0.4556736350059509 0.4339793026447296 0.5046240091323853
0.11596740782260895 0.3275189697742462 0.1513664871454239 0.35084494948387146
0.3240393102169037 0.24377785623073578 0.3816865384578705 0.29074132442474365
