0.2538852393627167 0.2501613199710846 0.3370480239391327 0.2972569167613983
0.12798355519771576 0.22222161293029785 0.1850709170103073 0.25594839453697205
0.529914915561676 0.4514543116092682 0.718166172504425 0.5256516933441162
0.42862725257873535 0.29146578907966614 0.5818861722946167 0.3594911992549896
0.3922777771949768 0.1936797797679901 0.5168030261993408 0.27067768573760986
0.13633276522159576 0.2752538025379181 0.188070610165596 0.30380406975746155
0.8252925872802734 0.0005436316132545471 1.0 0.07907607406377792
0.05919911339879036 0.36046886444091797 0.09353773295879364 0.3838692307472229
0.07687012106180191 0.2760149836540222 0.12463753670454025 0.29969513416290283
0.22680507600307465 0.4283439815044403 0.37786436080932617 0.5023672580718994
0.36549338698387146 0.45552515983581543 0.5450722575187683 0.5216505527496338
0.042250633239746094 0.31495481729507446 0.07662614434957504 0.3359720706939697
0.006238609552383423 0.014265090227127075 0.8692636489868164 0.7895585298538208
0.04141759127378464 0.28313523530960083 0.07233628630638123 0.3025462031364441
0.14152996242046356 0.3292554020881653 0.17729441821575165 0.3558756113052368
0.529914915561676 0.4514543116092682 0.718166172504425 0.5256516933441162
0.02278132736682892 0.3415061831474304 0.05018579959869385 0.3599396347999573
0.07542794942855835 0.3203035891056061 0.10280071198940277 0.34217992424964905
0.11460109055042267 0.3260379135608673 0.16825123131275177 0.35412153601646423
0.10495536774396896 0.32467663288116455 0.15561620891094208 0.3504449129104614
0.1733904480934143 0.32066354155540466 0.2981770932674408 0.36112257838249207
0.9129782319068909 0.16442331671714783 0.9989383816719055 0.2856564521789551
0.17272016406059265 0.320381760597229 0.2989022731781006 0.36109548807144165
0.4224923849105835 0.2916043996810913 0.5763392448425293 0.35866713523864746
0.01657385751605034 0.2862798869609833 0.04091159254312515 0.3017168343067169
0.3922777771949768 0.1936797797679901 0.5168030261993408 0.27067768573760986
0.9129782319068909 0.16442331671714783 0.9989383816719055 0.2856564521789551
0.09148824214935303 0.32284921407699585 0.12896908819675446 0.3464922308921814
0.07942366600036621 0.3216361701488495 0.12353278696537018 0.3444817364215851
0.17272016406059265 0.320381760597229 0.2989022731781006 0.36109548807144165
0.020038340240716934 0.3136056363582611 0.04132020100951195 0.32905277609825134
0.22406519949436188 0.42839160561561584 0.37922006845474243 0.5028469562530518
