0.5353830456733704 0.07824075222015381 0.7362613081932068 0.1969536542892456
0.5110008716583252 0.2680971920490265 0.7036691904067993 0.35083577036857605
0.5307884216308594 0.45140209794044495 0.7177038192749023 0.5251426696777344
0.4826188087463379 0.8114069104194641 0.6799596548080444 0.9215734601020813
0.1284928172826767 0.2219783365726471 0.18549798429012299 0.2560988664627075
0.2966251075267792 0.32381027936935425 0.39748135209083557 0.3709264397621155
0.1889272928237915 0.2685561180114746 0.25424617528915405 0.30541110038757324
0.2873818278312683 0.2459566295146942 0.3750176429748535 0.29524388909339905
0.19355739653110504 0.4205511808395386 0.3284320831298828 0.4841400384902954
0.09095898270606995 0.27915123105049133 0.12801142036914825 0.3044467270374298
0.39402616024017334 0.45611780881881714 0.5450200438499451 0.5214915871620178
0.023701071739196777 0.3469496965408325 0.054880291223526 0.3671305179595947
0.043096087872982025 0.278642475605011 0.080727219581604 0.29921549558639526
0.009913057088851929 0.044216305017471313 0.8313745260238647 0.8441494703292847
0.08779757469892502 0.3237605690956116 0.12444623559713364 0.34465086460113525
0.013308883644640446 0.2848374843597412 0.04138626530766487 0.30300551652908325
0.37349164485931396 0.4528657793998718 0.5020645260810852 0.5152386426925659
0.37205472588539124 0.4542917013168335 0.4392872750759125 0.5043578743934631
0.5299383997917175 0.45155954360961914 0.7186972498893738 0.5258887410163879
0.020465819165110588 0.3124772608280182 0.05334457755088806 0.3307647407054901
0.13735350966453552 0.3244739770889282 0.24214306473731995 0.3589053750038147
0.07025955617427826 0.3205912113189697 0.10606913268566132 0.34136199951171875
0.4848806858062744 0.8275931477546692 0.9992959499359131 1.0
0.058292239904403687 0.31856870651245117 0.09887391328811646 0.33997464179992676
0.11123189330101013 0.3279291093349457 0.1404035985469818 0.34978964924812317
0.1949150264263153 0.4208711087703705 0.33053913712501526 0.4840194880962372
0.5110008716583252 0.2680971920490265 0.7036691904067993 0.35083577036857605
