0.5290985703468323 0.0828123390674591 0.7236112952232361 0.19996747374534607
0.5305393934249878 0.4513470232486725 0.7167164087295532 0.5251228213310242
0.12789706885814667 0.22154681384563446 0.18528322875499725 0.2561202347278595
0.47372743487358093 0.8236950635910034 0.6608165502548218 0.9327665567398071
0.18505771458148956 0.26862430572509766 0.2508276104927063 0.30552297830581665
0.5038095712661743 0.27209362387657166 0.6899347305297852 0.3542344868183136
0.28294914960861206 0.247791588306427 0.3700280785560608 0.2960619330406189
0.2911871075630188 0.32435163855552673 0.39291810989379883 0.37044456601142883
0.3883060812950134 0.45590007305145264 0.5447978973388672 0.5215439200401306
0.19579535722732544 0.4188757836818695 0.32692086696624756 0.4849115312099457
0.08842650800943375 0.27914226055145264 0.12557516992092133 0.30398648977279663
0.023025717586278915 0.3461936414241791 0.05356823280453682 0.3670385777950287
0.040127966552972794 0.2793107330799103 0.07770426571369171 0.2981705963611603
0.005854666233062744 0.049592047929763794 0.8111979365348816 0.8181613683700562
0.37019580602645874 0.454175740480423 0.437256395816803 0.5039610266685486
0.0863042101264 0.32390013337135315 0.12288054078817368 0.3434586226940155
0.3719765543937683 0.45242199301719666 0.5049751996994019 0.5157362818717957
0.5297079682350159 0.4515758454799652 0.7179036736488342 0.5259215831756592
0.020184092223644257 0.31270837783813477 0.05329158157110214 0.33045655488967896
0.1349848061800003 0.3247729241847992 0.24079187214374542 0.35895273089408875
0.014889644458889961 0.2851561903953552 0.03914894163608551 0.3025662899017334
0.05702636390924454 0.3181295096874237 0.09718308597803116 0.3395825922489166
0.07156142592430115 0.3207872807979584 0.11002758145332336 0.3415051996707916
0.19585338234901428 0.4205492436885834 0.3279683291912079 0.48469486832618713
0.5038095712661743 0.27209362387657166 0.6899347305297852 0.3542344868183136
0.347974956035614 0.4398076832294464 0.4573727250099182 0.505831241607666
