0.5280447602272034 0.2563258409500122 0.7279054522514343 0.345848023891449
0.12849342823028564 0.22280625998973846 0.18565696477890015 0.25578251481056213
0.5306082963943481 0.45155081152915955 0.7170876264572144 0.5249833464622498
0.29271677136421204 0.23134064674377441 0.39519909024238586 0.28877848386764526
0.16219612956047058 0.271062433719635 0.22002357244491577 0.3036407232284546
0.46804162859916687 0.14692069590091705 0.629162073135376 0.2496575564146042
0.0972776710987091 0.27506422996520996 0.15033896267414093 0.3003377914428711
0.07750637829303741 0.3681628704071045 0.11573870480060577 0.39504534006118774
0.1623273342847824 0.3289746046066284 0.20781414210796356 0.35956764221191406
0.3714715242385864 0.4564308524131775 0.5439096689224243 0.5210227966308594
0.2197495698928833 0.2554287612438202 0.27636078000068665 0.29368510842323303
0.059755437076091766 0.28059354424476624 0.09322638064622879 0.30224743485450745
0.02766754850745201 0.2844259440898895 0.05753473564982414 0.3032098710536957
0.05175761878490448 0.31795117259025574 0.08703075349330902 0.3404739201068878
0.08789052069187164 0.3215344548225403 0.11995808780193329 0.3443831205368042
0.007157623767852783 0.01661050319671631 0.9134057760238647 0.8691189289093018
0.24757492542266846 0.43158307671546936 0.38876235485076904 0.5039151310920715
0.5300672054290771 0.4516020715236664 0.717837929725647 0.5257740020751953
0.4693203270435333 0.14635035395622253 0.6292173862457275 0.2507082223892212
0.03917282819747925 0.3481121361255646 0.06673728674650192 0.3666394054889679
0.20580102503299713 0.3182555139064789 0.33855921030044556 0.3626810610294342
0.20580102503299713 0.3182555139064789 0.33855921030044556 0.3626810610294342
0.12137575447559357 0.327312707901001 0.16666726768016815 0.35169416666030884
0.252405047416687 0.31959396600723267 0.34481316804885864 0.3635448217391968
0.08875572681427002 0.32160627841949463 0.13631805777549744 0.3469699025154114
0.113873690366745 0.32659295201301575 0.15401595830917358 0.35003480315208435
0.035573266446590424 0.31540748476982117 0.05482439696788788 0.32823869585990906
0.10351528972387314 0.3249247372150421 0.1438949704170227 0.3482998311519623
0.017507970333099365 0.34130680561065674 0.04191555827856064 0.3577856421470642
0.050553444772958755 0.3191632032394409 0.0747407004237175 0.3371433615684509
