0.530247688293457 0.4518043100833893 0.718415379524231 0.5250594019889832
0.37008804082870483 0.726762592792511 0.7813779711723328 0.9964261651039124
0.6677475571632385 0.0 0.9608333706855774 0.155003160238266
0.12827031314373016 0.22148440778255463 0.1856149286031723 0.2558857798576355
0.27241483330726624 0.32863563299179077 0.35385534167289734 0.37215662002563477
0.3321872353553772 0.21663689613342285 0.4433772563934326 0.28113746643066406
0.14909255504608154 0.26880478858947754 0.2046726644039154 0.29872792959213257
0.1695033609867096 0.40190479159355164 0.22792202234268188 0.43928584456443787
0.21796078979969025 0.2538391053676605 0.3078727722167969 0.29426178336143494
0.10472080111503601 0.28395894169807434 0.1502785086631775 0.30943015217781067
0.3663433790206909 0.4564427137374878 0.5445540547370911 0.5211237668991089
0.02492564730346203 0.3068377673625946 0.05761459469795227 0.3244045078754425
0.10697244852781296 0.375967413187027 0.1404130458831787 0.4009230434894562
0.06936140358448029 0.3608279824256897 0.10412193834781647 0.38284963369369507
0.502537727355957 0.19260047376155853 0.5750918388366699 0.21694277226924896
0.45943909883499146 0.18928642570972443 0.5348674654960632 0.21686230599880219
0.4795472025871277 0.20871677994728088 0.8085499405860901 0.3316897451877594
0.6667030453681946 0.0 0.9595045447349548 0.15771862864494324
0.48353761434555054 0.21145114302635193 0.8081665635108948 0.33526381850242615
0.016325801610946655 0.04531404376029968 0.8134644031524658 0.722403883934021
0.10077802836894989 0.32435163855552673 0.13806621730327606 0.34827348589897156
0.5297653079032898 0.45186758041381836 0.719006359577179 0.5258831977844238
0.04906383529305458 0.349634051322937 0.07849329710006714 0.3716106414794922
0.1976373940706253 0.33116456866264343 0.25618094205856323 0.3620953857898712
0.06583239883184433 0.3189705014228821 0.09817694872617722 0.3396015763282776
0.018726013600826263 0.3370336890220642 0.041689082980155945 0.3561639189720154
0.010322235524654388 0.2451438009738922 0.22498789429664612 0.425802618265152
0.27428483963012695 0.43378937244415283 0.40316736698150635 0.5058589577674866
0.14014577865600586 0.3272288143634796 0.18557485938072205 0.35656413435935974
0.4850141704082489 0.18934154510498047 0.5548422336578369 0.22008776664733887
0.5833511352539062 0.5546005368232727 0.6514534950256348 0.5946663022041321
0.27428483963012695 0.43378937244415283 0.40316736698150635 0.5058589577674866
0.25473156571388245 0.4336180090904236 0.3926364481449127 0.5052015781402588
0.09194926172494888 0.32258057594299316 0.1262768656015396 0.3449087142944336
0.14528074860572815 0.32848891615867615 0.25578269362449646 0.36256512999534607
0.4785376787185669 0.20910286903381348 0.8110129833221436 0.3317893147468567
