0.3610399663448334 0.31459319591522217 0.47363558411598206 0.3674406409263611
0.4472213387489319 0.15373541414737701 0.6131966710090637 0.24683289229869843
0.5315161943435669 0.4527285695075989 0.717609167098999 0.5247010588645935
0.19199968874454498 0.4095003604888916 0.25669431686401367 0.44998425245285034
0.14396578073501587 0.27978086471557617 0.2013297975063324 0.30941081047058105
0.2039308100938797 0.25674787163734436 0.27376165986061096 0.2946006953716278
0.12845858931541443 0.21972611546516418 0.1857551634311676 0.2557344436645508
0.13700100779533386 0.38715025782585144 0.17354238033294678 0.4132484495639801
0.29455119371414185 0.222968190908432 0.4106529951095581 0.2783729135990143
0.7491492629051208 0.08561237156391144 0.8504500985145569 0.12950314581394196
0.24610503017902374 0.3274381756782532 0.3104996681213379 0.36505353450775146
0.09344873577356339 0.3688426911830902 0.1314026266336441 0.3945562541484833
0.08134578168392181 0.32146474719047546 0.11855027079582214 0.34314003586769104
0.3648441433906555 0.4552459716796875 0.5452297925949097 0.5208227634429932
0.0670381709933281 0.3559046685695648 0.09958706051111221 0.3794291913509369
0.11442358046770096 0.324153870344162 0.16518263518810272 0.35466721653938293
0.05792124569416046 0.293076753616333 0.09674608707427979 0.31354331970214844
0.877124011516571 0.04270370304584503 0.9996078610420227 0.23476241528987885
0.16578257083892822 0.32848453521728516 0.24249857664108276 0.36341148614883423
0.4076107144355774 0.2811891436576843 0.4636438488960266 0.29931169748306274
0.016634434461593628 0.015173912048339844 0.836495041847229 0.6895621418952942
0.5304740071296692 0.45271405577659607 0.7188990712165833 0.5255753397941589
0.03089754655957222 0.34056556224823 0.05718666687607765 0.35886150598526
0.7157769203186035 0.08251957595348358 0.8020728826522827 0.1251979023218155
0.2739047706127167 0.43563249707221985 0.38805750012397766 0.5056946277618408
0.376176655292511 0.27755406498908997 0.44730323553085327 0.2996789515018463
0.7247244715690613 0.08226452767848969 0.8084394335746765 0.12534868717193604
0.6928532123565674 0.0857565850019455 0.7540988922119141 0.12173782289028168
0.29455119371414185 0.222968190908432 0.4106529951095581 0.2783729135990143
0.6914419531822205 0.08546248823404312 0.7849435210227966 0.12668828666210175
0.2564024031162262 0.4338357150554657 0.3849184811115265 0.5057578086853027
0.22061684727668762 0.3311229348182678 0.25969162583351135 0.360271155834198
0.19474788010120392 0.3301786780357361 0.25421422719955444 0.36226069927215576
0.00517669040709734 0.33625659346580505 0.023790929466485977 0.3521634042263031
0.22044764459133148 0.3298402428627014 0.28630274534225464 0.36344075202941895
0.2779445946216583 0.43533629179000854 0.3955276906490326 0.5066705942153931
0.7677199840545654 0.08639208972454071 0.8490118980407715 0.1190028041601181
0.007280468940734863 0.19640156626701355 0.39693838357925415 0.49005910754203796
0.13130606710910797 0.20481818914413452 0.20073018968105316 0.25569453835487366
0.5818870663642883 0.5544079542160034 0.6493330597877502 0.5966829061508179
0.19333726167678833 0.4094860553741455 0.25814351439476013 0.44952648878097534
0.012397952377796173 0.24547332525253296 0.2430570423603058 0.42320549488067627
