0.39566361904144287 0.30603209137916565 0.5201964974403381 0.3657242953777313
0.4922511577606201 0.12827637791633606 0.6759042739868164 0.23087772727012634
0.5311291813850403 0.45212244987487793 0.7181534171104431 0.5250137448310852
0.22488060593605042 0.25279322266578674 0.2970210611820221 0.29286083579063416
0.15767665207386017 0.2776073217391968 0.2179497331380844 0.30888253450393677
0.1281772404909134 0.2184247374534607 0.1858292669057846 0.25592461228370667
0.14304354786872864 0.38887590169906616 0.1821468472480774 0.4165802001953125
0.3213808536529541 0.21024586260318756 0.44586867094039917 0.2719987630844116
0.19672250747680664 0.4119451642036438 0.2632777690887451 0.4539017081260681
0.4789949953556061 0.25641414523124695 0.550462007522583 0.28348860144615173
0.06947128474712372 0.2887493073940277 0.11192809045314789 0.31107017397880554
0.8239629864692688 0.033628471195697784 0.9660683274269104 0.09423603862524033
0.44467034935951233 0.254345566034317 0.5127373933792114 0.2828972041606903
0.2533518970012665 0.32597634196281433 0.32928094267845154 0.3644484579563141
0.10113228112459183 0.37170618772506714 0.13879239559173584 0.3973608613014221
0.17222514748573303 0.3292042911052704 0.24184897541999817 0.3633105456829071
0.08585935831069946 0.3213994801044464 0.1251431405544281 0.3426370918750763
0.36574745178222656 0.4553803503513336 0.5443745255470276 0.5206233859062195
0.07422689348459244 0.3573058843612671 0.1073586717247963 0.3802790641784668
0.11508592218160629 0.32552939653396606 0.17164736986160278 0.35580986738204956
0.7894831299781799 0.03889358416199684 0.9105754494667053 0.0774155706167221
0.2349337339401245 0.3271871507167816 0.3008624315261841 0.3623490035533905
0.009523957967758179 0.009549707174301147 0.9572343826293945 0.9374158382415771
0.035201914608478546 0.34107792377471924 0.06171508878469467 0.3602027893066406
0.5306293368339539 0.45223164558410645 0.7193012833595276 0.5258728265762329
0.279559463262558 0.43508437275886536 0.39550188183784485 0.5064941644668579
0.7898844480514526 0.047263458371162415 0.8970925807952881 0.084312304854393
0.2765575051307678 0.43449094891548157 0.39378368854522705 0.5052000880241394
0.3218885362148285 0.21073105931282043 0.4465971887111664 0.27230480313301086
0.27911946177482605 0.43407368659973145 0.39857855439186096 0.5071392059326172
0.0013595977798104286 0.30211734771728516 0.023079533129930496 0.32449620962142944
0.016290009021759033 0.014502137899398804 0.8712671399116516 0.6170190572738647
0.13110333681106567 0.20445473492145538 0.20105689764022827 0.25644639134407043
0.24119161069393158 0.43291595578193665 0.3546956777572632 0.500322699546814
0.8312191367149353 0.03535156697034836 0.9460074305534363 0.079648956656456
0.7872834205627441 0.04158917814493179 0.8668822050094604 0.07706950604915619
0.1972755789756775 0.41189995408058167 0.26323679089546204 0.45550838112831116
