0.530805230140686 0.45249849557876587 0.719468355178833 0.5259707570075989
0.30555975437164307 0.3260813057422638 0.3989526629447937 0.37096479535102844
0.18031173944473267 0.4057595729827881 0.24245944619178772 0.4445744752883911
0.1283431202173233 0.2192959487438202 0.18631486594676971 0.25540730357170105
0.8076183199882507 0.0 0.9997050166130066 0.10010146349668503
0.1709379404783249 0.26496854424476624 0.2315783053636551 0.2974894344806671
0.11923611164093018 0.28276240825653076 0.1700611710548401 0.31033235788345337
0.38993769884109497 0.6641615629196167 0.9789840579032898 0.9482531547546387
0.5944460034370422 0.13754302263259888 0.9994656443595886 0.30533578991889954
0.2489449679851532 0.24325715005397797 0.350306898355484 0.28830236196517944
0.12140188366174698 0.3816505968570709 0.15520893037319183 0.4063498079776764
0.03710012137889862 0.30136173963546753 0.07227835804224014 0.3197879195213318
0.36773204803466797 0.4545690417289734 0.543485701084137 0.5209768414497375
0.3736492097377777 0.19402775168418884 0.5014781355857849 0.2654745876789093
0.5815730094909668 0.15497106313705444 0.6721208095550537 0.18877869844436646
0.10517071187496185 0.32397958636283875 0.15389637649059296 0.3501279056072235
0.2729071378707886 0.29871803522109985 0.34016919136047363 0.3183882236480713
0.08063407987356186 0.3641676604747772 0.11588957160711288 0.38764122128486633
0.024593260139226913 0.3404008150100708 0.04852641001343727 0.35715872049331665
0.05930475890636444 0.35283374786376953 0.08825923502445221 0.37370002269744873
0.19587145745754242 0.3303211033344269 0.2618177533149719 0.3632366955280304
0.5439068675041199 0.15423767268657684 0.6277982592582703 0.18324072659015656
0.21908245980739594 0.33073920011520386 0.2770100235939026 0.36428385972976685
0.017036467790603638 0.03636649250984192 0.8592432737350464 0.7061516046524048
0.530805230140686 0.45249849557876587 0.719468355178833 0.5259707570075989
0.07288551330566406 0.32049915194511414 0.10546422004699707 0.3416578471660614
0.15035311877727509 0.32865872979164124 0.20483358204364777 0.3586712181568146
0.5429869294166565 0.15643635392189026 0.5941968560218811 0.1800476312637329
0.2755042314529419 0.43535900115966797 0.3932100534439087 0.5045135617256165
0.2785239517688751 0.43550634384155273 0.4000405967235565 0.5058380961418152
0.3736492097377777 0.19402775168418884 0.5014781355857849 0.2654745876789093
0.42862069606781006 0.19348667562007904 0.5077193975448608 0.25258341431617737
0.37949299812316895 0.6612964272499084 0.9936056137084961 0.9552708268165588
0.5948165059089661 0.13630610704421997 0.9997078776359558 0.30534613132476807
0.007969029247760773 0.24466311931610107 0.22801730036735535 0.4298814535140991
0.2754892408847809 0.29918915033340454 0.343915730714798 0.31823569536209106
0.46215638518333435 0.7728682160377502 0.9919029474258423 0.9894228577613831
0.1816374659538269 0.33051562309265137 0.23970744013786316 0.3623599410057068
0.2755042314529419 0.43535900115966797 0.3932100534439087 0.5045135617256165
