0.5312966704368591 0.4513757824897766 0.71994549036026 0.5262370109558105
0.43027263879776 0.29630571603775024 0.565236508846283 0.3634412884712219
0.5306701064109802 0.10180216282606125 0.7357774376869202 0.21643909811973572
0.28042563796043396 0.32254713773727417 0.34877899289131165 0.36491715908050537
0.1703978329896927 0.2754775285720825 0.23672454059123993 0.30883610248565674
0.20283553004264832 0.41382020711898804 0.2702033221721649 0.4568127393722534
0.1290973424911499 0.21896430850028992 0.1869368851184845 0.2558824419975281
0.24311763048171997 0.24832016229629517 0.32133370637893677 0.2897984981536865
0.14662235975265503 0.39066532254219055 0.19020527601242065 0.4186602532863617
0.5254530310630798 0.23122115433216095 0.60197514295578 0.2609044909477234
0.07758920639753342 0.35914984345436096 0.11370687931776047 0.3830290138721466
0.08137855678796768 0.2863428592681885 0.1251242607831955 0.30975407361984253
0.37668073177337646 0.455043762922287 0.5450278520584106 0.5211585164070129
0.5636544823646545 0.23278513550758362 0.644901692867279 0.26067614555358887
0.09126313030719757 0.32188281416893005 0.1294771283864975 0.34309282898902893
0.18011730909347534 0.32930657267570496 0.25470858812332153 0.36484548449516296
0.03747774660587311 0.34117284417152405 0.0655738040804863 0.36053285002708435
0.10457025468349457 0.3729194402694702 0.14494092762470245 0.3990657329559326
0.34372860193252563 0.19582338631153107 0.48195523023605347 0.26599493622779846
0.006370991468429565 0.035351693630218506 0.945387601852417 0.9135881662368774
0.2477772831916809 0.32416823506355286 0.30090564489364624 0.35935643315315247
0.14347735047340393 0.3284873366355896 0.1821158230304718 0.3579856753349304
0.2825840413570404 0.43687450885772705 0.39578011631965637 0.505831778049469
0.12399454414844513 0.32662177085876465 0.17706231772899628 0.3568405508995056
0.41108620166778564 0.8820923566818237 0.5531642436981201 0.9666672945022583
0.00750341359525919 0.33997124433517456 0.030387841165065765 0.35747379064559937
0.3438684940338135 0.19578520953655243 0.4822027087211609 0.2654150128364563
0.8842175602912903 0.0007757227867841721 1.0 0.05242069065570831
0.5312966704368591 0.4513757824897766 0.71994549036026 0.5262370109558105
0.12198065221309662 0.32662323117256165 0.15717576444149017 0.35273441672325134
0.2816665768623352 0.43554532527923584 0.40020447969436646 0.5063276886940002
0.13110890984535217 0.20495359599590302 0.19975963234901428 0.25529754161834717
0.0026171961799263954 0.30332887172698975 0.026480913162231445 0.3248642086982727
0.5574009418487549 0.23047377169132233 0.645161509513855 0.2637561559677124
0.41125768423080444 0.8821060657501221 0.5541154146194458 0.9693232774734497
0.2766869366168976 0.4379345774650574 0.3854071795940399 0.5064448118209839
0.5309590697288513 0.23047976195812225 0.6151360869407654 0.26123419404029846
