0.7276813387870789 0.18644392490386963 0.9991733431816101 0.31421148777008057
0.5309370756149292 0.4523561894893646 0.7177561521530151 0.5248010158538818
0.3416001498699188 0.20851866900920868 0.45353057980537415 0.26832184195518494
0.12838324904441833 0.21827274560928345 0.18630722165107727 0.2557283043861389
0.15978595614433289 0.27178508043289185 0.2277730405330658 0.3033260107040405
0.16991819441318512 0.3977741003036499 0.21561111509799957 0.4288783669471741
0.17980800569057465 0.33121106028556824 0.2394651621580124 0.364032119512558
0.7966210246086121 0.7190715074539185 0.9978863596916199 0.8434833288192749
0.5001122951507568 0.09777428209781647 0.7060542106628418 0.2062680870294571
0.3513508439064026 0.2947847247123718 0.48729008436203003 0.355803906917572
0.21710297465324402 0.41919368505477905 0.28561118245124817 0.46052128076553345
0.8351380228996277 0.00021154433488845825 0.9970888495445251 0.09780488908290863
0.26719048619270325 0.2549634277820587 0.3495897352695465 0.298859566450119
0.1299111694097519 0.38307854533195496 0.17513452470302582 0.41037842631340027
0.05839694291353226 0.339254766702652 0.09235288947820663 0.36008599400520325
0.36344021558761597 0.4550571143627167 0.5439532995223999 0.5206826329231262
0.09589943289756775 0.36722424626350403 0.1388424187898636 0.3924002945423126
0.2431313395500183 0.3272893726825714 0.3416789770126343 0.36960241198539734
0.5001122951507568 0.09777428209781647 0.7060542106628418 0.2062680870294571
0.022273698821663857 0.34451940655708313 0.04766211658716202 0.3649629056453705
0.11022167652845383 0.3235396444797516 0.14400561153888702 0.3472519814968109
0.5303586721420288 0.4525340497493744 0.7187466621398926 0.5257458686828613
0.1587911695241928 0.33025333285331726 0.1904463917016983 0.3577329218387604
0.014496564865112305 0.06480816006660461 0.8714497685432434 0.8805299997329712
0.35060086846351624 0.2950102686882019 0.4868597686290741 0.35586869716644287
0.1411721110343933 0.3288573622703552 0.17665770649909973 0.3571312427520752
0.00256405770778656 0.30465081334114075 0.054044365882873535 0.33063700795173645
0.2734251618385315 0.43483901023864746 0.38886213302612305 0.5053229331970215
0.7956124544143677 0.7198268175125122 0.9990583658218384 0.8437219858169556
0.21830475330352783 0.4190903902053833 0.28864598274230957 0.4650755524635315
0.27738845348358154 0.43449077010154724 0.3941437602043152 0.5062414407730103
0.8351380228996277 0.00021154433488845825 0.9970888495445251 0.09780488908290863
0.27722540497779846 0.43521708250045776 0.3906836211681366 0.5056759119033813
0.12581844627857208 0.32633352279663086 0.16213034093379974 0.35057955980300903
0.13115829229354858 0.20460520684719086 0.19828280806541443 0.2564257085323334
0.16111327707767487 0.33042651414871216 0.21117044985294342 0.36178261041641235
0.010180577635765076 0.18971560895442963 0.4075395464897156 0.4856641888618469
