0.7168382406234741 0.0011450201272964478 0.9987154006958008 0.14383235573768616
0.6001232266426086 0.23819708824157715 0.8252039551734924 0.34088587760925293
0.5310071706771851 0.45174312591552734 0.7195134162902832 0.5262057781219482
0.13233210146427155 0.27831992506980896 0.18952982127666473 0.3048418462276459
0.6208851337432861 0.7643133997917175 0.8395978212356567 0.8732364773750305
0.4457283616065979 0.13262861967086792 0.63156658411026 0.22578513622283936
0.12994489073753357 0.21576713025569916 0.18789541721343994 0.25567102432250977
0.3113018572330475 0.22329303622245789 0.4116272032260895 0.27561601996421814
0.21515010297298431 0.418018639087677 0.2834128141403198 0.4606305956840515
0.16603440046310425 0.39643943309783936 0.21037128567695618 0.4266573190689087
0.22854328155517578 0.2641617953777313 0.31214237213134766 0.3032170236110687
0.052719827741384506 0.3393673896789551 0.08291089534759521 0.36130815744400024
0.34124600887298584 0.30771392583847046 0.4342712163925171 0.35731786489486694
0.36586764454841614 0.4548347592353821 0.5441080927848816 0.5209437608718872
0.1695442497730255 0.33101126551628113 0.22112366557121277 0.3620578348636627
0.09254612028598785 0.36485251784324646 0.13197994232177734 0.38915321230888367
0.12364113330841064 0.38017788529396057 0.1661035120487213 0.4080232083797455
0.2189706265926361 0.3290559947490692 0.3109215795993805 0.36958786845207214
0.010807216167449951 0.04366523027420044 0.8868709206581116 0.8801555633544922
0.10760689526796341 0.32278531789779663 0.14699208736419678 0.34717845916748047
0.013380027376115322 0.3426454961299896 0.04250494763255119 0.3607384264469147
0.5310071706771851 0.45174312591552734 0.7195134162902832 0.5262057781219482
0.022060805931687355 0.3061455488204956 0.046410076320171356 0.32904577255249023
0.4457283616065979 0.13262861967086792 0.63156658411026 0.22578513622283936
0.6208851337432861 0.7643133997917175 0.8395978212356567 0.8732364773750305
0.3255269229412079 0.3092745840549469 0.4291479289531708 0.3575423061847687
0.28148365020751953 0.4365941286087036 0.39548051357269287 0.5051988363265991
0.13454365730285645 0.32791048288345337 0.1702224314212799 0.3566945791244507
0.12808053195476532 0.3271499276161194 0.163273885846138 0.3528839945793152
0.28104281425476074 0.4356972873210907 0.39993155002593994 0.5058320164680481
0.1548597812652588 0.33049434423446655 0.18147948384284973 0.3561728596687317
0.1451997011899948 0.3290247321128845 0.17616920173168182 0.3574695587158203
0.27944687008857727 0.4358406364917755 0.39442113041877747 0.5047785043716431
0.21770036220550537 0.4181365668773651 0.2843281626701355 0.46434417366981506
0.006243869662284851 0.18966449797153473 0.3822803497314453 0.48631954193115234
0.31183308362960815 0.2233854979276657 0.411021888256073 0.27515196800231934
0.01563367247581482 0.24811509251594543 0.2383396327495575 0.41840073466300964
