0.5009825825691223 0.775734007358551 0.6917217373847961 0.8937848210334778
0.5318667888641357 0.45075830817222595 0.7205663919448853 0.5261334776878357
0.2775368094444275 0.3239039480686188 0.3706395626068115 0.3716059625148773
0.5368264317512512 0.10474920272827148 0.7157081961631775 0.2049773931503296
0.13039858639240265 0.2087692767381668 0.19037355482578278 0.25769785046577454
0.2702471911907196 0.23457948863506317 0.3792865574359894 0.28696635365486145
0.43902158737182617 0.2714318633079529 0.6318717002868652 0.3515825867652893
0.20733007788658142 0.33346596360206604 0.27680423855781555 0.3728031814098358
0.17861013114452362 0.40198346972465515 0.2262348085641861 0.4328702390193939
0.15753301978111267 0.32603731751441956 0.2077014148235321 0.35643813014030457
0.06168098747730255 0.3617304563522339 0.09956836700439453 0.38538217544555664
0.36678317189216614 0.45556604862213135 0.5459412336349487 0.5210728645324707
0.22050242125988007 0.42028430104255676 0.2876394987106323 0.46032074093818665
0.029097162187099457 0.279659628868103 0.05731585621833801 0.2997399568557739
0.11276499927043915 0.3228582739830017 0.1554715782403946 0.3477257490158081
0.3709700405597687 0.20517542958259583 0.5039386749267578 0.272970974445343
0.009204566478729248 0.055472105741500854 0.9073140025138855 0.896728515625
0.11629688739776611 0.3733542859554291 0.15938273072242737 0.4015718996524811
0.14616432785987854 0.3888356387615204 0.19390380382537842 0.4252212941646576
0.43902158737182617 0.2714318633079529 0.6318717002868652 0.3515825867652893
0.37194114923477173 0.20565567910671234 0.5033297538757324 0.27353185415267944
0.2797296941280365 0.43477916717529297 0.39797696471214294 0.5065235495567322
0.037275515496730804 0.3446823060512543 0.06624306738376617 0.3663729727268219
0.20623603463172913 0.33427464962005615 0.24621084332466125 0.3633480668067932
0.012598704546689987 0.30672886967658997 0.10151895880699158 0.341934472322464
0.3734106719493866 0.2047826051712036 0.5028940439224243 0.27291661500930786
0.2780815362930298 0.4347018599510193 0.3919864892959595 0.5057922005653381
0.5318667888641357 0.45075830817222595 0.7205663919448853 0.5261334776878357
0.008439183235168457 0.3063271641731262 0.10410153865814209 0.3412562608718872
0.22171257436275482 0.42029014229774475 0.2914069890975952 0.46416208148002625
0.2797855734825134 0.4356551766395569 0.3938593864440918 0.5058315396308899
0.009796977043151855 0.1498701125383377 0.401072233915329 0.481814980506897
