0.6201720237731934 0.04930302873253822 0.8384829759597778 0.1717512011528015
0.5429278612136841 0.4494839310646057 0.7455401420593262 0.5251089334487915
0.13022884726524353 0.20913495123386383 0.1887686550617218 0.25747108459472656
0.23898287117481232 0.33168455958366394 0.31630828976631165 0.37436041235923767
0.5916883945465088 0.20635274052619934 0.8791912794113159 0.32344380021095276
0.0739724338054657 0.3654625415802002 0.1141161322593689 0.391113817691803
0.3380320370197296 0.3120160400867462 0.45461758971214294 0.3662365972995758
0.17854931950569153 0.4022160470485687 0.22576993703842163 0.43279728293418884
0.12834259867668152 0.3238734006881714 0.17650294303894043 0.35196882486343384
0.29523077607154846 0.22702938318252563 0.4097232520580292 0.2806665897369385
0.7183258533477783 0.6936706304550171 0.9988018274307251 0.8142974376678467
0.18180081248283386 0.3275665044784546 0.2364686131477356 0.36001646518707275
0.220083549618721 0.42066144943237305 0.28761717677116394 0.46028751134872437
0.40094590187072754 0.19087448716163635 0.5431918501853943 0.26718246936798096
0.3752429783344269 0.454501748085022 0.550110936164856 0.5211557149887085
0.39975935220718384 0.18969838321208954 0.5467373728752136 0.26737409830093384
0.12065931409597397 0.3741787374019623 0.16123375296592712 0.4033820331096649
0.5948095321655273 0.2057560384273529 0.8780831098556519 0.32430240511894226
0.019424915313720703 0.04989433288574219 0.8156033754348755 0.7028924226760864
0.05217340961098671 0.2786385118961334 0.08624455332756042 0.30062374472618103
0.05167797952890396 0.35061779618263245 0.08167207986116409 0.37344107031822205
0.14680513739585876 0.38872718811035156 0.19119200110435486 0.41900211572647095
0.28589338064193726 0.4365040957927704 0.4061209559440613 0.5059414505958557
0.5429278612136841 0.4494839310646057 0.7455401420593262 0.5251089334487915
0.02462775819003582 0.34582915902137756 0.056005172431468964 0.36646297574043274
0.28589338064193726 0.4365040957927704 0.4061209559440613 0.5059414505958557
0.02114066481590271 0.30713045597076416 0.09182862937450409 0.3416820764541626
0.5814067125320435 0.5535668730735779 0.652678370475769 0.5982080101966858
0.2364462912082672 0.3338044583797455 0.2741152346134186 0.36442574858665466
0.22182604670524597 0.4202808737754822 0.2920818626880646 0.46327418088912964
0.15753218531608582 0.3918664753437042 0.19362297654151917 0.42438825964927673
0.009503141045570374 0.1924515664577484 0.4029799699783325 0.4941587746143341
0.0189831480383873 0.3067047894001007 0.11385386437177658 0.3430269658565521
0.28589338064193726 0.4365040957927704 0.4061209559440613 0.5059414505958557
0.027246057987213135 0.09017640352249146 0.6031681299209595 0.5264129638671875
