0.12916117906570435 0.2085476964712143 0.19037917256355286 0.25757819414138794
0.26692697405815125 0.32806482911109924 0.35488227009773254 0.3734131157398224
0.40083152055740356 0.2905294895172119 0.5452017188072205 0.3592202067375183
0.6941955089569092 0.002546645700931549 0.9452643394470215 0.14482247829437256
0.5824520587921143 0.4460347890853882 0.7988899946212769 0.526370108127594
0.3081197440624237 0.2210024744272232 0.42646458745002747 0.2803502678871155
0.20232237875461578 0.32942643761634827 0.26144281029701233 0.36233940720558167
0.1780998855829239 0.40186822414398193 0.22558189928531647 0.4328221082687378
0.4089921712875366 0.45801281929016113 0.5641735196113586 0.5243980884552002
0.1431172490119934 0.32570701837539673 0.19187527894973755 0.35416704416275024
0.22020381689071655 0.42059361934661865 0.2896322011947632 0.46337997913360596
0.08111037313938141 0.36760058999061584 0.12060745060443878 0.3939588963985443
0.07188358157873154 0.2775234580039978 0.10776828974485397 0.3026955723762512
0.29217422008514404 0.4372066855430603 0.41856974363327026 0.5099021792411804
0.4269499182701111 0.17580759525299072 0.5868164896965027 0.2581121325492859
0.7838467359542847 0.12595884501934052 0.9993298053741455 0.2831650376319885
0.14707055687904358 0.3888905942440033 0.19392451643943787 0.4225211441516876
0.008344411849975586 0.02856314182281494 0.9407103061676025 0.8214603066444397
0.4283817410469055 0.1761876940727234 0.5874257683753967 0.25741222500801086
0.057676054537296295 0.3546907901763916 0.09201870113611221 0.3765614628791809
0.11961314082145691 0.3741377294063568 0.16085347533226013 0.4034444987773895
0.7857941389083862 0.124857097864151 0.9979642629623413 0.28393933176994324
0.08103488385677338 0.3114416301250458 0.12703122198581696 0.34780362248420715
0.4089921712875366 0.45801281929016113 0.5641735196113586 0.5243980884552002
0.22269999980926514 0.4201607406139374 0.2929196357727051 0.46389320492744446
0.5824520587921143 0.4460347890853882 0.7988899946212769 0.526370108127594
0.022235993295907974 0.3083952069282532 0.10663540661334991 0.34324902296066284
0.2515685260295868 0.4350293278694153 0.3143569529056549 0.48634427785873413
0.3083057105541229 0.22066083550453186 0.4275250732898712 0.27922242879867554
0.42878836393356323 0.17881160974502563 0.5845806002616882 0.257447749376297
0.012122198939323425 0.20449189841747284 0.41625678539276123 0.49764513969421387
0.5824520587921143 0.4460347890853882 0.7988899946212769 0.526370108127594
0.025680191814899445 0.3090500831604004 0.10029327124357224 0.34362781047821045
0.030437400564551353 0.34939637780189514 0.06204336881637573 0.3662014305591583
0.3836367726325989 0.4547816216945648 0.5676289796829224 0.5238770842552185
