0.3223256468772888 0.21375922858715057 0.4489396810531616 0.2751150131225586
0.3127758204936981 0.3185003995895386 0.4230877459049225 0.3709515333175659
0.42739957571029663 0.4586455225944519 0.6033452153205872 0.5276250243186951
0.13028058409690857 0.20966123044490814 0.18955710530281067 0.25785648822784424
0.22683259844779968 0.3284711539745331 0.2983127534389496 0.3651624619960785
0.5051255226135254 0.2514204680919647 0.7010477781295776 0.3428816497325897
0.800548791885376 0.0 0.9994959831237793 0.1036452054977417
0.2260759174823761 0.4211953580379486 0.2933320105075836 0.46653273701667786
0.17783696949481964 0.4018123745918274 0.22615136206150055 0.4326774477958679
0.16115136444568634 0.32754504680633545 0.21497417986392975 0.3577556014060974
0.10141809284687042 0.277538001537323 0.14146485924720764 0.3044244050979614
0.02642112970352173 0.01776549220085144 0.8873845934867859 0.655550479888916
0.08467965573072433 0.36921995878219604 0.12662926316261292 0.39623570442199707
0.6811913251876831 0.4378848075866699 0.9675697088241577 0.5282673835754395
0.04228443652391434 0.35302016139030457 0.07637985795736313 0.37368449568748474
0.46355780959129333 0.15517333149909973 0.639163613319397 0.24584245681762695
0.14845354855060577 0.3887818455696106 0.1945677250623703 0.42242610454559326
0.46355780959129333 0.15517333149909973 0.639163613319397 0.24584245681762695
0.1194048598408699 0.3743603527545929 0.16034187376499176 0.4042142331600189
0.29935869574546814 0.4408760368824005 0.4315650165081024 0.509702205657959
0.06879453361034393 0.35716259479522705 0.10282914340496063 0.3800697326660156
0.0 0.009555608034133911 0.9743630290031433 0.969539999961853
0.033849164843559265 0.30869942903518677 0.11301812529563904 0.3489075303077698
0.46161702275276184 0.1558859944343567 0.639211118221283 0.2464367151260376
0.006945428438484669 0.3082953989505768 0.034741781651973724 0.3270139992237091
0.22674763202667236 0.42094364762306213 0.2947111129760742 0.4667099416255951
0.033849164843559265 0.30869942903518677 0.11301812529563904 0.3489075303077698
0.2784702777862549 0.4393845200538635 0.42514437437057495 0.5082406401634216
0.08894486725330353 0.31362396478652954 0.14080239832401276 0.35142260789871216
0.29935869574546814 0.4408760368824005 0.4315650165081024 0.509702205657959
0.6822370290756226 0.4370831847190857 0.9649631977081299 0.528592050075531
0.41765737533569336 0.4566234350204468 0.605985164642334 0.5276972651481628
0.5056403875350952 0.2518501877784729 0.7017121315002441 0.3435512185096741
