0.2734818160533905 0.43646925687789917 0.35681870579719543 0.4834325909614563
0.41224151849746704 0.2892574071884155 0.5440731644630432 0.35172194242477417
0.22225551307201385 0.2592828571796417 0.2932763695716858 0.3014155328273773
0.18390412628650665 0.40255141258239746 0.23385809361934662 0.43641209602355957
0.13015931844711304 0.22209689021110535 0.18620195984840393 0.2559379041194916
0.7101253271102905 0.1626925766468048 1.0 0.3065353035926819
0.25731611251831055 0.3236120641231537 0.3281491994857788 0.3627888858318329
0.44116121530532837 0.44501498341560364 0.6242343783378601 0.5364620089530945
0.44116121530532837 0.44501498341560364 0.6242343783378601 0.5364620089530945
0.40247857570648193 0.1720706671476364 0.5643719434738159 0.25140705704689026
0.14624658226966858 0.38880494236946106 0.19371268153190613 0.41798874735832214
0.6545666456222534 0.02522517740726471 0.9412534236907959 0.1747419834136963
0.008802682161331177 0.042338162660598755 0.8982188701629639 0.7757149934768677
0.02029816433787346 0.27838078141212463 0.07319693267345428 0.3039432466030121
0.40247857570648193 0.1720706671476364 0.5643719434738159 0.25140705704689026
0.6521410346031189 0.027763955295085907 0.9367281794548035 0.1796495020389557
0.012642024084925652 0.3406469523906708 0.04871572554111481 0.3597758710384369
0.10896942019462585 0.3720308542251587 0.16102054715156555 0.40029191970825195
0.2494174838066101 0.3253156840801239 0.3031601309776306 0.3585622012615204
0.016938336193561554 0.31161272525787354 0.06256649643182755 0.33039820194244385
0.24925044178962708 0.3286249339580536 0.28555551171302795 0.35629817843437195
0.06626234203577042 0.31439751386642456 0.19371742010116577 0.36120909452438354
0.05900535732507706 0.3129187226295471 0.1651315987110138 0.3569496273994446
0.13001790642738342 0.32092830538749695 0.1934504508972168 0.36209627985954285
0.12865416705608368 0.2095230519771576 0.1957426518201828 0.25689375400543213
0.02029816433787346 0.27838078141212463 0.07319693267345428 0.3039432466030121
0.6557977795600891 0.024974346160888672 0.9408475756645203 0.17460888624191284
0.060197751969099045 0.313118577003479 0.16369713842868805 0.3573814034461975
0.060448769479990005 0.3606971502304077 0.10708805918693542 0.38214272260665894
0.40247857570648193 0.1720706671476364 0.5643719434738159 0.25140705704689026
