0.6152694225311279 0.7648378610610962 0.7430391311645508 0.9126551151275635
0.2612021267414093 0.6312183141708374 0.29912421107292175 0.6900666952133179
0.3297055959701538 0.6647919416427612 0.386572003364563 0.7418465614318848
0.15953899919986725 0.5711418390274048 0.18519799411296844 0.6049734354019165
0.2369791567325592 0.6134632229804993 0.2741374671459198 0.6685298085212708
0.15301333367824554 0.5657076239585876 0.1807773858308792 0.5984078049659729
0.22671549022197723 0.6053498387336731 0.26861438155174255 0.6649520993232727
0.6504768133163452 0.5898938179016113 0.7570769786834717 0.6172885894775391
0.14916741847991943 0.5620977878570557 0.17658060789108276 0.5940656661987305
0.22707805037498474 0.6223193407058716 0.2504613697528839 0.6600697040557861
