0.6165318489074707 0.7855871319770813 0.7409629821777344 0.9275328516960144
0.26126110553741455 0.6311421990394592 0.2989739775657654 0.6899815201759338
0.32965242862701416 0.6646762490272522 0.3864148259162903 0.741805374622345
0.15954120457172394 0.5713397264480591 0.18525345623493195 0.6055845022201538
0.2369503527879715 0.613613486289978 0.27433088421821594 0.6685172319412231
0.22650271654129028 0.6057475209236145 0.26871180534362793 0.66509610414505
0.15277090668678284 0.5653892755508423 0.18064355850219727 0.5982199907302856
0.5667670369148254 0.5787719488143921 0.6681484580039978 0.604482889175415
0.22607378661632538 0.6217222809791565 0.2503392994403839 0.6600856184959412
0.22944068908691406 0.6950895190238953 0.28719812631607056 0.7274494767189026
