0.6176206469535828 0.7932782769203186 0.7369810938835144 0.934482991695404
0.26134878396987915 0.6314587593078613 0.2990146279335022 0.6904643774032593
0.32938352227211 0.664544939994812 0.3866497576236725 0.7420711517333984
0.1595730483531952 0.5712922811508179 0.18501630425453186 0.6057889461517334
0.23580926656723022 0.6129400134086609 0.2742898464202881 0.6683961749076843
0.22624024748802185 0.6055679321289062 0.2687692940235138 0.6647319793701172
0.15290918946266174 0.565817654132843 0.1805116832256317 0.5986277461051941
0.14911676943302155 0.5628802180290222 0.17728157341480255 0.5926358103752136
0.2306726574897766 0.6956663131713867 0.28659725189208984 0.7274690866470337
0.22692517936229706 0.6224808096885681 0.25034770369529724 0.660135805606842
