0.6142432689666748 0.8118858337402344 0.7389816045761108 0.948316216468811
0.2601299285888672 0.6310315132141113 0.29947954416275024 0.6917603015899658
0.3294528126716614 0.6640942692756653 0.38605797290802 0.742169201374054
0.23898175358772278 0.6155528426170349 0.27409854531288147 0.666557252407074
0.1570352166891098 0.5702221393585205 0.18516315519809723 0.6044133901596069
0.15204714238643646 0.5654653310775757 0.18248291313648224 0.5994291305541992
0.22647185623645782 0.6062312722206116 0.2686084508895874 0.664196789264679
0.7444727420806885 0.6738781929016113 0.9936655759811401 0.7975246906280518
0.7427251935005188 0.6741577386856079 0.9945477843284607 0.7963061332702637
0.23202800750732422 0.6985721588134766 0.28843820095062256 0.7275518178939819
