0.6157145500183105 0.8101773262023926 0.7381502389907837 0.9477684497833252
0.2599112391471863 0.6311551928520203 0.29924601316452026 0.690189778804779
0.3295546770095825 0.6644994020462036 0.38706982135772705 0.7417932748794556
0.48073720932006836 0.46459949016571045 0.5897618532180786 0.5951184034347534
0.23627792298793793 0.6133843064308167 0.2737481892108917 0.666727602481842
0.1510336846113205 0.5646530389785767 0.18076743185520172 0.5973727703094482
0.15823350846767426 0.5711265802383423 0.18539662659168243 0.6056162118911743
0.22729921340942383 0.608235239982605 0.26603469252586365 0.6603111028671265
0.22874364256858826 0.6955556273460388 0.28529295325279236 0.7276801466941833
0.2263568490743637 0.6202268004417419 0.2505381107330322 0.6600742936134338
