0.615491509437561 0.8099477291107178 0.7381290197372437 0.9485434293746948
0.26016756892204285 0.631759524345398 0.2989376485347748 0.6892740726470947
0.32960453629493713 0.6639722585678101 0.38640400767326355 0.7421001195907593
0.2374357432126999 0.6131787896156311 0.27339255809783936 0.6666514277458191
0.1508510261774063 0.563601016998291 0.181904599070549 0.5987023115158081
0.22581350803375244 0.606956958770752 0.2690562605857849 0.6641147136688232
0.15714019536972046 0.5690389275550842 0.18477368354797363 0.6043828129768372
0.461521178483963 0.23625846207141876 0.5421249270439148 0.33766475319862366
0.22889834642410278 0.6961828470230103 0.28898167610168457 0.7274256944656372
0.7101726531982422 0.17917121946811676 0.7460228204727173 0.2017904371023178
