0.615828275680542 0.8100574016571045 0.7382899522781372 0.9483097791671753
0.26000073552131653 0.631977915763855 0.29881420731544495 0.688895583152771
0.32968252897262573 0.6641111373901367 0.3863774538040161 0.7420620918273926
0.45255085825920105 0.18463481962680817 0.5378627181053162 0.27919238805770874
0.23800978064537048 0.6136069297790527 0.27360066771507263 0.6667904853820801
0.1508553922176361 0.5635205507278442 0.1811230480670929 0.5976947546005249
0.22592365741729736 0.6068836450576782 0.2693254351615906 0.6641108989715576
0.15825463831424713 0.5697218179702759 0.18481327593326569 0.6047121286392212
0.32740795612335205 0.5170773267745972 0.375222384929657 0.5483745336532593
0.22841665148735046 0.6964592933654785 0.2879450023174286 0.7275345325469971
0.2252638190984726 0.6205538511276245 0.25033700466156006 0.6603569984436035
