0.6141881942749023 0.8099263310432434 0.7383139133453369 0.9476550221443176
0.26074621081352234 0.6313292384147644 0.2993050515651703 0.6900268197059631
0.4852265417575836 0.08553506433963776 0.6119339466094971 0.19852294027805328
0.3301030695438385 0.6630020141601562 0.38624581694602966 0.7422361373901367
0.15961375832557678 0.5718187689781189 0.18586909770965576 0.6064813733100891
0.23874236643314362 0.614107608795166 0.27282509207725525 0.6668003797531128
0.22543488442897797 0.6069529056549072 0.26285213232040405 0.6604435443878174
0.15237361192703247 0.5651109218597412 0.17940425872802734 0.5971049070358276
0.2565551996231079 0.6276373863220215 0.2915453314781189 0.6806145906448364
0.27133622765541077 0.558667778968811 0.31935635209083557 0.5701003074645996
