0.6136770844459534 0.8100718855857849 0.7383971810340881 0.9476850628852844
0.2607545554637909 0.6313310265541077 0.2992771565914154 0.6899812817573547
0.3300081193447113 0.6640306711196899 0.38665571808815 0.7422730922698975
0.48954322934150696 0.07942505180835724 0.6174234747886658 0.19444526731967926
0.15967430174350739 0.5719673037528992 0.18585072457790375 0.6064336895942688
0.23872192203998566 0.6140233278274536 0.27292731404304504 0.6668249368667603
0.22518682479858398 0.6067436933517456 0.26288503408432007 0.6604801416397095
0.15241774916648865 0.5652613043785095 0.17933914065361023 0.5970490574836731
0.48954322934150696 0.07942505180835724 0.6174234747886658 0.19444526731967926
0.27679041028022766 0.557799220085144 0.32382532954216003 0.5701403617858887
0.2564355432987213 0.6274523735046387 0.2915879786014557 0.6806604862213135
0.26876339316368103 0.539386510848999 0.30764999985694885 0.5510233640670776
0.21545054018497467 0.5131677985191345 0.2812854051589966 0.5375637412071228
