0.6169156432151794 0.8104602098464966 0.7382205128669739 0.9481574296951294
0.2607614994049072 0.6310728788375854 0.2994300127029419 0.6902194023132324
0.33003342151641846 0.6639218330383301 0.3861234784126282 0.7424975633621216
0.5767807364463806 0.8170157074928284 0.6500926613807678 0.8436927199363708
0.23835909366607666 0.6142423152923584 0.27333372831344604 0.6673603057861328
0.6014689803123474 0.0012192577123641968 0.7964357733726501 0.10452231019735336
0.16044513881206512 0.5723216533660889 0.18625693023204803 0.6076772212982178
0.22535650432109833 0.6068731546401978 0.2638801336288452 0.6602778434753418
0.15110604465007782 0.5638838410377502 0.17823602259159088 0.5955957770347595
0.3186761736869812 0.5640259981155396 0.3732492923736572 0.5784940719604492
0.6031433343887329 0.00041512399911880493 0.79710853099823 0.10433834046125412
0.25659850239753723 0.6274694204330444 0.2913477122783661 0.6810826063156128
