0.6171574592590332 0.8097763061523438 0.7383860349655151 0.947449803352356
0.26093679666519165 0.6311153769493103 0.2994384765625 0.6898730397224426
0.3301396369934082 0.6640778183937073 0.3860509991645813 0.742179811000824
0.6024664640426636 0.7882301211357117 0.6896095275878906 0.8143710494041443
0.23817601799964905 0.613988995552063 0.27310439944267273 0.6668014526367188
0.1605493277311325 0.57211834192276 0.18622370064258575 0.6071282029151917
0.22541922330856323 0.6066837906837463 0.264335036277771 0.6604275107383728
0.15114861726760864 0.5639192461967468 0.17841112613677979 0.5957693457603455
0.6754287481307983 0.0 0.8258191347122192 0.04978499561548233
0.33508992195129395 0.5648593902587891 0.39387351274490356 0.5808606147766113
0.25695106387138367 0.6276211142539978 0.2916426956653595 0.6812077164649963
0.7299788594245911 0.0004218257963657379 0.9382838606834412 0.09813468158245087
