0.6168717741966248 0.8069019913673401 0.7379465699195862 0.947708785533905
0.26091521978378296 0.6311456561088562 0.2994236350059509 0.6898745894432068
0.33012548089027405 0.6638857126235962 0.3859873116016388 0.7421824932098389
0.23822161555290222 0.6142935156822205 0.2729913294315338 0.666778028011322
0.2254699170589447 0.6067364811897278 0.26428958773612976 0.6604501605033875
0.16055059432983398 0.5721471905708313 0.18625900149345398 0.6071118712425232
0.6107421517372131 0.7833861708641052 0.7030405402183533 0.8083867430686951
0.15107065439224243 0.5638924241065979 0.17839547991752625 0.5957430005073547
0.2568209171295166 0.6276564598083496 0.29144734144210815 0.681035041809082
0.3380027115345001 0.5658084154129028 0.4018239676952362 0.582779049873352
