0.6166156530380249 0.8079965114593506 0.7384401559829712 0.9476404190063477
0.26091307401657104 0.6311102509498596 0.2994093894958496 0.6898731589317322
0.33011969923973083 0.663975715637207 0.38600602746009827 0.7422014474868774
0.6056411862373352 0.7854448556900024 0.6932938694953918 0.8098281621932983
0.23816342651844025 0.6141385436058044 0.27302223443984985 0.6667636036872864
0.22538520395755768 0.6067073345184326 0.264329195022583 0.6604475975036621
0.1605444997549057 0.5721288919448853 0.1862235814332962 0.607093095779419
0.15109647810459137 0.5638644099235535 0.17843152582645416 0.5957353711128235
0.6875069737434387 0.0002869144082069397 0.8110522627830505 0.03926776722073555
0.3362521529197693 0.5647946000099182 0.3997710347175598 0.5818156599998474
0.2569001019001007 0.6276429891586304 0.2915627658367157 0.681153416633606
