0.6176847219467163 0.8074138760566711 0.7379046678543091 0.9479930996894836
0.260875940322876 0.6311339735984802 0.2993354797363281 0.6898781657218933
0.329755961894989 0.6645267009735107 0.3865423798561096 0.7421145439147949
0.5911968350410461 0.7986496090888977 0.676802933216095 0.82155841588974
0.23798206448554993 0.6137321591377258 0.2730066478252411 0.6666175723075867
0.1605045199394226 0.5722735524177551 0.18624362349510193 0.6076229214668274
0.22545135021209717 0.6066011786460876 0.2645619213581085 0.6604065299034119
0.1509251594543457 0.563825786113739 0.1783497929573059 0.595912516117096
0.6573575735092163 0.0 0.8312479257583618 0.06492875516414642
0.6574212908744812 0.0003929212689399719 0.8532496094703674 0.0703912153840065
0.3316377103328705 0.5643944144248962 0.3906334340572357 0.5800914168357849
0.683212399482727 0.0034974366426467896 0.9267349243164062 0.10703785717487335
