0.6162406802177429 0.8100263476371765 0.7380561232566833 0.9478105902671814
0.26091131567955017 0.6313800811767578 0.2995052635669708 0.6897047758102417
0.3300691843032837 0.6645564436912537 0.38688600063323975 0.7423803210258484
0.8701198101043701 0.7070764303207397 0.9839270114898682 0.7415550947189331
0.8813863396644592 0.6648839116096497 0.9964997172355652 0.6992706656455994
0.23916591703891754 0.6150074601173401 0.274009108543396 0.6679072976112366
0.1595616340637207 0.5720928907394409 0.18616557121276855 0.6062474250793457
0.22590148448944092 0.6079292297363281 0.2630808353424072 0.6599373817443848
0.15205179154872894 0.5648114681243896 0.17918066680431366 0.5957547426223755
0.4359007477760315 0.5815271735191345 0.5097124576568604 0.5999411940574646
0.22538213431835175 0.6152819991111755 0.2521592378616333 0.6603147387504578
