0.6159882545471191 0.8100947141647339 0.7381397485733032 0.9476374387741089
0.26085540652275085 0.6313852071762085 0.29949280619621277 0.6896462440490723
0.3300403654575348 0.6646714806556702 0.38693246245384216 0.742341935634613
0.2391311377286911 0.6154031157493591 0.27395200729370117 0.6677222847938538
0.1597675383090973 0.5722291469573975 0.1862984597682953 0.6064748764038086
0.22592513263225555 0.608034074306488 0.2628730535507202 0.6598970293998718
0.1521228551864624 0.564704179763794 0.17915064096450806 0.5954647064208984
0.8060368299484253 0.7044911980628967 0.9186607599258423 0.7349652647972107
0.9401854872703552 0.6872802972793579 0.9999017119407654 0.7366901636123657
0.4185044467449188 0.5789594650268555 0.4865511357784271 0.5959998369216919
