0.6158198118209839 0.8102664947509766 0.7383426427841187 0.9477494955062866
0.2608426511287689 0.6311060190200806 0.2996427118778229 0.6901426315307617
0.329802542924881 0.6632171869277954 0.38647595047950745 0.7421953678131104
0.2394532859325409 0.615617573261261 0.2738531529903412 0.6683858036994934
0.1606065183877945 0.5721089839935303 0.18625275790691376 0.6067677736282349
0.2257213294506073 0.6080520153045654 0.26204970479011536 0.6601876020431519
0.15144562721252441 0.5640606880187988 0.17801973223686218 0.5953998565673828
0.511149525642395 0.6075476408004761 0.5963919162750244 0.6287987232208252
0.7023465633392334 0.6161068677902222 0.8106726408004761 0.6492606401443481
0.25559335947036743 0.6272582411766052 0.2906908392906189 0.680426299571991
0.22485196590423584 0.6167799234390259 0.2511885464191437 0.6605441570281982
0.8247362971305847 0.6069351434707642 0.8587930798530579 0.6612401008605957
