0.6158511638641357 0.8102408051490784 0.7381289005279541 0.9482924342155457
0.2610109746456146 0.6315457820892334 0.2996121346950531 0.6897237300872803
0.32967260479927063 0.6644753217697144 0.3869681656360626 0.7428257465362549
0.23930665850639343 0.6154003143310547 0.2735613286495209 0.6679251194000244
0.16007262468338013 0.5715930461883545 0.18662208318710327 0.6077780723571777
0.8170152306556702 0.650179386138916 0.9481454491615295 0.6845656633377075
0.22555218636989594 0.6079427599906921 0.26285648345947266 0.6602814793586731
0.15294981002807617 0.5649703145027161 0.17894333600997925 0.5965972542762756
0.7716742753982544 0.00048368796706199646 0.903996467590332 0.041926126927137375
0.48965883255004883 0.5821345448493958 0.5624806880950928 0.601561963558197
0.2561420798301697 0.6274134516716003 0.2903975248336792 0.680411159992218
