0.6165431141853333 0.8102375268936157 0.7377919554710388 0.9483054876327515
0.260922908782959 0.63144451379776 0.2996482849121094 0.6898358464241028
0.3299875259399414 0.66315758228302 0.38659733533859253 0.7426455020904541
0.2393759787082672 0.6147387623786926 0.27370455861091614 0.6680009961128235
0.16001459956169128 0.5718304514884949 0.18693280220031738 0.6073189377784729
0.7655125260353088 0.0002959631383419037 0.9280057549476624 0.07636894285678864
0.2257739156484604 0.6079228520393372 0.2620159983634949 0.6601977944374084
0.15208014845848083 0.5646358132362366 0.1785258948802948 0.5962638258934021
0.22510190308094025 0.6161571145057678 0.25106412172317505 0.6605352759361267
0.25700104236602783 0.6277042627334595 0.2918540835380554 0.680945873260498
0.44779959321022034 0.5751595497131348 0.5185021162033081 0.5916589498519897
0.7620242238044739 0.0 0.9284612536430359 0.07896675169467926
