0.26467713713645935 0.2478620409965515 0.34599676728248596 0.29354923963546753
0.1776791512966156 0.4143448770046234 0.2353144884109497 0.4508614242076874
0.3507106304168701 0.45881137251853943 0.47093987464904785 0.512695848941803
0.15122030675411224 0.27586737275123596 0.20527125895023346 0.30624935030937195
0.12934225797653198 0.22207793593406677 0.187959223985672 0.25650981068611145
0.2518334984779358 0.32658588886260986 0.32582271099090576 0.3585085868835449
0.16379201412200928 0.32519567012786865 0.22042539715766907 0.3571021556854248
0.08037671446800232 0.37161433696746826 0.11641170084476471 0.394645094871521
0.7415235638618469 0.44556617736816406 0.9958279728889465 0.541718602180481
0.0792384222149849 0.3197250962257385 0.12024717777967453 0.3426594138145447
0.01364816352725029 0.3110916316509247 0.040266506373882294 0.3287411034107208
0.010359376668930054 0.02292993664741516 0.9083291292190552 0.9056724309921265
0.7107521295547485 0.0 0.9954934120178223 0.11891758441925049
0.711702287197113 0.0005456022918224335 0.9909562468528748 0.11972914636135101
0.7415235638618469 0.44556617736816406 0.9958279728889465 0.541718602180481
0.3507953882217407 0.4581097960472107 0.47040826082229614 0.5122504830360413
