0.6169607639312744 0.8100817203521729 0.7376822233200073 0.9479762315750122
0.26088079810142517 0.6313629150390625 0.29973921179771423 0.6898655891418457
0.3301151990890503 0.6631991863250732 0.38665270805358887 0.7424948215484619
0.7599020004272461 0.0 0.9304934740066528 0.08610187470912933
0.15996119379997253 0.5716304183006287 0.18641361594200134 0.6074458956718445
0.23939965665340424 0.6142223477363586 0.27375611662864685 0.6681228280067444
0.225763738155365 0.6076611280441284 0.2625100016593933 0.6604764461517334
0.15225692093372345 0.5644746422767639 0.1786804050207138 0.5963919758796692
0.43751174211502075 0.5744708776473999 0.5074565410614014 0.5905346870422363
0.22511084377765656 0.6156375408172607 0.2509400248527527 0.6605184078216553
0.25724363327026367 0.6277161836624146 0.2919413447380066 0.6810500621795654
