0.6162141561508179 0.8101537227630615 0.7377114295959473 0.9480656385421753
0.2609409689903259 0.631339967250824 0.2997068166732788 0.689655601978302
0.3298368453979492 0.6645829677581787 0.38665086030960083 0.7424018383026123
0.7833713889122009 0.0 0.9690436720848083 0.13055625557899475
0.23897463083267212 0.6142175197601318 0.27358317375183105 0.6679964065551758
0.1601533442735672 0.572001576423645 0.18612654507160187 0.6065256595611572
0.15193983912467957 0.5643659830093384 0.17865541577339172 0.5952612161636353
0.22576145827770233 0.6078193783760071 0.2627156376838684 0.6601532101631165
0.2249106466770172 0.6164904832839966 0.2508808970451355 0.660477876663208
0.2569015920162201 0.627609372138977 0.2917692959308624 0.6808865070343018
