0.6162457466125488 0.8102282285690308 0.7378666400909424 0.9480818510055542
0.26097187399864197 0.6313730478286743 0.2998148500919342 0.689653754234314
0.3298516869544983 0.6646373867988586 0.3866535425186157 0.742441713809967
0.7822098135948181 0.0 0.9575887322425842 0.12434878200292587
0.23905636370182037 0.6144721508026123 0.27363723516464233 0.6679482460021973
0.16027545928955078 0.5721113085746765 0.1861574351787567 0.606627881526947
0.2258669137954712 0.6081472039222717 0.26265475153923035 0.660108745098114
0.1521739512681961 0.5645993947982788 0.17860455811023712 0.5954020023345947
0.22527611255645752 0.6148284673690796 0.2517250180244446 0.6606183052062988
0.25671836733818054 0.6276839971542358 0.2915947139263153 0.6806950569152832
