0.616189181804657 0.8100159764289856 0.7382832169532776 0.9482200741767883
0.2608186900615692 0.6313788890838623 0.29979297518730164 0.6899206638336182
0.7874771952629089 0.0 0.9650071263313293 0.14013640582561493
0.33032357692718506 0.6647727489471436 0.38500261306762695 0.7428930997848511
0.16025064885616302 0.5720594525337219 0.18603797256946564 0.6066370606422424
0.6671860218048096 0.662400484085083 0.7757041454315186 0.6916664838790894
0.2394435554742813 0.6147692203521729 0.2735585570335388 0.6679036617279053
0.15226887166500092 0.56453537940979 0.17860223352909088 0.5952805280685425
0.2252727597951889 0.6077244877815247 0.26226937770843506 0.6600777506828308
0.25583821535110474 0.6275789141654968 0.29025429487228394 0.6802027821540833
0.33074691891670227 0.5171283483505249 0.37475892901420593 0.548750638961792
