0.6162805557250977 0.8100461959838867 0.7381038665771484 0.9481289386749268
0.2608117163181305 0.631386935710907 0.29979053139686584 0.6899439692497253
0.7875012159347534 0.0 0.9655618667602539 0.14009028673171997
0.33041903376579285 0.664659857749939 0.384400874376297 0.7424757480621338
0.6795607805252075 0.6593353152275085 0.7952324151992798 0.6899963021278381
0.16021281480789185 0.571977972984314 0.18598449230194092 0.6068433523178101
0.23952466249465942 0.61476731300354 0.27359724044799805 0.6679576635360718
0.15239647030830383 0.5645787715911865 0.17868882417678833 0.5955368280410767
0.22537721693515778 0.6077677607536316 0.2622866630554199 0.6600509285926819
0.2559501826763153 0.6276196837425232 0.2903386056423187 0.6802912354469299
