0.6161989569664001 0.8100184798240662 0.7378036379814148 0.9482812285423279
0.2608308494091034 0.6313769221305847 0.29989442229270935 0.6899154782295227
0.3300264775753021 0.665040910243988 0.38597360253334045 0.7424673438072205
0.787142813205719 0.0 0.9684532284736633 0.14000877737998962
0.23943617939949036 0.6149874329566956 0.27363839745521545 0.6678648591041565
0.16031871736049652 0.571955680847168 0.18608342111110687 0.6068180799484253
0.22566212713718414 0.6076405644416809 0.26260682940483093 0.6601167321205139
0.15246659517288208 0.5647071003913879 0.17845138907432556 0.595337450504303
0.7156144380569458 0.6541704535484314 0.8339623212814331 0.6863295435905457
0.2555464208126068 0.6274694800376892 0.29020383954048157 0.6801705956459045
0.8766072988510132 0.10631973296403885 0.9974327087402344 0.342489093542099
