0.6163376569747925 0.8100430965423584 0.7378271818161011 0.9482333660125732
0.2608000338077545 0.6313894987106323 0.2999345362186432 0.6898674964904785
0.7870463132858276 0.0 0.9683748483657837 0.140048086643219
0.33032286167144775 0.6652791500091553 0.3859955072402954 0.7424770593643188
0.23949505388736725 0.6149473786354065 0.27361786365509033 0.6679155230522156
0.16035622358322144 0.571964681148529 0.18611180782318115 0.6068130135536194
0.22568222880363464 0.6077702641487122 0.26259341835975647 0.6600692868232727
0.15249477326869965 0.5646147131919861 0.17852117121219635 0.5953451991081238
0.7009859681129456 0.6528305411338806 0.8259086012840271 0.6856030821800232
0.25530898571014404 0.6274144053459167 0.2899925112724304 0.6799761652946472
0.8772603273391724 0.10475334525108337 0.9974876642227173 0.34262338280677795
