0.6160593628883362 0.809747576713562 0.7376624941825867 0.9478163719177246
0.26087868213653564 0.6312827467918396 0.29981493949890137 0.6903137564659119
0.7732783555984497 0.0 0.9627268314361572 0.13951152563095093
0.32995104789733887 0.6652501821517944 0.3862380385398865 0.7428961992263794
0.1604020595550537 0.5723532438278198 0.18610137701034546 0.607215404510498
0.2395615577697754 0.6149471402168274 0.273875892162323 0.6681249737739563
0.2252708226442337 0.6074038147926331 0.2630807161331177 0.6601836085319519
0.15201406180858612 0.5639779567718506 0.17839600145816803 0.5947526693344116
0.6096560955047607 0.6925008893013 0.709667444229126 0.7196878790855408
0.25617101788520813 0.6274771094322205 0.2907552421092987 0.6807587742805481
