0.6162522435188293 0.8097097873687744 0.7375637888908386 0.9477450847625732
0.26086628437042236 0.6312779188156128 0.2998359799385071 0.6903531551361084
0.7600388526916504 0.0 0.9649043083190918 0.13934290409088135
0.3300570547580719 0.6651995182037354 0.3875720798969269 0.7449994087219238
0.16042479872703552 0.5723859071731567 0.1864282786846161 0.6054538488388062
0.23940971493721008 0.6148325800895691 0.27374330163002014 0.6679114699363708
0.22519199550151825 0.6072357296943665 0.2631349265575409 0.6602495312690735
0.5993353724479675 0.7017257809638977 0.6900948882102966 0.7307094931602478
0.152124285697937 0.5643260478973389 0.1786881387233734 0.5945899486541748
0.2562817633152008 0.6275419592857361 0.29081955552101135 0.6807685494422913
