0.6160344481468201 0.8092777729034424 0.7373921275138855 0.9476567506790161
0.2608944773674011 0.6311325430870056 0.29965680837631226 0.6902895569801331
0.32984885573387146 0.6634138822555542 0.3869345486164093 0.7424226999282837
0.786726176738739 0.0 0.9696648716926575 0.1400146633386612
0.23944638669490814 0.6146914958953857 0.27392467856407166 0.6680828332901001
0.22529803216457367 0.6075851321220398 0.2631188631057739 0.6602004170417786
0.1519574224948883 0.5648496150970459 0.1793193221092224 0.5948058366775513
0.15988220274448395 0.5730776190757751 0.18624301254749298 0.6067729592323303
0.873334527015686 0.1016165167093277 0.9973281621932983 0.3403024673461914
0.2562512457370758 0.6275681853294373 0.2907935678958893 0.6805900931358337
