0.6162844896316528 0.8101213574409485 0.7375802993774414 0.9477118849754333
0.26088130474090576 0.6311237812042236 0.29968875646591187 0.6902991533279419
0.32991430163383484 0.6646771430969238 0.3871234953403473 0.7425857782363892
0.7848378419876099 0.0 0.970909595489502 0.14035648107528687
0.23934495449066162 0.6145654320716858 0.27387070655822754 0.6680215001106262
0.1522563397884369 0.5645753741264343 0.17946681380271912 0.5951737761497498
0.22529572248458862 0.6075314283370972 0.26337549090385437 0.6601890325546265
0.16002488136291504 0.5722479224205017 0.18637260794639587 0.6065976023674011
0.8732967376708984 0.09622135758399963 0.9974929094314575 0.3399727940559387
0.5748721957206726 0.7741168737411499 0.6686344742774963 0.8004190921783447
0.2563992440700531 0.6276077032089233 0.29093584418296814 0.6806366443634033
