0.61622154712677 0.8100222945213318 0.7378146648406982 0.9487137198448181
0.2609640657901764 0.631178617477417 0.2996653616428375 0.6903887987136841
0.32982558012008667 0.665034830570221 0.38714325428009033 0.7425999045372009
0.7873423099517822 0.0 0.9615674018859863 0.13951921463012695
0.16041727364063263 0.5736150741577148 0.18768836557865143 0.6070369482040405
0.2393835037946701 0.6145872473716736 0.2737780809402466 0.6678131222724915
0.22520050406455994 0.6076000332832336 0.26314687728881836 0.6599512696266174
0.15135730803012848 0.5638883113861084 0.17855249345302582 0.5934886932373047
0.8772650361061096 0.10207774490118027 0.9979889988899231 0.34195926785469055
0.2560947835445404 0.6275250911712646 0.2905878722667694 0.6805242300033569
0.7154830694198608 0.0 0.8089216947555542 0.02720126137137413
