0.6178944110870361 0.8100703954696655 0.738018274307251 0.9483245611190796
0.260945588350296 0.6311752200126648 0.2996198236942291 0.6904287934303284
0.7880381345748901 0.0006113499402999878 0.9628105163574219 0.13935509324073792
0.32976847887039185 0.6651233434677124 0.38713473081588745 0.7424975633621216
0.16075244545936584 0.5731443166732788 0.1868593990802765 0.607345461845398
0.2394033968448639 0.6146368384361267 0.2738010585308075 0.6678758263587952
0.2252219021320343 0.6075623631477356 0.26317891478538513 0.6599205136299133
0.1524340957403183 0.5643413066864014 0.1781051605939865 0.5957419872283936
0.25616204738616943 0.6275334358215332 0.29063671827316284 0.6805737018585205
0.8772828578948975 0.1022186204791069 0.9978649616241455 0.3424590229988098
