0.6182473301887512 0.8099791407585144 0.7378800511360168 0.9479250311851501
0.2609403431415558 0.6312105655670166 0.2996370494365692 0.6904239654541016
0.7878292202949524 0.0 0.9676608443260193 0.14019939303398132
0.32978758215904236 0.6650116443634033 0.3871050775051117 0.7424649000167847
0.2393885999917984 0.6146987676620483 0.2738114297389984 0.6679037809371948
0.1601155400276184 0.5727440714836121 0.18637624382972717 0.6075159907341003
0.22535814344882965 0.6076557040214539 0.2631588280200958 0.6600173115730286
0.1525215357542038 0.5644931197166443 0.17726249992847443 0.595798671245575
0.365365594625473 0.823944091796875 0.4139542281627655 0.8385933637619019
0.256089448928833 0.6275104284286499 0.29067283868789673 0.6805241107940674
0.8786322474479675 0.10110950469970703 0.9979867339134216 0.34247568249702454
