0.6190872192382812 0.8108407258987427 0.7381629943847656 0.9478154182434082
0.2607772946357727 0.6312644481658936 0.2996785640716553 0.6901922225952148
0.3297460973262787 0.6634834408760071 0.3867656886577606 0.7417970299720764
0.7870982885360718 0.0 0.9720568656921387 0.14022307097911835
0.2401183694601059 0.616483211517334 0.2744523584842682 0.670157790184021
0.16054245829582214 0.5721247792243958 0.18615064024925232 0.6075935959815979
0.2258148491382599 0.6081687211990356 0.2619068920612335 0.6599018573760986
0.152309849858284 0.5646122097969055 0.17796622216701508 0.594883143901825
0.3536452054977417 0.8408307433128357 0.40090280771255493 0.8540781140327454
0.5802927613258362 0.8550403118133545 0.6314305663108826 0.8952624797821045
0.5797862410545349 0.8644499182701111 0.6263287663459778 0.901833713054657
0.2559914290904999 0.6275715827941895 0.2905553877353668 0.6807575225830078
0.5808714628219604 0.8717750310897827 0.6186755895614624 0.8984270095825195
0.8817890286445618 0.1036798357963562 0.9979369044303894 0.3421146273612976
0.2250804454088211 0.6163119673728943 0.2513463795185089 0.6603221297264099
