0.1294390708208084 0.20614449679851532 0.18995054066181183 0.25667738914489746
0.15578630566596985 0.40183883905410767 0.2137407660484314 0.43643563985824585
0.11634328961372375 0.32341963052749634 0.16890987753868103 0.3513418436050415
0.04997166246175766 0.3188875913619995 0.08228481560945511 0.34035658836364746
0.09155283868312836 0.27617594599723816 0.13529197871685028 0.30154016613960266
0.17355602979660034 0.33017516136169434 0.24359866976737976 0.3625710606575012
0.04527533799409866 0.3521990180015564 0.07757428288459778 0.37215185165405273
0.019381936639547348 0.3092097043991089 0.04578210785984993 0.3291705846786499
0.011413203552365303 0.28036361932754517 0.03867005556821823 0.3014373183250427
0.17047087848186493 0.3302451968193054 0.2433062344789505 0.36227667331695557
0.0 0.0 1.0 0.9773940443992615
