0.12982341647148132 0.20694473385810852 0.1896999180316925 0.2568100392818451
0.12819403409957886 0.3290289044380188 0.19106844067573547 0.3572656512260437
0.11730116605758667 0.3868662416934967 0.16537025570869446 0.4160941541194916
0.08988253027200699 0.3217656910419464 0.13455109298229218 0.34801164269447327
0.06668276339769363 0.2769829034805298 0.1045280173420906 0.3002967834472656
0.029452752321958542 0.34569910168647766 0.05866900458931923 0.3659227788448334
0.031450144946575165 0.31686243414878845 0.061749473214149475 0.3348183333873749
0.0 0.0 1.0 0.9854686260223389
0.11730116605758667 0.3868662416934967 0.16537025570869446 0.4160941541194916
0.007792108692228794 0.3099265396595001 0.02956211566925049 0.32642367482185364
0.12819403409957886 0.3290289044380188 0.19106844067573547 0.3572656512260437
