0.13105879724025726 0.20765669643878937 0.18928323686122894 0.25685960054397583
0.2620723843574524 0.23338080942630768 0.36797118186950684 0.28778764605522156
0.5654060244560242 0.20331938564777374 0.823375403881073 0.31187304854393005
0.16247978806495667 0.3289986848831177 0.2188144326210022 0.3569764494895935
0.10624577105045319 0.3060103952884674 0.14754875004291534 0.3320799171924591
0.3035312592983246 0.2969357371330261 0.4110194146633148 0.3541424870491028
0.38556182384490967 0.45749837160110474 0.5262641906738281 0.5158722400665283
0.12665212154388428 0.3830854892730713 0.17383578419685364 0.4122917056083679
0.5668372511863708 0.20141354203224182 0.8215840458869934 0.31058207154273987
0.019471831619739532 0.2736496925354004 0.08905044943094254 0.3038892149925232
0.012275713495910168 0.3357393741607666 0.03870650753378868 0.3543260097503662
0.1265370398759842 0.38298386335372925 0.1737375408411026 0.4125431776046753
0.38556182384490967 0.45749837160110474 0.5262641906738281 0.5158722400665283
