0.44852519035339355 0.26048314571380615 0.5930889844894409 0.334312379360199
0.295613169670105 0.24015796184539795 0.3876098394393921 0.291648805141449
0.13299567997455597 0.20854951441287994 0.18959079682826996 0.25506526231765747
0.056986697018146515 0.3553224205970764 0.09305106848478317 0.37723100185394287
0.22758667171001434 0.4228505492210388 0.3041526675224304 0.46375149488449097
0.02518109232187271 0.31192076206207275 0.05064191669225693 0.3326648473739624
0.04485839605331421 0.26812735199928284 0.16089773178100586 0.3079787790775299
0.04087735712528229 0.2680198550224304 0.16114404797554016 0.30760878324508667
0.010436572134494781 0.33943629264831543 0.03444770723581314 0.35745102167129517
0.02502773143351078 0.2871338129043579 0.046245455741882324 0.2999136447906494
0.01757998764514923 0.2845310866832733 0.046842291951179504 0.30091163516044617
0.22610215842723846 0.4229685068130493 0.3034924268722534 0.4647761583328247
0.04485839605331421 0.26812735199928284 0.16089773178100586 0.3079787790775299
0.056986697018146515 0.3553224205970764 0.09305106848478317 0.37723100185394287
0.004167348146438599 0.0 0.9209904670715332 0.922307014465332
