0.6038215160369873 0.1962711066007614 0.8226187229156494 0.2998453974723816
0.13188186287879944 0.21011249721050262 0.18971914052963257 0.2555992603302002
0.3868405818939209 0.1927693784236908 0.5105252861976624 0.26489269733428955
0.25922223925590515 0.4330810308456421 0.34164586663246155 0.4749276041984558
0.03480447456240654 0.31431347131729126 0.06192103400826454 0.33465278148651123
0.07006025314331055 0.3598667085170746 0.10820786654949188 0.38426366448402405
0.05840805172920227 0.2653823792934418 0.18377703428268433 0.30900534987449646
0.06533470749855042 0.26471784710884094 0.18359169363975525 0.30950650572776794
0.030963584780693054 0.2838951647281647 0.05622601509094238 0.3012749254703522
0.01751434989273548 0.3424908220767975 0.042437247931957245 0.3600049316883087
0.25754719972610474 0.4331520199775696 0.3415016531944275 0.4758008122444153
0.01296538207679987 0.28396233916282654 0.029750213027000427 0.29608169198036194
0.11071158945560455 0.26535189151763916 0.18510793149471283 0.30913394689559937
