0.15012380480766296 0.2377271056175232 0.3250077962875366 0.309501051902771
0.40942516922950745 0.455411821603775 0.5511473417282104 0.517669677734375
0.13567760586738586 0.3918869197368622 0.19130805134773254 0.4272642433643341
0.08453164249658585 0.32158708572387695 0.12259165197610855 0.34514153003692627
0.1311575472354889 0.21019725501537323 0.18852144479751587 0.25536295771598816
0.05455862730741501 0.356169730424881 0.08852625638246536 0.3791489899158478
0.06696614623069763 0.28245845437049866 0.10000944137573242 0.3013886511325836
0.06468947231769562 0.31220248341560364 0.0991586446762085 0.3331276476383209
0.03571310639381409 0.31525474786758423 0.06300069391727448 0.33379608392715454
0.0373004749417305 0.2818296253681183 0.06307991594076157 0.29846498370170593
0.016977254301309586 0.3418138027191162 0.03944767266511917 0.35845983028411865
0.023568958044052124 0.31220918893814087 0.03825153037905693 0.32602792978286743
0.40903350710868835 0.45532065629959106 0.5509179830551147 0.5174039006233215
