0.25297895073890686 0.4360608160495758 0.34336498379707336 0.48270729184150696
0.2097434550523758 0.32233986258506775 0.2793964445590973 0.3605557978153229
0.14119446277618408 0.2758941948413849 0.1908128261566162 0.3031189739704132
0.3022281527519226 0.0018569976091384888 0.9652758240699768 0.27161097526550293
0.12357621639966965 0.38504865765571594 0.17484314739704132 0.4174732267856598
0.09620265662670135 0.279474675655365 0.1357252299785614 0.30359768867492676
0.13082894682884216 0.20900455117225647 0.18805167078971863 0.25640520453453064
0.10041220486164093 0.32119688391685486 0.1399717479944229 0.3447650969028473
0.1600201427936554 0.3203250765800476 0.21542897820472717 0.3520098924636841
0.0607696957886219 0.35695159435272217 0.09253445267677307 0.3800775408744812
0.06116798520088196 0.31557074189186096 0.09299476444721222 0.3362501561641693
0.028133608400821686 0.3424263596534729 0.058060795068740845 0.3633434772491455
0.03257090970873833 0.31508558988571167 0.05719331279397011 0.3323368430137634
0.028052372857928276 0.2798256576061249 0.0590483620762825 0.3011913597583771
0.3022281527519226 0.0018569976091384888 0.9652758240699768 0.27161097526550293
0.012275150045752525 0.3121524155139923 0.02902842126786709 0.32743319869041443
