0.16486985981464386 0.20542696118354797 0.41178709268569946 0.30169305205345154
0.4971572458744049 0.46222081780433655 0.6672044992446899 0.5301551818847656
0.13062193989753723 0.20864084362983704 0.18699097633361816 0.2561226785182953
0.11094795912504196 0.32314133644104004 0.15391242504119873 0.35011065006256104
0.16148903965950012 0.40298306941986084 0.22452867031097412 0.44239342212677
0.08445944637060165 0.28054922819137573 0.1209474429488182 0.3021965026855469
0.07042532414197922 0.36340081691741943 0.10921355336904526 0.38812220096588135
0.052701499313116074 0.3173708915710449 0.08076530694961548 0.33606451749801636
0.08602959662675858 0.31408923864364624 0.12129396945238113 0.3367331624031067
0.05181125923991203 0.28138047456741333 0.080291248857975 0.2998685836791992
0.03030443750321865 0.3133818507194519 0.04941753298044205 0.3282410502433777
0.02477489784359932 0.34460487961769104 0.053670983761548996 0.36493977904319763
0.16130051016807556 0.402957558631897 0.2244400680065155 0.4424009919166565
0.49292421340942383 0.4603959918022156 0.6698724031448364 0.5314539074897766
0.006241826340556145 0.3343612253665924 0.029520248994231224 0.35047832131385803
