0.2920628488063812 0.05438242107629776 0.7224297523498535 0.28049907088279724
0.130964994430542 0.20882582664489746 0.18830114603042603 0.25639379024505615
0.22103652358055115 0.4273250699043274 0.30341634154319763 0.4728463292121887
0.12394382804632187 0.2770346999168396 0.16762107610702515 0.30317527055740356
0.17884501814842224 0.32343366742134094 0.23535490036010742 0.35815420746803284
0.10778370499610901 0.3786584436893463 0.15514686703681946 0.4093799889087677
0.08224214613437653 0.2800094187259674 0.1181010901927948 0.30186524987220764
0.13369955122470856 0.319338858127594 0.18579433858394623 0.3478672504425049
0.08469772338867188 0.32001081109046936 0.12055180966854095 0.34166285395622253
0.05126943811774254 0.35374900698661804 0.08092278242111206 0.37471285462379456
0.050989557057619095 0.3149617910385132 0.0797344222664833 0.3344768285751343
0.02230197936296463 0.3416510224342346 0.049372196197509766 0.3583976626396179
0.02646283060312271 0.3140215277671814 0.04681428521871567 0.32960081100463867
0.7467482089996338 0.45749562978744507 0.987818717956543 0.5515453219413757
0.24216364324092865 0.19791460037231445 0.4304373860359192 0.29134342074394226
0.013829192146658897 0.2838556170463562 0.04873558133840561 0.30100882053375244
0.00434037484228611 0.336477667093277 0.021348632872104645 0.3508829176425934
