0.2703617811203003 0.44173458218574524 0.36405444145202637 0.48673030734062195
0.10468170791864395 0.27939221262931824 0.1452440321445465 0.3040718138217926
0.23412556946277618 0.3207532465457916 0.304796040058136 0.3597063720226288
0.13138447701931 0.38917502760887146 0.18590639531612396 0.4220965802669525
0.1530504673719406 0.2747021019458771 0.20383338630199432 0.30359897017478943
0.13065287470817566 0.20953406393527985 0.18821793794631958 0.2569601237773895
0.10942164808511734 0.32165834307670593 0.15048003196716309 0.34621939063072205
0.06510086357593536 0.36008235812187195 0.09874901175498962 0.3825990855693817
0.17477023601531982 0.31994301080703735 0.2339666783809662 0.35343408584594727
0.32189396023750305 0.0 0.9971703290939331 0.2529430091381073
0.034031450748443604 0.2780050039291382 0.06568005681037903 0.3019062280654907
0.07293003052473068 0.31690627336502075 0.10057809203863144 0.3380456566810608
0.03731391578912735 0.31571951508522034 0.06242971122264862 0.33351317048072815
0.0347025990486145 0.3457067310810089 0.06258153915405273 0.3655775487422943
0.32189396023750305 0.0 0.9971703290939331 0.2529430091381073
0.007180690765380859 0.34069859981536865 0.030060216784477234 0.3577731251716614
0.01375563908368349 0.31255945563316345 0.03238370269536972 0.3278791010379791
