0.4934452772140503 0.24467332661151886 0.6684784889221191 0.32830679416656494
0.2561931908130646 0.24996304512023926 0.32941094040870667 0.2943594455718994
0.341259628534317 0.29395291209220886 0.4576086699962616 0.35011234879493713
0.3874858319759369 0.45150038599967957 0.5325260162353516 0.5105302929878235
0.12864923477172852 0.2201119363307953 0.1871495246887207 0.25575143098831177
0.18039655685424805 0.27199187874794006 0.24002212285995483 0.3046867549419403
0.20322589576244354 0.4170481562614441 0.28019171953201294 0.46074092388153076
0.111753448843956 0.3754526376724243 0.15479008853435516 0.4055294990539551
0.06929357349872589 0.3611084818840027 0.10473024845123291 0.38324081897735596
0.19492888450622559 0.32289278507232666 0.2558642327785492 0.35842418670654297
0.07579027116298676 0.3196450173854828 0.11264577507972717 0.34174224734306335
0.03031432256102562 0.34923920035362244 0.057357173413038254 0.36746397614479065
0.12406973540782928 0.3207533657550812 0.1722763031721115 0.34852835536003113
0.07838345319032669 0.27976787090301514 0.12006846815347672 0.3050529956817627
0.04125388339161873 0.3175942599773407 0.06702910363674164 0.3363061845302582
0.05432754009962082 0.2821306586265564 0.0836077407002449 0.3046073317527771
0.015893423929810524 0.31314346194267273 0.038733914494514465 0.3288938105106354
0.03169510141015053 0.28458449244499207 0.059959571808576584 0.30064883828163147
0.13078215718269348 0.20576761662960052 0.19714704155921936 0.25512751936912537
0.01202237606048584 0.00929570198059082 0.9580119252204895 0.9360955357551575
0.21442490816116333 0.3267122805118561 0.25516277551651 0.3582586944103241
0.3879585862159729 0.45152682065963745 0.5322525501251221 0.5106155872344971
0.0605647936463356 0.28098028898239136 0.0988401398062706 0.30444014072418213
