0.39307156205177307 0.2845342457294464 0.5278850793838501 0.35043713450431824
0.3528444468975067 0.4522455036640167 0.4794405996799469 0.5081864595413208
0.594241201877594 0.07872705161571503 0.7918878197669983 0.19652722775936127
0.2231505811214447 0.4206812381744385 0.29649636149406433 0.46567457914352417
0.5487253069877625 0.4469458758831024 0.7605006098747253 0.5277503728866577
0.24299317598342896 0.24712984263896942 0.3298560380935669 0.2964664697647095
0.1225169375538826 0.27593472599983215 0.16570428013801575 0.3024909198284149
0.09325648099184036 0.37221869826316833 0.1329992711544037 0.3988184630870819
0.12922817468643188 0.21986791491508484 0.1871112585067749 0.2553936839103699
0.05678277462720871 0.2832542657852173 0.0892563983798027 0.3067557215690613
0.1395178884267807 0.327700674533844 0.1870340257883072 0.35545867681503296
0.17872008681297302 0.2686110734939575 0.23473325371742249 0.3035106658935547
0.217645525932312 0.32015183568000793 0.2915824055671692 0.3601587116718292
0.08995698392391205 0.32267826795578003 0.1308477371931076 0.34627771377563477
0.1587296724319458 0.3954683542251587 0.2137293517589569 0.42875003814697266
0.03645097464323044 0.31568643450737 0.06542164087295532 0.3345506489276886
0.012368857860565186 0.0801335871219635 0.8161376118659973 0.8010504245758057
0.5487253069877625 0.4469458758831024 0.7605006098747253 0.5277503728866577
0.1582844853401184 0.3953031599521637 0.21379375457763672 0.4291057288646698
0.036410294473171234 0.353041410446167 0.06071916222572327 0.36929041147232056
0.0018996614962816238 0.30650418996810913 0.0261773020029068 0.3283575177192688
0.13132968544960022 0.2049272507429123 0.19547078013420105 0.2549731731414795
0.0047938283532857895 0.334504634141922 0.023802239447832108 0.35021665692329407
