0.29065051674842834 0.31098321080207825 0.3841380178928375 0.35911139845848083
0.4264093339443207 0.1776522397994995 0.5583189725875854 0.2542714774608612
0.6710925698280334 0.02674691379070282 0.9025083184242249 0.156769797205925
0.5736216306686401 0.21496984362602234 0.7927699089050293 0.31839725375175476
0.19838972389698029 0.4092598855495453 0.2629992663860321 0.45207932591438293
0.5195805430412292 0.45014676451683044 0.7200643420219421 0.5258316993713379
0.3253210484981537 0.4511469006538391 0.4389825761318207 0.5008514523506165
0.12889176607131958 0.2216329723596573 0.18727818131446838 0.2557491958141327
0.17180855572223663 0.32264357805252075 0.23342405259609222 0.35620445013046265
0.19473934173583984 0.2661689221858978 0.259782612323761 0.3033859431743622
0.07739969342947006 0.36670368909835815 0.11263396590948105 0.39080166816711426
0.11067429929971695 0.3256862461566925 0.15207916498184204 0.35199174284935
0.1372058242559433 0.38724759221076965 0.18856178224086761 0.4181789457798004
0.094078928232193 0.27843809127807617 0.133021742105484 0.3028141260147095
0.06689812242984772 0.3191510736942291 0.103111132979393 0.34120866656303406
0.14163446426391602 0.2731685936450958 0.18843558430671692 0.30446359515190125
0.039286475628614426 0.2827223241329193 0.06706552952528 0.3044460713863373
0.005811363458633423 0.038205862045288086 0.8435971736907959 0.8568844199180603
0.026247262954711914 0.3140101134777069 0.049356043338775635 0.330964058637619
0.5209622383117676 0.44994643330574036 0.7211929559707642 0.5264360904693604
0.02195555903017521 0.34860509634017944 0.04598138481378555 0.3651347756385803
0.574817419052124 0.21451348066329956 0.7937251329421997 0.3195868134498596
0.13686491549015045 0.3873327672481537 0.18804343044757843 0.418062299489975
