0.4888937473297119 0.2484598010778427 0.663790225982666 0.3315247893333435
0.7610819935798645 0.0007293224334716797 0.9993630051612854 0.13418489694595337
0.4404064118862152 0.8692312836647034 0.569053590297699 0.9778293967247009
0.3655936121940613 0.4535892605781555 0.4976208209991455 0.5111669898033142
0.14153669774532318 0.27421000599861145 0.18945150077342987 0.30243632197380066
0.10453198105096817 0.3768935203552246 0.14527755975723267 0.404765248298645
0.24051351845264435 0.424884557723999 0.31446486711502075 0.4719442129135132
0.10524959862232208 0.32318511605262756 0.15146015584468842 0.3491831123828888
0.5661910772323608 0.44871950149536133 0.7859596014022827 0.5288060903549194
0.12885433435440063 0.21761493384838104 0.18799903988838196 0.2552717328071594
0.20246493816375732 0.26229825615882874 0.267881840467453 0.3011625111103058
0.27562493085861206 0.23178444802761078 0.3834041953086853 0.2870802879333496
0.06869196146726608 0.2823233902454376 0.10522458702325821 0.3063003718852997
0.1582866609096527 0.32854434847831726 0.21150341629981995 0.35862377285957336
0.17074431478977203 0.3998316824436188 0.2293398529291153 0.43528565764427185
0.25100943446159363 0.3208318054676056 0.33315733075141907 0.3605688512325287
0.0450613759458065 0.3173455595970154 0.07580302655696869 0.33690816164016724
0.008590012788772583 0.00934368371963501 0.9084973335266113 0.8780611157417297
0.04188008978962898 0.35613808035850525 0.07014204561710358 0.3743800222873688
0.009345938451588154 0.30691051483154297 0.03221583366394043 0.3302229642868042
0.5677942633628845 0.44780683517456055 0.7882866263389587 0.5290917754173279
0.00878920778632164 0.33612972497940063 0.029828902333974838 0.3526182770729065
0.24963629245758057 0.3222493827342987 0.29878944158554077 0.35951706767082214
0.2851884961128235 0.32227206230163574 0.3329817056655884 0.36163079738616943
0.17074431478977203 0.3998316824436188 0.2293398529291153 0.43528565764427185
0.4877985119819641 0.24847814440727234 0.6630653738975525 0.3320787847042084
