0.3437654674053192 0.45374369621276855 0.4544437825679779 0.5091051459312439
0.20479822158813477 0.4155449867248535 0.2710582911968231 0.4573618769645691
0.5083447694778442 0.4588146507740021 0.7021257877349854 0.530597984790802
0.12798957526683807 0.21831420063972473 0.18664340674877167 0.25520238280296326
0.11680655926465988 0.3816283345222473 0.16868743300437927 0.41222435235977173
0.11195926368236542 0.32059311866760254 0.15361405909061432 0.34872937202453613
0.05035652965307236 0.3611883521080017 0.0937957689166069 0.3830031752586365
0.17010852694511414 0.3058318793773651 0.33610573410987854 0.3707115948200226
0.8166475892066956 0.1442929208278656 0.9989373087882996 0.27626344561576843
0.25633177161216736 0.43078115582466125 0.3391059339046478 0.4769958555698395
0.1647004932165146 0.40369299054145813 0.2218383103609085 0.43644842505455017
0.02087133750319481 0.33772537112236023 0.04910566285252571 0.3570149838924408
0.0055731236934661865 0.016481667757034302 0.9178287982940674 0.878304123878479
0.17010852694511414 0.3058318793773651 0.33610573410987854 0.3707115948200226
0.25605982542037964 0.430810809135437 0.3392842411994934 0.4771152138710022
0.037157416343688965 0.3497101962566376 0.06725524365901947 0.36918988823890686
0.0025253361091017723 0.3091967701911926 0.026374373584985733 0.3270059823989868
0.815779447555542 0.14235873520374298 1.0 0.2774483561515808
0.13046330213546753 0.20335988700389862 0.1956278681755066 0.2560881972312927
