0.16424180567264557 0.3243239223957062 0.2246047705411911 0.3574250638484955
0.374569296836853 0.45816004276275635 0.4967459440231323 0.5144755840301514
0.29060664772987366 0.2638472020626068 0.5337219834327698 0.36260393261909485
0.12911240756511688 0.20831753313541412 0.18837697803974152 0.25633445382118225
0.13054369390010834 0.386213093996048 0.18363113701343536 0.4176967442035675
0.06693233549594879 0.3683256208896637 0.11168484389781952 0.3920237123966217
0.5377495884895325 0.4574691355228424 0.7489848732948303 0.5374709963798523
0.27005821466445923 0.4347071647644043 0.3570237159729004 0.4837070107460022
0.05120805650949478 0.3561594486236572 0.08412907272577286 0.3766462802886963
0.21063588559627533 0.41716039180755615 0.2794906198978424 0.4601612687110901
0.4016181230545044 0.8822763562202454 0.5578417181968689 0.9886314272880554
0.009012758731842041 0.024165809154510498 0.9390421509742737 0.8668843507766724
0.17249368131160736 0.40616533160209656 0.23147760331630707 0.44282588362693787
0.032978326082229614 0.3431846499443054 0.06237216293811798 0.36121678352355957
0.40127819776535034 0.8816357851028442 0.5579880475997925 0.9873778820037842
0.023090720176696777 0.31524229049682617 0.044621601700782776 0.3304769992828369
0.27005821466445923 0.4347071647644043 0.3570237159729004 0.4837070107460022
0.20997974276542664 0.4172421395778656 0.27952122688293457 0.4601023495197296
0.17284859716892242 0.4063190221786499 0.23160432279109955 0.44259339570999146
0.0026624929159879684 0.30743715167045593 0.02668391913175583 0.3261859714984894
0.29060664772987366 0.2638472020626068 0.5337219834327698 0.36260393261909485
0.29060664772987366 0.2638472020626068 0.5337219834327698 0.36260393261909485
