0.4104372560977936 0.4603751003742218 0.5528141260147095 0.521611750125885
0.3208017945289612 0.3130772113800049 0.42792463302612305 0.36338645219802856
0.12910453975200653 0.20847104489803314 0.18799905478954315 0.2564527094364166
0.30922120809555054 0.4466218948364258 0.4155235290527344 0.4979214072227478
0.05729637295007706 0.32086288928985596 0.09185632318258286 0.3426113724708557
0.6447323560714722 0.4547049403190613 0.9445159435272217 0.5525636076927185
0.1456548571586609 0.39096081256866455 0.199859619140625 0.4262452721595764
0.08726096898317337 0.37776684761047363 0.13706377148628235 0.40514665842056274
0.22815869748592377 0.42550429701805115 0.30424946546554565 0.4716469347476959
0.025122374296188354 0.3129626214504242 0.06045771390199661 0.3326089680194855
0.047256387770175934 0.3498251736164093 0.08232889324426651 0.37052300572395325
0.07207490503787994 0.36460477113723755 0.10766837000846863 0.3851664066314697
0.1857999712228775 0.4111558794975281 0.24520818889141083 0.44525808095932007
0.0025239288806915283 0.024604082107543945 0.9297968149185181 0.828811526298523
0.02532600238919258 0.2831346392631531 0.046623703092336655 0.2993190288543701
0.5027049779891968 0.03924103081226349 0.9974039793014526 0.33306366205215454
0.0012266840785741806 0.33145734667778015 0.03053993172943592 0.3509000241756439
0.008500151336193085 0.3347826898097992 0.0290897935628891 0.3507826030254364
0.8579031825065613 0.052836671471595764 0.9991640448570251 0.21828405559062958
0.22855083644390106 0.42517733573913574 0.30368709564208984 0.47109365463256836
