0.33731895685195923 0.448824018239975 0.44694340229034424 0.5037738680839539
0.4457693099975586 0.46337708830833435 0.6006275415420532 0.5270374417304993
0.4940246045589447 0.2563936114311218 0.6666340827941895 0.34028083086013794
0.1287771612405777 0.20873408019542694 0.1885661631822586 0.25682827830314636
0.150162473320961 0.392957478761673 0.20425690710544586 0.42767927050590515
0.09303390234708786 0.32459238171577454 0.12941622734069824 0.3467569649219513
0.19306547939777374 0.41197267174720764 0.25432348251342773 0.4499845802783966
0.045426275581121445 0.31540021300315857 0.08730512857437134 0.3362552225589752
0.10194940865039825 0.38167205452919006 0.14855538308620453 0.41068723797798157
0.08108759671449661 0.3677068054676056 0.11615646630525589 0.3904471695423126
0.24228176474571228 0.4323345720767975 0.3233698308467865 0.47737154364585876
0.0412716418504715 0.27904924750328064 0.06943801790475845 0.3000294864177704
0.05444120988249779 0.35515543818473816 0.09199216961860657 0.37463608384132385
0.08936333656311035 0.37149178981781006 0.11875687539577484 0.4005969166755676
0.012519098818302155 0.33625733852386475 0.0397954061627388 0.35673457384109497
0.9265579581260681 0.4470250606536865 1.0 0.5582783222198486
0.015463019721210003 0.2854389548301697 0.03774288669228554 0.3025417923927307
0.24157783389091492 0.43165290355682373 0.3240995705127716 0.478238582611084
0.004935771226882935 0.026013553142547607 0.888390064239502 0.8775100111961365
0.493944376707077 0.256509006023407 0.6662671566009521 0.3407841920852661
