0.36712515354156494 0.45293325185775757 0.48383569717407227 0.5113906264305115
0.14699503779411316 0.32681748270988464 0.19854119420051575 0.3565919101238251
0.12798702716827393 0.22125974297523499 0.18669730424880981 0.255649209022522
0.5619275569915771 0.4654569625854492 0.7786328792572021 0.5460669994354248
0.07931915670633316 0.317743182182312 0.131210058927536 0.34258705377578735
0.15239237248897552 0.3948163688182831 0.2119075506925583 0.42932090163230896
0.2641911506652832 0.4382922649383545 0.34946948289871216 0.4848790168762207
0.07190848886966705 0.2770586311817169 0.10747478902339935 0.30119630694389343
0.08834747970104218 0.3710358440876007 0.12765055894851685 0.392404168844223
0.20574942231178284 0.4179762303829193 0.2678554952144623 0.4545564353466034
0.10223141312599182 0.38495680689811707 0.15820974111557007 0.41384097933769226
0.029009733349084854 0.28346192836761475 0.05984910950064659 0.30382776260375977
0.019252566620707512 0.3392499089241028 0.0526554211974144 0.361100971698761
0.010421693325042725 0.03381672501564026 0.8825953006744385 0.8399515151977539
0.06282863020896912 0.3570799231529236 0.10125868022441864 0.37871837615966797
0.13088977336883545 0.20408199727535248 0.19825199246406555 0.2565692365169525
0.2646694779396057 0.4386814534664154 0.34999364614486694 0.48479363322257996
0.2641911506652832 0.4382922649383545 0.34946948289871216 0.4848790168762207
0.005188515409827232 0.30515486001968384 0.035485051572322845 0.3232234716415405
