0.276348739862442 0.4425187408924103 0.36794665455818176 0.48907098174095154
0.3993717133998871 0.4564221501350403 0.5300642251968384 0.5159850716590881
0.20152288675308228 0.3229333162307739 0.2674107551574707 0.35798633098602295
0.12890638411045074 0.22136373817920685 0.18654577434062958 0.2556726634502411
0.110872782766819 0.32020673155784607 0.1721443384885788 0.3485191762447357
0.16109246015548706 0.3974575102329254 0.22175109386444092 0.43365857005119324
0.2128366082906723 0.41864389181137085 0.28151965141296387 0.46006613969802856
0.09434641897678375 0.2758314311504364 0.14199601113796234 0.3025261461734772
0.025882352143526077 0.3416762948036194 0.062249477952718735 0.36506015062332153
0.10947577655315399 0.3857400715351105 0.16042788326740265 0.41414812207221985
0.04301901161670685 0.2820892632007599 0.08106561005115509 0.30385276675224304
0.09479406476020813 0.3730063736438751 0.13337980210781097 0.3977597653865814
0.067593052983284 0.35877788066864014 0.10570570826530457 0.38182950019836426
0.10015429556369781 0.3778936564922333 0.1427440345287323 0.4105544984340668
0.005677551031112671 0.021680474281311035 0.9654648303985596 0.8842112421989441
0.0037921974435448647 0.30312734842300415 0.023381687700748444 0.32275909185409546
0.025581052526831627 0.30943456292152405 0.05061253905296326 0.3262566030025482
0.21113064885139465 0.4192725121974945 0.2818479835987091 0.45950600504875183
0.13043758273124695 0.2042432725429535 0.1975288987159729 0.2564665973186493
0.3985915184020996 0.456574410200119 0.5295929312705994 0.5160130262374878
0.005696013569831848 0.0898294597864151 0.37365013360977173 0.484627366065979
