0.3611224591732025 0.4518762528896332 0.4774046838283539 0.509952187538147
0.5377036333084106 0.4635682702064514 0.73453688621521 0.5410625338554382
0.13660703599452972 0.3269154131412506 0.18479572236537933 0.3548695147037506
0.1281917542219162 0.22105254232883453 0.1867094188928604 0.2556776702404022
0.2605825662612915 0.43653473258018494 0.3464887738227844 0.4846077263355255
0.15401315689086914 0.3949357867240906 0.21019050478935242 0.4285928010940552
0.2056778222322464 0.4172963798046112 0.2648014426231384 0.4534982740879059
0.8727916479110718 0.09938444197177887 0.9990741014480591 0.2623600959777832
0.08752164244651794 0.37053728103637695 0.1266096979379654 0.39215636253356934
0.016062188893556595 0.33893516659736633 0.05243303254246712 0.35914769768714905
0.07229156792163849 0.3182915449142456 0.12351386249065399 0.34154212474823
0.025744372978806496 0.28446677327156067 0.05632271617650986 0.3036058843135834
0.10672683268785477 0.38462889194488525 0.1561346799135208 0.41339659690856934
0.01025417447090149 0.057451218366622925 0.8679568767547607 0.847507119178772
0.06480038911104202 0.3571870028972626 0.0986114963889122 0.37817057967185974
0.06328672170639038 0.2767409086227417 0.09986068308353424 0.3004359006881714
0.8727916479110718 0.09938444197177887 0.9990741014480591 0.2623600959777832
0.13122405111789703 0.2039685845375061 0.19807766377925873 0.25686508417129517
0.02753123641014099 0.002023041248321533 0.8961390256881714 0.5798409581184387
0.012349709868431091 0.23583060503005981 0.21078863739967346 0.4229612350463867
0.2610326111316681 0.4366419017314911 0.34711191058158875 0.48489901423454285
0.09017759561538696 0.3714548647403717 0.129562109708786 0.40313950181007385
0.09743785113096237 0.3784450590610504 0.1315014362335205 0.40719786286354065
0.006735450588166714 0.3063182532787323 0.03278369456529617 0.322830468416214
