0.35532379150390625 0.4510672688484192 0.46901875734329224 0.5089246034622192
0.12627387046813965 0.3268537223339081 0.17338496446609497 0.3530896008014679
0.2583724558353424 0.43555697798728943 0.3407836854457855 0.48418739438056946
0.5107330083847046 0.46368545293807983 0.6997333765029907 0.5374496579170227
0.12791922688484192 0.22034162282943726 0.18672332167625427 0.25549784302711487
0.7655332088470459 0.15505990386009216 0.9910722970962524 0.28497281670570374
0.06625138968229294 0.31802335381507874 0.11458403617143631 0.3404723107814789
0.15402129292488098 0.3954055905342102 0.2073172926902771 0.4286319613456726
0.19553044438362122 0.4155845642089844 0.262473464012146 0.4522736072540283
0.1078604906797409 0.38421905040740967 0.15544621646404266 0.41304391622543335
0.014863774180412292 0.3377740979194641 0.049257442355155945 0.35870182514190674
0.09188738465309143 0.37127578258514404 0.12445321679115295 0.39546334743499756
0.019262364134192467 0.28525519371032715 0.05201251804828644 0.30276936292648315
0.09583751857280731 0.3740224838256836 0.12591806054115295 0.4033127427101135
0.06126020848751068 0.35624682903289795 0.0984937846660614 0.37775087356567383
0.010116666555404663 0.03348875045776367 0.8994078636169434 0.8735577464103699
0.056234657764434814 0.27886247634887695 0.09387028217315674 0.3002801537513733
0.13065987825393677 0.2038557082414627 0.19843891263008118 0.25659841299057007
0.009844698011875153 0.23270276188850403 0.20300430059432983 0.4241922199726105
0.5107330083847046 0.46368545293807983 0.6997333765029907 0.5374496579170227
