0.12962785363197327 0.2102939784526825 0.1891268789768219 0.25881457328796387
0.03636056184768677 0.3059678077697754 0.06980589777231216 0.32565760612487793
0.18467977643013 0.25928637385368347 0.2751716673374176 0.3020155727863312
0.05631934106349945 0.2807043492794037 0.1321130096912384 0.3134821951389313
0.0 0.0 1.0 0.9436631798744202
0.05230072885751724 0.27959296107292175 0.1315542757511139 0.3134557902812958
0.024175018072128296 0.3450385332107544 0.05391727387905121 0.365169882774353
0.0061589255928993225 0.3352143168449402 0.021396689116954803 0.3497082591056824
0.08258507400751114 0.28435781598091125 0.13138756155967712 0.3130650818347931
0.011246096342802048 0.2821676731109619 0.030157163739204407 0.29966461658477783
