0.3677864670753479 0.30303800106048584 0.49380922317504883 0.3628743290901184
0.38485848903656006 0.4534819424152374 0.5158969163894653 0.5121978521347046
0.16994017362594604 0.32784098386764526 0.2288672924041748 0.357288122177124
0.7542624473571777 0.108592689037323 0.9965581893920898 0.268452912569046
0.128310427069664 0.2206268608570099 0.18693606555461884 0.25565773248672485
0.32752931118011475 0.19153642654418945 0.47816359996795654 0.2766350507736206
0.1057765781879425 0.27790749073028564 0.14749640226364136 0.3024844527244568
0.10082954168319702 0.32535117864608765 0.1480535864830017 0.35147684812545776
0.18676193058490753 0.41008567810058594 0.24326370656490326 0.44560664892196655
0.058717451989650726 0.3604625463485718 0.09051664918661118 0.38261139392852783
0.09686366468667984 0.37065061926841736 0.15036176145076752 0.4011230170726776
0.06913822889328003 0.3189159631729126 0.10471993684768677 0.3409655690193176
0.02357861027121544 0.2782541811466217 0.05139845237135887 0.29797860980033875
0.0127875916659832 0.3106907904148102 0.05035221949219704 0.3313274681568146
0.24276144802570343 0.4424075186252594 0.34081387519836426 0.4910688102245331
0.026750797405838966 0.3470146954059601 0.05496421456336975 0.3661857545375824
0.04269751161336899 0.3535737991333008 0.07137127220630646 0.3736165761947632
0.2423039823770523 0.4427203834056854 0.3421592116355896 0.4918483793735504
0.18622496724128723 0.4081721901893616 0.22585317492485046 0.44046127796173096
0.32752931118011475 0.19153642654418945 0.47816359996795654 0.2766350507736206
0.14034752547740936 0.393016517162323 0.1937473863363266 0.42553985118865967
0.6482342481613159 0.45456433296203613 0.8992329835891724 0.5344236493110657
0.013090670108795166 0.013863474130630493 0.9162836074829102 0.9418429136276245
0.00783984363079071 0.1732885092496872 0.41393131017684937 0.49693548679351807
0.6482342481613159 0.45456433296203613 0.8992329835891724 0.5344236493110657
0.0773010328412056 0.37023988366127014 0.10378951579332352 0.3908955156803131
0.1301804780960083 0.2041870504617691 0.19728946685791016 0.2564024031162262
0.0696735605597496 0.36723068356513977 0.09608911722898483 0.38861557841300964
0.24276144802570343 0.4424075186252594 0.34081387519836426 0.4910688102245331
0.030591830611228943 0.34841641783714294 0.05372992902994156 0.36138203740119934
0.009707152843475342 0.22806549072265625 0.20919398963451385 0.41951829195022583
0.15824049711227417 0.3964623212814331 0.19513174891471863 0.42559027671813965
