0.15412861108779907 0.274114191532135 0.20471343398094177 0.3038901090621948
0.4435831308364868 0.4576495885848999 0.5994182825088501 0.524273157119751
0.21882770955562592 0.32732412219047546 0.2910909056663513 0.36254289746284485
0.12835168838500977 0.22055965662002563 0.1867924928665161 0.25549405813217163
0.5083562731742859 0.2652307152748108 0.690855085849762 0.34753966331481934
0.5948652029037476 0.01736687868833542 0.8818212747573853 0.17903652787208557
0.04104629158973694 0.27676916122436523 0.07342877238988876 0.29893165826797485
0.13486452400684357 0.3298823833465576 0.18719203770160675 0.35839182138442993
0.02797953598201275 0.3122574985027313 0.06771223247051239 0.3341405689716339
0.19035708904266357 0.4138995110988617 0.2594313621520996 0.45191410183906555
0.02920488268136978 0.3482852876186371 0.05967627465724945 0.36791184544563293
0.09207197278738022 0.32332199811935425 0.1310979723930359 0.3466039299964905
0.1040618047118187 0.3727172911167145 0.15660029649734497 0.40488502383232117
0.2557887136936188 0.4478549063205719 0.3600434362888336 0.49784383177757263
0.06346583366394043 0.3631129264831543 0.09584702551364899 0.3859937787055969
0.5083562731742859 0.2652307152748108 0.690855085849762 0.34753966331481934
0.14262190461158752 0.3960111737251282 0.20465588569641113 0.4291498064994812
0.2559281885623932 0.447466105222702 0.3601110279560089 0.4978610575199127
0.4435831308364868 0.4576495885848999 0.5994182825088501 0.524273157119751
0.010556161403656006 0.06509774923324585 0.7742608189582825 0.8376983404159546
0.04390254616737366 0.35519489645957947 0.07633375376462936 0.3763316571712494
0.07792793214321136 0.37034428119659424 0.10185733437538147 0.39189624786376953
0.028285756707191467 0.28643590211868286 0.04612142592668533 0.30120849609375
0.1040618047118187 0.3727172911167145 0.15660029649734497 0.40488502383232117
0.5955811142921448 0.018911853432655334 0.8881884217262268 0.1788192242383957
0.0861009955406189 0.371396005153656 0.1122588962316513 0.3955737352371216
