0.13806796073913574 0.27581366896629333 0.18568533658981323 0.30329808592796326
0.49335363507270813 0.08683010190725327 0.7264300584793091 0.21692940592765808
0.20313555002212524 0.3283209502696991 0.27011293172836304 0.361240416765213
0.12834039330482483 0.22039300203323364 0.18676453828811646 0.25550609827041626
0.4627807140350342 0.27777230739593506 0.6254444122314453 0.3544463515281677
0.42264965176582336 0.45587390661239624 0.5720170736312866 0.5203924179077148
0.12374551594257355 0.32872274518013 0.17522792518138885 0.35674574971199036
0.03279579058289528 0.2739625573158264 0.0663192868232727 0.29781675338745117
0.10328517109155655 0.37172386050224304 0.15479323267936707 0.4030683934688568
0.08540137112140656 0.32221317291259766 0.12230099737644196 0.3443431854248047
0.19333358108997345 0.4135929048061371 0.2538462281227112 0.4502582848072052
0.028385354205965996 0.3473356366157532 0.0582289844751358 0.3666699528694153
0.25018566846847534 0.44523292779922485 0.3536747097969055 0.49574005603790283
0.02350577898323536 0.3115282356739044 0.06249023973941803 0.3337363302707672
0.044186271727085114 0.354938805103302 0.07562916725873947 0.375399112701416
0.1413876712322235 0.39535146951675415 0.20058754086494446 0.4275205135345459
0.06182102859020233 0.36174577474594116 0.09416866302490234 0.383279025554657
0.8274922370910645 0.44520312547683716 1.0 0.527999222278595
0.010977774858474731 0.09149345755577087 0.7914412021636963 0.8577126264572144
0.21438711881637573 0.41745927929878235 0.2539174556732178 0.4501837193965912
0.13058242201805115 0.2043236941099167 0.19741946458816528 0.2551349401473999
0.07821021974086761 0.3712977170944214 0.10339491069316864 0.39232152700424194
0.4215914309024811 0.4554862380027771 0.5721383690834045 0.5196466445922852
0.45923149585723877 0.2802554666996002 0.6269571781158447 0.3560292422771454
0.48116210103034973 0.14914032816886902 0.5917220711708069 0.2282901406288147
0.05488625541329384 0.3590579330921173 0.08630500733852386 0.38054028153419495
0.009246975183486938 0.2362237572669983 0.22002805769443512 0.421492338180542
0.0183891411870718 0.284732460975647 0.04128764569759369 0.3012133240699768
0.10328517109155655 0.37172386050224304 0.15479323267936707 0.4030683934688568
