0.3065807521343231 0.31939932703971863 0.4038168489933014 0.3633066713809967
0.2439577579498291 0.2554159164428711 0.31673872470855713 0.2982062101364136
0.1866089552640915 0.3316749930381775 0.2549188733100891 0.36648237705230713
0.12806706130504608 0.21901525557041168 0.18701250851154327 0.2558826804161072
0.07615403831005096 0.2731020748615265 0.11154283583164215 0.30047300457954407
0.2813171148300171 0.4529942274093628 0.3943459987640381 0.5068338513374329
0.1298641562461853 0.3266858160495758 0.17705175280570984 0.35535773634910583
0.5544259548187256 0.46414613723754883 0.7632776498794556 0.54175865650177
0.050046004354953766 0.31552785634994507 0.09681401401758194 0.3400799036026001
0.15605378150939941 0.40022456645965576 0.21965491771697998 0.43503642082214355
0.20894335210323334 0.4188058376312256 0.2835342586040497 0.4606114625930786
0.04473501443862915 0.2810908854007721 0.07236690819263458 0.30153897404670715
0.0019474029541015625 0.0 0.9675828218460083 0.8725194931030273
0.06718329340219498 0.363894522190094 0.09879683703184128 0.3865199089050293
0.11097551882266998 0.37630563974380493 0.1650392860174179 0.40975356101989746
0.08397319912910461 0.3723278045654297 0.11462417244911194 0.3965722918510437
0.03638150170445442 0.3501330018043518 0.06601965427398682 0.3683866858482361
0.757331371307373 0.16093024611473083 0.9976111650466919 0.30214229226112366
0.06051195412874222 0.3600447475910187 0.08914006501436234 0.38292524218559265
0.0070987967774271965 0.28554126620292664 0.03021525964140892 0.3022018373012543
0.054778605699539185 0.35721197724342346 0.08205562829971313 0.38070765137672424
0.0058722058311104774 0.3103275001049042 0.025383688509464264 0.3252542316913605
0.11196048557758331 0.3766615688800812 0.1649496704339981 0.4095381796360016
0.007813319563865662 0.1295996457338333 0.36530375480651855 0.4933217167854309
0.13002102077007294 0.20474369823932648 0.19698797166347504 0.2567240595817566
0.14677834510803223 0.40148138999938965 0.2203311026096344 0.43459171056747437
0.010296650230884552 0.23705115914344788 0.23176521062850952 0.41956278681755066
