0.37377047538757324 0.30744656920433044 0.5021396279335022 0.36265483498573303
0.17999398708343506 0.2656283676624298 0.24532845616340637 0.3032110631465912
0.128865048289299 0.22062948346138 0.18825693428516388 0.25554704666137695
0.25464001297950745 0.32786402106285095 0.32978466153144836 0.3667071759700775
0.2783230245113373 0.44005289673805237 0.36583688855171204 0.4896734654903412
0.3782449960708618 0.4683188796043396 0.5356060266494751 0.5268616080284119
0.11511620134115219 0.2795414626598358 0.15854166448116302 0.3040260970592499
0.6309798359870911 0.2173098623752594 0.8633002638816833 0.31790468096733093
0.8644254207611084 0.001487966626882553 1.0 0.09485629200935364
0.19149170815944672 0.4149552285671234 0.26406410336494446 0.45500555634498596
0.04433246701955795 0.31648531556129456 0.0770670473575592 0.3348132073879242
0.11004328727722168 0.32069849967956543 0.17525097727775574 0.3534720540046692
0.10482512414455414 0.3781680166721344 0.13527145981788635 0.4025830328464508
0.04039967060089111 0.28066471219062805 0.07439334690570831 0.30112800002098083
0.058714088052511215 0.3586905598640442 0.08674321323633194 0.3807990550994873
0.07392512261867523 0.3673994839191437 0.10655750334262848 0.3911251723766327
0.1333858072757721 0.38681745529174805 0.1936819851398468 0.42363327741622925
0.6304082274436951 0.2171446681022644 0.8644904494285583 0.31926679611206055
0.01418977975845337 0.026432961225509644 0.8688485026359558 0.883634090423584
0.04111739993095398 0.3513301610946655 0.07210192084312439 0.37211525440216064
0.1333858072757721 0.38681745529174805 0.1936819851398468 0.42363327741622925
0.11021876335144043 0.32060790061950684 0.17512094974517822 0.353269100189209
0.3782449960708618 0.4683188796043396 0.5356060266494751 0.5268616080284119
0.13135452568531036 0.20437568426132202 0.19561456143856049 0.2561004161834717
0.05309204384684563 0.3560631573200226 0.08116546273231506 0.37793830037117004
0.01180877536535263 0.23906230926513672 0.21537691354751587 0.4282238483428955
