0.5692871809005737 0.0711144506931305 0.7925273180007935 0.2026030421257019
0.5651471614837646 0.8020563721656799 0.7902328968048096 0.9197831749916077
0.44891786575317383 0.2833382785320282 0.5949904918670654 0.3537422716617584
0.11794856190681458 0.2740215063095093 0.16976875066757202 0.3009594678878784
0.3761065602302551 0.4632890224456787 0.49333298206329346 0.5199147462844849
0.3006037473678589 0.23320449888706207 0.39070504903793335 0.2848953604698181
0.12828686833381653 0.21954160928726196 0.18671372532844543 0.25529637932777405
0.1321641206741333 0.32477807998657227 0.1775127351284027 0.3512048125267029
0.7879083156585693 0.15880155563354492 0.998210072517395 0.2954317331314087
0.5025685429573059 0.4796767234802246 0.7095959782600403 0.5475637912750244
0.08135814964771271 0.37112534046173096 0.11856219172477722 0.39729976654052734
0.7902283668518066 0.15913110971450806 0.9990817308425903 0.2947411835193634
0.27175283432006836 0.4417763948440552 0.3655880093574524 0.48745912313461304
0.16885121166706085 0.4012519419193268 0.2406449168920517 0.44496479630470276
0.44958359003067017 0.2834605276584625 0.5932944416999817 0.3527919352054596
0.11672838032245636 0.3865223526954651 0.15839596092700958 0.4131322503089905
0.014791796915233135 0.31200286746025085 0.03819385915994644 0.3283912241458893
0.016391366720199585 0.10181424021720886 0.7523363828659058 0.7848563194274902
0.04517073929309845 0.3530421853065491 0.07580172270536423 0.3740917444229126
0.012748267501592636 0.27949264645576477 0.04480598494410515 0.30040624737739563
0.061855558305978775 0.3604358434677124 0.09228368103504181 0.3835221529006958
0.16821888089179993 0.401849627494812 0.2417745292186737 0.44487643241882324
0.20926079154014587 0.32277941703796387 0.31093308329582214 0.3670114278793335
0.5025685429573059 0.4796767234802246 0.7095959782600403 0.5475637912750244
0.20926079154014587 0.32277941703796387 0.31093308329582214 0.3670114278793335
0.5025685429573059 0.4796767234802246 0.7095959782600403 0.5475637912750244
0.3304654359817505 0.23369909822940826 0.3908079266548157 0.2800171375274658
0.11672838032245636 0.3865223526954651 0.15839596092700958 0.4131322503089905
0.01278645545244217 0.23329439759254456 0.2287495732307434 0.4277234971523285
0.16821888089179993 0.401849627494812 0.2417745292186737 0.44487643241882324
0.20926079154014587 0.32277941703796387 0.31093308329582214 0.3670114278793335
0.12897264957427979 0.20416085422039032 0.19910117983818054 0.2552550733089447
