0.2354988306760788 0.24920804798603058 0.32010751962661743 0.2935808598995209
0.2147548794746399 0.3277999758720398 0.28215450048446655 0.36289656162261963
0.43172940611839294 0.46976956725120544 0.5750335454940796 0.5342410802841187
0.12953053414821625 0.20937567949295044 0.18812794983386993 0.2558653950691223
0.05231108516454697 0.3153785169124603 0.08438555151224136 0.33406659960746765
0.7599672079086304 0.0 0.9983953237533569 0.12298555672168732
0.19906622171401978 0.41225576400756836 0.28804469108581543 0.4608057737350464
0.05027264356613159 0.3559061288833618 0.08337560296058655 0.3785032629966736
0.6622529625892639 0.19711104035377502 0.931075394153595 0.31990429759025574
0.6622880697250366 0.1977820247411728 0.9317185878753662 0.3194064497947693
0.1380223035812378 0.39485964179039 0.18558269739151 0.42427340149879456
0.3054223656654358 0.44904816150665283 0.4175270199775696 0.4992634057998657
0.07291951030492783 0.36480697989463806 0.10121158510446548 0.3886653482913971
0.09406855702400208 0.37612786889076233 0.13133437931537628 0.4030785858631134
0.30839815735816956 0.3007279634475708 0.44016793370246887 0.3625544309616089
0.7016844749450684 0.46664488315582275 0.9986940622329712 0.5616288185119629
0.028788043186068535 0.2773127853870392 0.07913549989461899 0.3014927804470062
0.3054223656654358 0.44904816150665283 0.4175270199775696 0.4992634057998657
0.014472872018814087 0.023951560258865356 0.8885852098464966 0.851732611656189
0.7016844749450684 0.46664488315582275 0.9986940622329712 0.5616288185119629
0.018888629972934723 0.31249839067459106 0.04132458195090294 0.32840216159820557
0.3087213635444641 0.30072835087776184 0.4407671093940735 0.36226025223731995
0.760963499546051 0.0005810335278511047 0.9982607960700989 0.12186356633901596
0.028788043186068535 0.2773127853870392 0.07913549989461899 0.3014927804470062
0.3054223656654358 0.44904816150665283 0.4175270199775696 0.4992634057998657
0.30411064624786377 0.2981504499912262 0.43856507539749146 0.3644923269748688
0.19906622171401978 0.41225576400756836 0.28804469108581543 0.4608057737350464
0.43172940611839294 0.46976956725120544 0.5750335454940796 0.5342410802841187
