0.40538743138313293 0.1778673380613327 0.5411132574081421 0.254365473985672
0.15228766202926636 0.26939061284065247 0.212772399187088 0.30072757601737976
0.5150555968284607 0.2577526867389679 0.6937422156333923 0.34368881583213806
0.12836113572120667 0.22187083959579468 0.1864076554775238 0.25562021136283875
0.3933477997779846 0.4650222063064575 0.5180525183677673 0.5259775519371033
0.5445226430892944 0.4784347414970398 0.7739113569259644 0.5541709065437317
0.16185995936393738 0.32692834734916687 0.21514493227005005 0.35570159554481506
0.08557995408773422 0.37227314710617065 0.12158585339784622 0.3987860083580017
0.06778956204652786 0.362170547246933 0.0960865393280983 0.3866303861141205
0.12799479067325592 0.39092525839805603 0.1673523336648941 0.41810277104377747
0.018073195591568947 0.2796403467655182 0.05589268356561661 0.2999803125858307
0.5445226430892944 0.4784347414970398 0.7739113569259644 0.5541709065437317
0.012330323457717896 0.06377530097961426 0.8072092533111572 0.7959029674530029
0.18061640858650208 0.40622735023498535 0.25676092505455017 0.45090776681900024
0.025319058448076248 0.3112640082836151 0.05217238888144493 0.3330651819705963
0.18061640858650208 0.40622735023498535 0.25676092505455017 0.45090776681900024
0.8874104619026184 0.00040952861309051514 0.9998543858528137 0.06911349296569824
0.24559099972248077 0.3165842592716217 0.3563801348209381 0.36565467715263367
0.04626711457967758 0.35471051931381226 0.07902654260396957 0.37643784284591675
0.24555128812789917 0.3167256712913513 0.35597163438796997 0.3654579520225525
0.28396448493003845 0.44663381576538086 0.388155072927475 0.4929749369621277
0.2822365462779999 0.4462623596191406 0.3869457542896271 0.492306649684906
0.5150555968284607 0.2577526867389679 0.6937422156333923 0.34368881583213806
0.2452423870563507 0.31641024351119995 0.35670867562294006 0.3655322194099426
0.2826162576675415 0.4467194378376007 0.38689571619033813 0.49200567603111267
0.18061640858650208 0.40622735023498535 0.25676092505455017 0.45090776681900024
0.0017258310690522194 0.3070215582847595 0.02452050894498825 0.32484716176986694
