0.12975873053073883 0.2217421680688858 0.18749751150608063 0.25499391555786133
0.5092511773109436 0.22724208235740662 0.7253555655479431 0.32562920451164246
0.14575080573558807 0.32650983333587646 0.19728951156139374 0.3557245135307312
0.2621365189552307 0.43561699986457825 0.36085397005081177 0.4870739281177521
0.08563243597745895 0.3186366856098175 0.12318315356969833 0.34120407700538635
0.4471363425254822 0.4661158621311188 0.6226609349250793 0.529375433921814
0.10021267831325531 0.2724556028842926 0.17513851821422577 0.3069474399089813
0.06244228780269623 0.3601081371307373 0.09775878489017487 0.38515013456344604
0.17652559280395508 0.40894001722335815 0.23215043544769287 0.4426437020301819
0.08998913317918777 0.37266045808792114 0.12449296563863754 0.3983088731765747
0.1260526180267334 0.3882359266281128 0.16954222321510315 0.4189845323562622
0.357736736536026 0.31321844458580017 0.4680318534374237 0.36427029967308044
0.0626746416091919 0.27850642800331116 0.09571194648742676 0.3003181517124176
0.8490814566612244 0.4592946767807007 0.9991129040718079 0.5556042194366455
0.022224150598049164 0.3163132667541504 0.07292573899030685 0.33555006980895996
0.5092511773109436 0.22724208235740662 0.7253555655479431 0.32562920451164246
0.3575027585029602 0.31336814165115356 0.46819019317626953 0.3644973635673523
0.04553647339344025 0.31843245029449463 0.07499847561120987 0.3363269567489624
0.004277259111404419 0.024863511323928833 0.8370251655578613 0.8081691265106201
0.010851354338228703 0.3332732617855072 0.029843542724847794 0.35056039690971375
0.17652559280395508 0.40894001722335815 0.23215043544769287 0.4426437020301819
0.44640102982521057 0.4661005139350891 0.6191167831420898 0.5302582383155823
0.10007302463054657 0.2727758288383484 0.17530988156795502 0.3076304793357849
0.4822618067264557 0.2803754508495331 0.5950490236282349 0.33786800503730774
0.012835776433348656 0.284291535615921 0.031151549890637398 0.30158135294914246
0.44640102982521057 0.4661005139350891 0.6191167831420898 0.5302582383155823
0.01435728557407856 0.3139623999595642 0.05913393944501877 0.3341580033302307
0.006961598992347717 0.2369435429573059 0.22009395062923431 0.43599414825439453
0.3577187657356262 0.3131398558616638 0.46754783391952515 0.3642127513885498
