0.31916531920433044 0.3269828259944916 0.4178517162799835 0.3748001754283905
0.1271641105413437 0.21975462138652802 0.1863991767168045 0.25542494654655457
0.22453588247299194 0.3282007575035095 0.295501172542572 0.36562633514404297
0.5494543313980103 0.005953766405582428 0.888487696647644 0.17544013261795044
0.26415523886680603 0.24553078413009644 0.34414663910865784 0.29085010290145874
0.48793652653694153 0.27332812547683716 0.6457560658454895 0.34483152627944946
0.21143269538879395 0.4151877164840698 0.27430593967437744 0.45832425355911255
0.31888800859451294 0.45030874013900757 0.415097177028656 0.4961642026901245
0.14998839795589447 0.39793527126312256 0.19849886000156403 0.4299536943435669
0.7337831854820251 0.12281431257724762 1.0 0.27373629808425903
0.11295348405838013 0.38174930214881897 0.15876895189285278 0.4131411015987396
0.05602959170937538 0.31742316484451294 0.08656945079565048 0.33793771266937256
0.10460324585437775 0.27914586663246155 0.15045620501041412 0.3035637438297272
0.023462798446416855 0.3463001549243927 0.054310623556375504 0.366528183221817
0.04499680921435356 0.28071221709251404 0.07505960762500763 0.3007843792438507
0.12291834503412247 0.3259211778640747 0.1700010597705841 0.3532841205596924
0.028545940294861794 0.3163188397884369 0.05294559895992279 0.3339765965938568
0.05662064254283905 0.3556414842605591 0.09249076247215271 0.3765638470649719
0.0064671337604522705 0.08635565638542175 0.9502143859863281 0.9330235719680786
0.15079711377620697 0.32930707931518555 0.22268100082874298 0.36150264739990234
0.006256991997361183 0.3373048007488251 0.031261906027793884 0.35753610730171204
0.550011157989502 0.0065833330154418945 0.8870022296905518 0.17484216392040253
0.12213487178087234 0.3268623650074005 0.1556231528520584 0.3505331575870514
0.49120602011680603 0.27224797010421753 0.6452282667160034 0.348857581615448
0.18025638163089752 0.3310651183128357 0.22263742983341217 0.3608866333961487
0.12846969068050385 0.3256654441356659 0.19005028903484344 0.3568251430988312
0.0300309956073761 0.06809824705123901 0.8418130874633789 0.6272410154342651
0.01729920506477356 0.28366515040397644 0.04151621833443642 0.29927995800971985
0.6922010183334351 0.4445171058177948 0.9941666126251221 0.5470572710037231
0.005359195172786713 0.2354472279548645 0.2248733639717102 0.4173935055732727
0.11281906068325043 0.38189131021499634 0.15830154716968536 0.4137881398200989
0.15079711377620697 0.32930707931518555 0.22268100082874298 0.36150264739990234
0.7258854508399963 0.11728784441947937 0.9991163611412048 0.2783668041229248
0.14998839795589447 0.39793527126312256 0.19849886000156403 0.4299536943435669
0.3071390986442566 0.06880368292331696 0.3670083284378052 0.08594775199890137
