0.5025571584701538 0.26676055788993835 0.6620135307312012 0.34484538435935974
0.23005227744579315 0.4220027029514313 0.29910969734191895 0.4674748480319977
0.1271384209394455 0.22080659866333008 0.1858321577310562 0.25527510046958923
0.36350303888320923 0.4575093388557434 0.47202181816101074 0.5079718828201294
0.3375542163848877 0.32489171624183655 0.44438600540161133 0.3746856153011322
0.3249991238117218 0.21688441932201385 0.4252804219722748 0.2761465013027191
0.24107161164283752 0.3268488943576813 0.31780150532722473 0.36613693833351135
0.13341234624385834 0.2768910825252533 0.18383289873600006 0.30411651730537415
0.773567259311676 0.00031695514917373657 1.0 0.07901687175035477
0.1228652372956276 0.38608771562576294 0.17107409238815308 0.4194350838661194
0.16282661259174347 0.40175682306289673 0.21197526156902313 0.43601030111312866
0.2923857271671295 0.08256954699754715 0.3553883135318756 0.1005738154053688
0.037799395620822906 0.31664708256721497 0.06621056795120239 0.3356873691082001
0.07292771339416504 0.3191866874694824 0.10282339155673981 0.34092527627944946
0.1388092041015625 0.3277335464954376 0.18626543879508972 0.35508623719215393
0.05874430388212204 0.2804497182369232 0.0933421328663826 0.30034586787223816
0.030689159408211708 0.34996041655540466 0.06298168748617172 0.3706568777561188
0.06690511852502823 0.3588709831237793 0.10508433729410172 0.3811447024345398
0.03301616013050079 0.28189510107040405 0.05506937950849533 0.2998692989349365
0.13473403453826904 0.32745200395584106 0.16504976153373718 0.35280555486679077
0.012696683406829834 0.03716975450515747 0.8860308527946472 0.876548171043396
0.008090946823358536 0.31231287121772766 0.03542345389723778 0.3280778229236603
0.16997435688972473 0.3275868892669678 0.2411269247531891 0.36039090156555176
0.006184982135891914 0.33914345502853394 0.03813418000936508 0.35894322395324707
0.7198066115379333 0.23843353986740112 0.8185029625892639 0.27639883756637573
0.7029386758804321 0.11325588077306747 0.9975699186325073 0.2855958342552185
0.14611607789993286 0.3265632092952728 0.21677720546722412 0.3576955497264862
0.1633448600769043 0.40248939394950867 0.21217131614685059 0.435808926820755
0.12218111753463745 0.3858462870121002 0.1706971526145935 0.4196583330631256
0.3375542163848877 0.32489171624183655 0.44438600540161133 0.3746856153011322
0.6992973685264587 0.11501295864582062 1.0 0.28858280181884766
