0.5077723860740662 0.26578575372695923 0.6653504967689514 0.3440905809402466
0.24009764194488525 0.4250972270965576 0.30734044313430786 0.4708276391029358
0.1280195266008377 0.22210821509361267 0.18574701249599457 0.25550782680511475
0.2473510205745697 0.32622459530830383 0.32474884390830994 0.365984708070755
0.16802367568016052 0.40372657775878906 0.2173493206501007 0.43792736530303955
0.3446388244628906 0.32385680079460144 0.45013779401779175 0.3741736114025116
0.14171811938285828 0.275186687707901 0.19622063636779785 0.3038811981678009
0.3791812062263489 0.4605582654476166 0.4933725595474243 0.5107836723327637
0.03393029421567917 0.3503209948539734 0.06532056629657745 0.3720075488090515
0.35521015524864197 0.20404395461082458 0.45743247866630554 0.2650241255760193
0.04439310356974602 0.3174222409725189 0.07241165637969971 0.3362925350666046
0.0757458359003067 0.32004791498184204 0.10896646976470947 0.34222710132598877
0.7226842045783997 0.10987850278615952 0.995255172252655 0.2832832336425781
0.06606414169073105 0.2797171473503113 0.10009931772947311 0.3006512522697449
0.01207147166132927 0.3125148117542267 0.04161308333277702 0.3290254771709442
0.1269509345293045 0.38815635442733765 0.17536981403827667 0.4219832420349121
0.03313731402158737 0.2757309079170227 0.06043553352355957 0.29943621158599854
0.015563100576400757 0.018672794103622437 0.9509198665618896 0.8775008916854858
0.14063307642936707 0.3280894160270691 0.1755218803882599 0.35436052083969116
0.07437889277935028 0.36052870750427246 0.10942009091377258 0.38182538747787476
0.014655865728855133 0.34172818064689636 0.03984246402978897 0.3599049150943756
0.35066115856170654 0.21096496284008026 0.4291785955429077 0.2704729735851288
0.14432227611541748 0.32671254873275757 0.21152016520500183 0.3571905493736267
0.17070938646793365 0.32727372646331787 0.24472491443157196 0.36013394594192505
0.1269509345293045 0.38815635442733765 0.17536981403827667 0.4219832420349121
0.7187288999557495 0.179072305560112 0.7939951419830322 0.21769197285175323
0.20319537818431854 0.3287088871002197 0.24499528110027313 0.3596113920211792
0.3446388244628906 0.32385680079460144 0.45013779401779175 0.3741736114025116
0.018175512552261353 0.01863807439804077 0.8158271312713623 0.6163639426231384
0.3765580952167511 0.45998281240463257 0.49283072352409363 0.5106792449951172
