0.8333333333333333
0.88
1.0
0.8695652173913043
0.9166666666666666
0.8125000000000001
0.8461538461538461
0.7857142857142856
0.9166666666666666
0.9090909090909091
0.7692307692307692
0.9090909090909091
0.9473684210526316
1.0
0.8571428571428572
0.8181818181818182
0.8571428571428571
0.9565217391304348
1.0
1.0
0.9230769230769231
0.9166666666666666
0.888888888888889
0.9230769230769231
0.8799999999999999
0.9565217391304348
0.9230769230769231
1.0
0.8461538461538461
0.8148148148148148
0.962962962962963
0.88
0.8571428571428571
0.9032258064516129
0.7878787878787877
0.9142857142857143
0.8421052631578948
0.8571428571428571
0.8292682926829269
0.8571428571428572
0.8333333333333333
0.7647058823529412
0.8717948717948718
0.8888888888888888
0.8947368421052632
0.8648648648648649
0.8947368421052632
0.9090909090909091
0.8571428571428572
0.9142857142857143
0.9142857142857143
0.8648648648648648
0.7777777777777778
0.9230769230769231
0.875
0.8108108108108109
0.7647058823529412
0.8125000000000001
0.8275862068965518
0.7878787878787877
0.8235294117647058
0.8108108108108109
0.8666666666666666
0.9142857142857143
0.9375
0.9032258064516129
0.8695652173913044
0.8571428571428571
0.9523809523809523
0.8333333333333333
1.0
0.9090909090909091
0.7777777777777777
0.8000000000000002
0.9333333333333333
1.0
0.7999999999999999
0.9473684210526316
0.888888888888889
0.8888888888888888
0.75
0.7999999999999999
0.823529411764706
0.9
0.8888888888888888
0.7777777777777777
0.9333333333333333
0.7368421052631579
0.8181818181818182
0.8571428571428572
0.7000000000000001
0.8421052631578948
0.9473684210526316
0.9523809523809523
0.9090909090909091
0.8421052631578948
0.9090909090909091
0.9565217391304348
0.9090909090909091
0.8666666666666667
0.8000000000000002
0.761904761904762
0.9523809523809523
0.9473684210526316
1.0
0.8461538461538461
0.9090909090909091
0.9090909090909091
0.9090909090909091
0.8148148148148148
0.8148148148148148
0.962962962962963
0.8333333333333333
0.8571428571428572
0.888888888888889
0.9285714285714286
0.8148148148148148
0.888888888888889
0.9032258064516129
0.9285714285714286
0.8275862068965518
0.8461538461538461
0.7333333333333334
0.8275862068965518
0.6896551724137931
0.7857142857142857
0.7857142857142856
0.7199999999999999
0.8461538461538461
0.8666666666666666
0.7999999999999999
0.8387096774193549
0.888888888888889
0.9032258064516129
0.8484848484848485
0.8333333333333334
0.8333333333333333
0.8717948717948718
0.9333333333333333
0.896551724137931
0.8275862068965517
0.8823529411764706
0.8
0.8275862068965517
0.9032258064516129
0.8717948717948718
0.8372093023255814
0.7804878048780488
0.9333333333333333
0.8780487804878049
0.8372093023255814
0.8636363636363635
0.8837209302325583
0.8085106382978723
0.8372093023255814
0.8444444444444444
0.7555555555555556
0.7555555555555556
0.888888888888889
0.8085106382978724
0.8750000000000001
0.8095238095238095
0.8510638297872342
0.8444444444444444
0.8717948717948718
0.8076923076923077
0.8260869565217391
0.8627450980392156
0.8636363636363636
0.7826086956521738
0.7755102040816326
0.7659574468085107
0.7916666666666667
0.830188679245283
0.8571428571428572
0.8799999999999999
0.7272727272727274
0.7450980392156863
0.8070175438596491
0.8333333333333334
0.793103448275862
0.7999999999999999
0.8813559322033899
0.9
0.8771929824561403
0.847457627118644
0.8474576271186439
0.8214285714285714
0.830188679245283
0.847457627118644
0.8709677419354839
0.8620689655172414
0.875
0.8813559322033898
0.8656716417910447
0.835820895522388
0.8405797101449275
0.8750000000000001
0.8484848484848484
0.7887323943661972
0.7878787878787878
0.8125
0.7936507936507937
0.819672131147541
0.8709677419354839
0.8813559322033899
0.8571428571428572
0.8620689655172414
0.8955223880597014
0.9117647058823528
0.8571428571428571
0.8813559322033898
0.7857142857142857
0.8070175438596491
0.7586206896551724
0.7636363636363634
0.7924528301886793
0.7096774193548386
0.7076923076923077
0.7419354838709677
0.8275862068965517
0.8275862068965517
0.8
0.7936507936507936
0.8405797101449276
0.7868852459016393
0.8307692307692307
0.8333333333333334
0.888888888888889
0.8571428571428571
0.8307692307692308
0.8064516129032259
0.8214285714285715
0.8679245283018867
0.7457627118644068
0.8852459016393442
0.84375
0.8474576271186439
0.8666666666666666
0.8387096774193549
0.8923076923076922
0.9206349206349207
0.8405797101449276
0.7878787878787878
0.787878787878788
0.7945205479452054
0.8405797101449276
0.7777777777777778
0.7887323943661971
0.8219178082191781
0.8266666666666665
0.8169014084507042
0.8461538461538461
0.8051948051948051
0.8
0.8219178082191781
0.8292682926829267
0.8
0.7948717948717949
0.8
0.8433734939759037
0.8809523809523809
0.7749999999999999
0.8095238095238095
0.8354430379746834
0.8266666666666665
0.8051948051948051
0.8169014084507042
0.8048780487804879
0.8095238095238095
0.8571428571428572
0.7857142857142857
0.8641975308641975
0.8333333333333333
0.8048780487804879
0.8421052631578948
0.8674698795180724
0.8108108108108107
0.7792207792207793
0.8048780487804877
0.8205128205128205
0.7894736842105262
0.8354430379746837
0.810126582278481
0.7532467532467533
0.7951807228915663
0.7951807228915663
0.8045977011494252
0.823529411764706
0.7906976744186047
0.7951807228915662
0.8450704225352113
0.7887323943661971
0.7777777777777778
0.8181818181818182
0.8
0.7945205479452054
0.8421052631578947
0.8205128205128205
0.8536585365853658
0.8205128205128206
0.8000000000000002
0.8484848484848486
0.8611111111111112
0.8533333333333334
0.8923076923076922
0.8656716417910448
0.8333333333333334
0.8064516129032258
0.8387096774193549
0.8571428571428572
0.7812499999999999
0.8333333333333334
0.7878787878787878
0.8196721311475409
0.78125
0.8064516129032258
0.8333333333333334
0.8524590163934426
0.8524590163934426
0.8421052631578947
0.7857142857142856
0.8979591836734693
0.7547169811320756
0.8627450980392156
0.782608695652174
0.8260869565217391
0.8461538461538461
0.851851851851852
0.8076923076923077
0.8181818181818182
0.8181818181818182
0.8181818181818182
0.8571428571428572
0.7999999999999999
0.8181818181818182
0.7272727272727273
0.75
0.8571428571428572
0.8000000000000002
0.8571428571428572
0.8181818181818182
0.7500000000000001
0.7272727272727273
0.761904761904762
0.7826086956521738
0.7999999999999999
0.7999999999999999
0.761904761904762
0.761904761904762
0.761904761904762
0.8421052631578948
0.7368421052631579
0.7368421052631579
0.7777777777777777
0.7368421052631577
0.7777777777777777
0.7777777777777777
0.7368421052631577
0.7368421052631579
0.7000000000000001
0.8181818181818182
0.8181818181818182
0.8181818181818182
0.761904761904762
0.7500000000000001
0.6956521739130435
0.7272727272727274
0.7999999999999999
0.8
0.8
0.8
0.8
0.8
0.8
0.7272727272727274
0.7000000000000001
0.6363636363636364
0.8
0.8181818181818181
0.8
0.7826086956521738
0.7826086956521738
0.7272727272727274
0.782608695652174
0.8333333333333333
0.8333333333333334
0.7826086956521738
0.8571428571428572
0.7826086956521738
0.8181818181818182
0.8333333333333333
0.7199999999999999
0.7826086956521738
0.8181818181818182
0.8181818181818182
0.9090909090909091
0.8181818181818182
0.8571428571428572
0.761904761904762
0.761904761904762
0.8181818181818182
0.761904761904762
0.7826086956521738
0.7826086956521738
0.761904761904762
0.7999999999999999
0.8181818181818182
0.8
0.7777777777777777
0.7368421052631579
0.7368421052631577
0.7777777777777777
0.7368421052631579
0.7272727272727274
0.761904761904762
0.7999999999999999
0.7272727272727273
0.7272727272727273
0.7826086956521738
0.8181818181818182
0.7999999999999999
0.7999999999999999
0.8421052631578948
0.8181818181818182
0.7999999999999999
0.7999999999999999
0.7999999999999999
0.8421052631578948
0.9090909090909091
0.9090909090909091
0.8571428571428572
0.8333333333333334
0.8695652173913044
0.8
0.9090909090909091
0.8571428571428571
0.8571428571428571
0.8695652173913043
0.8333333333333334
0.8571428571428571
0.8571428571428571
0.9090909090909091
0.8
0.8333333333333333
0.8333333333333333
0.923076923076923
0.923076923076923
0.8799999999999999
0.846153846153846
0.9166666666666666
0.8695652173913043
0.9166666666666666
0.88
0.8461538461538461
0.888888888888889
0.923076923076923
0.923076923076923
0.888888888888889
0.888888888888889
0.923076923076923
0.846153846153846
0.888888888888889
0.888888888888889
0.7692307692307692
0.8799999999999999
0.9166666666666666
0.8333333333333333
0.8181818181818181
0.8181818181818181
0.8181818181818181
0.8571428571428571
0.8571428571428571
0.88
0.8695652173913044
0.9090909090909091
0.9166666666666666
0.8695652173913044
0.8181818181818181
0.7200000000000001
0.8695652173913044
0.9
0.9
0.8571428571428571
0.9523809523809523
0.8695652173913043
0.8181818181818181
0.8571428571428571
0.8571428571428571
0.8695652173913044
0.8333333333333333
0.8333333333333334
0.9166666666666666
0.9166666666666666
0.8799999999999999
0.9600000000000001
0.9600000000000001
0.9230769230769231
0.9166666666666666
0.9600000000000001
0.9166666666666666
0.9565217391304348
0.9166666666666666
0.9090909090909091
0.8181818181818182
0.8571428571428571
0.9565217391304348
0.9565217391304348
0.9166666666666666
0.9565217391304348
0.8695652173913043
0.8695652173913043
0.9565217391304348
0.9090909090909091
0.8181818181818182
0.9565217391304348
0.9565217391304348
0.8695652173913043
0.8695652173913043
0.9090909090909091
0.9090909090909091
0.9090909090909091
0.9090909090909091
0.9090909090909091
0.9090909090909091
0.9090909090909091
0.9090909090909091
0.923076923076923
0.8333333333333333
0.8333333333333333
0.9090909090909091
0.8695652173913043
0.9090909090909091
0.9090909090909091
0.9090909090909091
0.9090909090909091
0.9090909090909091
0.8333333333333333
0.9166666666666666
0.9166666666666666
0.9565217391304348
0.8695652173913044
0.9600000000000001
0.8799999999999999
0.88
0.8695652173913044
0.7826086956521738
0.888888888888889
0.9166666666666666
0.9565217391304348
0.9166666666666666
0.8695652173913044
0.8695652173913044
0.8695652173913044
0.8181818181818181
0.8695652173913044
0.8333333333333333
0.7826086956521738
0.9565217391304348
0.8695652173913044
0.9090909090909091
0.9090909090909091
0.9090909090909091
0.9090909090909091
0.8695652173913044
0.8695652173913044
0.8695652173913044
0.8695652173913043
0.9090909090909091
0.8695652173913044
0.9090909090909091
0.8333333333333333
0.8333333333333334
0.9565217391304348
0.9166666666666666
0.8695652173913043
0.8333333333333334
0.8695652173913043
0.8799999999999999
0.8333333333333334
0.8333333333333333
0.8799999999999999
0.8333333333333333
0.9230769230769231
0.9285714285714286
0.9285714285714286
0.8799999999999999
0.9230769230769231
0.9230769230769231
0.9166666666666666
0.8799999999999999
0.9166666666666666
0.9230769230769231
0.8799999999999999
0.8695652173913043
0.8695652173913043
0.9166666666666666
0.9166666666666666
0.9090909090909091
0.8695652173913043
0.9166666666666666
0.9166666666666666
0.9565217391304348
0.8695652173913043
0.8695652173913043
0.9090909090909091
0.9090909090909091
0.8695652173913044
0.9090909090909091
0.9090909090909091
0.9090909090909091
0.8695652173913043
0.9166666666666666
0.88
0.88
0.88
0.88
0.88
0.8333333333333333
0.7826086956521738
0.7200000000000001
0.8695652173913043
0.923076923076923
0.888888888888889
0.9090909090909091
0.8333333333333333
0.8695652173913044
0.9166666666666666
0.8695652173913043
0.8695652173913044
0.9166666666666666
0.9166666666666666
0.88
0.8799999999999999
0.88
0.923076923076923
0.8799999999999999
0.8461538461538461
0.9230769230769231
0.9285714285714286
0.9333333333333333
0.888888888888889
0.8461538461538461
0.8461538461538461
0.8799999999999999
0.8333333333333333
0.8695652173913043
0.9090909090909091
0.8695652173913044
0.8571428571428571
0.8571428571428571
0.8571428571428571
0.8571428571428571
0.8571428571428571
0.8571428571428571
0.9090909090909091
0.9523809523809523
0.8181818181818181
0.8695652173913044
0.8695652173913044
0
0.7499999999999999
0.7499999999999999
0.8235294117647058
0.7499999999999999
0.923076923076923
0.8750000000000001
0.9411764705882353
0.8421052631578948
0.8571428571428571
0.9333333333333333
0.9333333333333333
0.8
0.7692307692307692
0.8750000000000001
0.823529411764706
0.8750000000000001
0.8333333333333333
0.5
0.7142857142857143
0.923076923076923
0.923076923076923
0.8571428571428571
0.7692307692307693
0.7999999999999999
0.923076923076923
0.7999999999999999
0.7499999999999999
0.875
0.8421052631578948
0.9090909090909091
0.7999999999999999
0.9
0.8
0.8181818181818181
0.9473684210526316
0.761904761904762
0.8
0.9565217391304348
0.8571428571428571
0.8181818181818182
0.9166666666666666
0.9565217391304348
0.888888888888889
0.923076923076923
0.9166666666666666
0.9166666666666666
0.9600000000000001
0.9333333333333333
0.8235294117647058
0.896551724137931
0.8750000000000001
0.8571428571428571
0.8387096774193548
0.9411764705882353
0.8387096774193549
0.9032258064516129
0.8666666666666666
0.8387096774193549
0.7586206896551724
0.8666666666666666
0.8823529411764706
1.0
0.8275862068965518
0.8333333333333333
0.888888888888889
0.896551724137931
0.896551724137931
0.8666666666666666
1.0
0.8571428571428572
0.9285714285714286
0.8666666666666666
0.9333333333333333
0.896551724137931
0.9285714285714286
0.9090909090909091
0.9090909090909091
0.9375
0.7999999999999999
0.9
0.9
0.9090909090909091
0.9142857142857143
0.8947368421052632
0.9142857142857143
0.9444444444444444
0.8837209302325583
0.9523809523809523
0.9047619047619048
0.9130434782608695
0.8695652173913043
0.8837209302325582
0.8444444444444443
0.8800000000000001
0.8627450980392156
0.923076923076923
0.9411764705882353
0.9615384615384615
0.8363636363636363
0.851851851851852
0.9056603773584906
0.8846153846153846
0.888888888888889
0.8571428571428572
0.8800000000000001
0.8679245283018867
0.9056603773584904
0.8235294117647057
0.8214285714285715
0.830188679245283
0.8
0.92
0.830188679245283
0.793103448275862
0.8253968253968255
0.8571428571428571
0.8771929824561403
0.9259259259259259
0.8253968253968254
0.8275862068965518
0.8474576271186439
0.8437500000000001
0.8571428571428571
0.851851851851852
0.8076923076923077
0.8085106382978724
0.8076923076923076
0.823529411764706
0.8333333333333333
0.7916666666666666
0.8444444444444444
0.8636363636363636
0.8936170212765957
0.8636363636363636
0.851063829787234
0.888888888888889
0.8372093023255813
0.8780487804878049
0.8571428571428571
0.8421052631578947
0.8947368421052632
0.8648648648648648
0.8292682926829269
0.8292682926829269
0.761904761904762
0.9142857142857143
0.9
0.9
0.8510638297872342
0.8333333333333333
0.8750000000000001
0.8444444444444444
0.7755102040816326
0.7659574468085107
0.830188679245283
0.8461538461538461
0.8163265306122449
0.8
0.7727272727272727
0.8500000000000001
0.8837209302325583
0.8181818181818182
0.8636363636363635
0.8444444444444444
0.8837209302325583
0.8181818181818182
0.9047619047619047
0.8571428571428572
0.8292682926829269
0.8695652173913043
0.7804878048780488
0.8780487804878049
0.8717948717948718
0.8095238095238095
0.8695652173913043
0.8636363636363636
0.8444444444444444
0.8444444444444444
0.8372093023255814
0.8837209302325583
0.8163265306122449
0.8979591836734693
0.84
0.875
0.8363636363636363
0.8928571428571428
0.8518518518518519
0.8
0.8214285714285715
0.8
0.8235294117647057
0.823529411764706
0.851851851851852
0.8846153846153846
0.8275862068965517
0.806451612903226
0.8571428571428571
0.8421052631578948
0.8275862068965517
0.8627450980392156
0.8135593220338982
0.8852459016393444
0.875
0.8813559322033899
0.8709677419354839
0.9032258064516129
0.8108108108108107
0.8529411764705882
0.7941176470588235
0.8656716417910447
0.8115942028985507
0.8000000000000002
0.8484848484848485
0.7945205479452054
0.8000000000000002
0.8275862068965518
0.870967741935484
0.8059701492537314
0.7878787878787877
0.8437500000000001
0.7941176470588235
0.8115942028985507
0.8000000000000002
0.8732394366197184
0.9014084507042254
0.8732394366197184
0.8484848484848486
0.8387096774193549
0.8787878787878787
0.8852459016393442
0.8059701492537313
0.8615384615384615
0.888888888888889
0.8750000000000001
0.8333333333333334
0.8571428571428571
0.7761194029850748
0.8923076923076922
0.8358208955223881
0.7666666666666666
0.847457627118644
0.8620689655172413
0.8333333333333334
0.7796610169491526
0.8070175438596493
0.8771929824561403
0.8679245283018868
0.7272727272727272
0.7666666666666667
0.8135593220338982
0.8437499999999999
0.8524590163934426
0.8666666666666666
0.8771929824561403
0.7741935483870968
0.819672131147541
0.8571428571428571
0.8620689655172413
0.8474576271186441
0.8727272727272727
0.793103448275862
0.7586206896551725
0.8524590163934426
0.8363636363636364
0.8135593220338984
0.8928571428571429
0.912280701754386
0.9454545454545454
0.9655172413793104
0.8666666666666666
0.8125
0.8484848484848485
0.8571428571428571
0.8437500000000001
0.8620689655172413
0.8813559322033898
0.8571428571428571
0.8620689655172413
0.7999999999999999
0.912280701754386
0.8771929824561403
0.8421052631578948
0.896551724137931
0.8666666666666666
0.8771929824561403
0.9285714285714286
0.9090909090909091
0.8727272727272727
0.8928571428571429
0.8813559322033899
0.8518518518518519
0.8214285714285715
0.9411764705882353
0.8627450980392156
0.912280701754386
0.8936170212765958
0.8695652173913043
0.816326530612245
0.8979591836734694
0.888888888888889
0.8333333333333333
0.8813559322033899
0.896551724137931
0.8474576271186439
0.9032258064516129
0.9473684210526316
0.8387096774193549
0.8852459016393444
0.8666666666666667
0.9206349206349206
0.8620689655172414
0.8571428571428571
0.9032258064516129
0.8857142857142858
0.8620689655172413
0.8695652173913043
0.8285714285714285
0.8285714285714286
0.8732394366197184
0.8405797101449276
0.8656716417910448
0.8918918918918919
0.835820895522388
0.8852459016393444
0.7812499999999999
0.8615384615384616
0.8
0.888888888888889
0.7868852459016394
0
0.823529411764706
0.823529411764706
0.8
0.8750000000000001
0.823529411764706
0.8750000000000001
0.8750000000000001
0.8750000000000001
0.8235294117647058
0.8750000000000001
0.8750000000000001
0.8750000000000001
0.8750000000000001
0.75
0.75
0.75
0.7058823529411764
0.7499999999999999
0.8235294117647058
0.8750000000000001
0.8235294117647058
0.8235294117647058
0.8235294117647058
0.8235294117647058
0.8235294117647058
0.7777777777777778
0.7058823529411764
0.7058823529411764
0.7058823529411764
0.7499999999999999
0.7499999999999999
0.7499999999999999
0.888888888888889
0.888888888888889
0.7777777777777777
0.888888888888889
0.888888888888889
0.888888888888889
0.9411764705882353
0.875
0.7058823529411765
0.8235294117647058
0.9411764705882353
0.823529411764706
0.823529411764706
0.7058823529411765
0.6666666666666665
0.7368421052631577
0.7777777777777777
0.7777777777777777
0.823529411764706
0.823529411764706
0.823529411764706
0.823529411764706
0.823529411764706
0.823529411764706
0.823529411764706
0.7777777777777777
0.7368421052631579
0.7368421052631579
0.7777777777777777
0.7777777777777777
0.7058823529411764
0.8421052631578948
0.8421052631578948
0.7777777777777778
0.7777777777777778
0.8235294117647058
0.8235294117647058
0.7777777777777778
0.7777777777777778
0.7777777777777778
0.823529411764706
0.8421052631578948
0.761904761904762
0.8
0.8421052631578948
0.8421052631578948
0.761904761904762
0.8
0.8421052631578948
0.8421052631578948
0.7777777777777777
0.7777777777777777
0.8421052631578948
0.7777777777777777
0.7999999999999999
0.7368421052631579
0.7999999999999999
0.8421052631578948
0.8421052631578948
0.8421052631578948
0.8421052631578948
0.8421052631578948
0.7999999999999999
0.761904761904762
0.8695652173913043
0.7826086956521738
0.761904761904762
0.761904761904762
0.761904761904762
0.761904761904762
0.761904761904762
0.761904761904762
0.8181818181818182
0.8571428571428571
0.8571428571428571
0.8181818181818181
0.7272727272727274
0.8
0.8181818181818181
0.761904761904762
0.8421052631578948
0.9090909090909091
0.8461538461538461
0.8333333333333333
0.8181818181818182
0.6666666666666666
0.8
0.6956521739130435
0.7500000000000001
0.6956521739130435
0.6666666666666666
0.7000000000000001
0.761904761904762
0.6666666666666667
0.761904761904762
0.7000000000000001
0.8
0.8235294117647058
0.7999999999999999
0.761904761904762
0.7999999999999999
0.7999999999999999
0.761904761904762
0.888888888888889
0.7368421052631579
0.7999999999999999
0.8421052631578948
0.7777777777777777
0.7777777777777777
0.7777777777777778
0.8000000000000002
0.8000000000000002
0.8571428571428572
0.8695652173913044
0.7826086956521738
0.6923076923076924
0.6923076923076924
0.7272727272727272
0.8181818181818181
0.7826086956521738
0.8695652173913044
0.9523809523809523
0.9523809523809523
0.9523809523809523
0.9090909090909091
0.9090909090909091
0.9090909090909091
0.9090909090909091
0.8799999999999999
0.8181818181818182
0.8799999999999999
0.9166666666666666
0.9166666666666666
0.9166666666666666
0.9166666666666666
0.8799999999999999
1.0
0.9090909090909091
0.9090909090909091
0.8695652173913044
0.9166666666666666
0.8181818181818182
0.8333333333333333
0.8571428571428572
0.9090909090909091
0.8571428571428572
0.9090909090909091
0.8333333333333334
0.761904761904762
0.9
0.761904761904762
0.9090909090909091
0.7826086956521738
0.8181818181818182
0.88
0.7500000000000001
0.8
0.8333333333333334
0.6923076923076923
0.7407407407407408
0.8333333333333333
0.9523809523809523
0.9
0.8571428571428572
0.8571428571428571
0.9523809523809523
0.9090909090909091
0.9523809523809523
0.9090909090909091
0.9090909090909091
0.8181818181818182
0.9090909090909091
0.9090909090909091
0.9523809523809523
0.9
0.8571428571428572
0.9090909090909091
0.9090909090909091
0.9
0.9523809523809523
0.9523809523809523
0.9523809523809523
0.9523809523809523
0.9523809523809523
0.8421052631578948
0.8695652173913043
0.8695652173913043
0.8695652173913043
0.9090909090909091
0.9090909090909091
0.9090909090909091
0.9090909090909091
0.9166666666666666
0.9166666666666666
0.8695652173913044
0.8181818181818182
0.8695652173913044
0.8571428571428571
0.9090909090909091
0.9090909090909091
0.8181818181818181
0.9166666666666666
0.9600000000000001
0.88
0.923076923076923
0.8571428571428571
0.9090909090909091
0.7999999999999999
0.7272727272727274
0.75
0.75
0.75
0.888888888888889
0.8275862068965517
0.88
0.846153846153846
0.8333333333333333
0.88
0.8695652173913044
0.761904761904762
0.7826086956521738
0.8695652173913044
0.8695652173913044
0.8
0.75
0.88
0.8333333333333333
0.8333333333333333
0.7692307692307692
0.8000000000000002
0.7692307692307693
0.8461538461538461
0.8148148148148148
0.7692307692307692
0.8571428571428571
0.8
0.8461538461538461
0.7500000000000001
0.8
0.7407407407407406
0.8
0.8333333333333333
0.88
0.88
0.9166666666666666
0.88
0.88
0.9166666666666666
0.923076923076923
0.7826086956521738
0.8181818181818182
0.8695652173913043
0.7272727272727272
0.7272727272727272
0.6956521739130435
0.6666666666666666
0.7272727272727273
0.7272727272727273
0.7826086956521738
0.761904761904762
0.761904761904762
0.8695652173913043
0.8695652173913043
0.8571428571428572
0.7368421052631579
0.8
0.761904761904762
0.7777777777777778
0.7368421052631579
0.761904761904762
0.9
0.888888888888889
0.7777777777777777
0.7777777777777777
0.8235294117647058
0.823529411764706
0.8750000000000001
0.9
0.7272727272727272
0.8695652173913043
0.8181818181818182
0.761904761904762
0.8695652173913044
0.7826086956521738
0.6666666666666666
0.7
0.5882352941176471
0.6666666666666665
0.5555555555555556
0.7777777777777777
0.7058823529411765
0.6666666666666665
0.7777777777777778
0.8888888888888888
0.9090909090909091
0.8571428571428571
0.9
0.823529411764706
0.8431134754399494
