0.38213226199150085 0.1764417439699173 0.5036264061927795 0.24960745871067047
0.10989542305469513 0.21494054794311523 0.16750021278858185 0.2539551258087158
0.1017487645149231 0.2781771123409271 0.1559409201145172 0.3068632185459137
0.2709156572818756 0.4432632327079773 0.3740340769290924 0.4881916642189026
0.3985917568206787 0.46252840757369995 0.558555543422699 0.5289708971977234
0.2009766697883606 0.312456876039505 0.2842439115047455 0.35376259684562683
0.033253785222768784 0.2858005166053772 0.06464144587516785 0.3075405955314636
0.005024179816246033 0.31054192781448364 0.033413030207157135 0.33097541332244873
0.40162336826324463 0.4629365801811218 0.5584549903869629 0.5288392305374146
0.00914454460144043 0.012152880430221558 0.8293857574462891 0.9187607765197754
