0.4956556558609009 0.12533307075500488 0.6843761205673218 0.2363177239894867
0.1765998899936676 0.3209608793258667 0.24054130911827087 0.35509926080703735
0.40456390380859375 0.454562783241272 0.5585968494415283 0.51312255859375
0.12352754175662994 0.21870927512645721 0.18198050558567047 0.2562321126461029
0.044454675167798996 0.3119899332523346 0.07340513914823532 0.33267828822135925
0.07470346987247467 0.31963929533958435 0.10712313652038574 0.34066811203956604
0.017524132505059242 0.31498461961746216 0.04189249873161316 0.33364707231521606
0.011737104505300522 0.3443682789802551 0.03926248103380203 0.36463290452957153
0.01112942211329937 0.28334900736808777 0.04157635569572449 0.3016009032726288
0.40240031480789185 0.45591655373573303 0.5588106513023376 0.5136991143226624
0.0 0.05893230438232422 0.9827389717102051 0.9434560537338257
