0.26004165410995483 0.6314744353294373 0.2991778254508972 0.6899939179420471
0.32992133498191833 0.6647415161132812 0.3867895305156708 0.7420897483825684
0.23488979041576385 0.6124802827835083 0.2736862301826477 0.6658798456192017
0.22410406172275543 0.6050781607627869 0.26668038964271545 0.6616281867027283
0.1579015552997589 0.5700364708900452 0.18617767095565796 0.6056738495826721
0.15122398734092712 0.5624848008155823 0.18573668599128723 0.6015295386314392
0.16033083200454712 0.5470755696296692 0.18642202019691467 0.5704784989356995
0.45833835005760193 0.1420004665851593 0.5277379155158997 0.16102614998817444
0.5248424410820007 0.005042925477027893 0.9917190670967102 0.29759514331817627
0.2292342185974121 0.6954420208930969 0.2844247817993164 0.7275343537330627
