0.260795533657074 0.6313807368278503 0.2990221381187439 0.6892161965370178
0.3299559950828552 0.6647003293037415 0.3867875933647156 0.7422587275505066
0.7726373672485352 0.6827065348625183 1.0 0.8187666535377502
0.23793941736221313 0.6128436923027039 0.27352505922317505 0.6672348380088806
0.2280060052871704 0.6064286828041077 0.26887407898902893 0.6646879315376282
0.1601184457540512 0.5715660452842712 0.18708689510822296 0.60586017370224
0.15230365097522736 0.5651943683624268 0.1801413744688034 0.5972610712051392
0.17591723799705505 0.5525404810905457 0.20316576957702637 0.5714465975761414
0.7118549942970276 0.6363863348960876 0.8141040205955505 0.7357568144798279
0.7898999452590942 0.7041071653366089 0.9998866319656372 0.9379503726959229
0.227503702044487 0.6215217113494873 0.25103482604026794 0.6606050729751587
