0.2600157856941223 0.6314511299133301 0.29932641983032227 0.690253496170044
0.3301181495189667 0.6643445491790771 0.3869114816188812 0.7424535751342773
0.23588113486766815 0.6133610010147095 0.27379265427589417 0.6664376258850098
0.2264799028635025 0.6076071262359619 0.2664729356765747 0.6604419946670532
0.15915046632289886 0.5715368390083313 0.1863318234682083 0.6063609719276428
0.15377874672412872 0.5666877627372742 0.18398232758045197 0.6010115742683411
0.5207390785217285 0.5848207473754883 0.6085433959960938 0.6062878370285034
0.15968972444534302 0.5458114743232727 0.1854623556137085 0.570699155330658
0.4885041415691376 0.06528368592262268 0.5570173263549805 0.08225049078464508
0.15020008385181427 0.5585057139396667 0.18136732280254364 0.5940924286842346
0.22934921085834503 0.6955801248550415 0.28737616539001465 0.7276085615158081
