0.13092218339443207 0.21162880957126617 0.18847106397151947 0.2581101059913635
0.48190611600875854 0.1540614664554596 0.6461518406867981 0.24054062366485596
0.05437874794006348 0.2820603549480438 0.09597264230251312 0.3116525709629059
0.23783022165298462 0.3121345639228821 0.32607346773147583 0.35457372665405273
0.05352693796157837 0.324264794588089 0.09690871834754944 0.345293253660202
0.18367815017700195 0.4068599045276642 0.2287532091140747 0.4414512813091278
0.3099718689918518 0.4480764865875244 0.42367076873779297 0.49938881397247314
0.01592899300158024 0.34400829672813416 0.051162540912628174 0.3650963008403778
0.18367815017700195 0.4068599045276642 0.2287532091140747 0.4414512813091278
0.014651745557785034 0.27994999289512634 0.042017001658678055 0.3053276240825653
0.018866341561079025 0.27646374702453613 0.09656524658203125 0.30970776081085205
0.3100064992904663 0.4481949210166931 0.42271631956100464 0.49893444776535034
0.4807952046394348 0.15418361127376556 0.6464036107063293 0.2408367544412613
