0.2600865066051483 0.6316965222358704 0.29901084303855896 0.689851701259613
0.3300841152667999 0.6647563576698303 0.38712242245674133 0.7423592209815979
0.4574798047542572 0.4067186117172241 0.5548572540283203 0.5299167633056641
0.2380254715681076 0.5786052942276001 0.28291216492652893 0.6092945337295532
0.23535537719726562 0.6097487807273865 0.27462345361709595 0.6678653359413147
0.15931689739227295 0.5713188052177429 0.18668290972709656 0.607580840587616
0.3271786868572235 0.51677006483078 0.3769136369228363 0.5505532622337341
0.15252450108528137 0.5653287172317505 0.17940890789031982 0.5985410213470459
0.28620073199272156 0.5593095421791077 0.33505979180336 0.5702852606773376
0.22533930838108063 0.6193407773971558 0.2504009008407593 0.6603488922119141
0.22420163452625275 0.61111980676651 0.26043635606765747 0.66068035364151
