0.2606663107872009 0.6319341063499451 0.2990676164627075 0.6896619200706482
0.33004695177078247 0.665939211845398 0.38695693016052246 0.7427589893341064
0.47998926043510437 0.08356587588787079 0.6032893061637878 0.19480262696743011
0.301461398601532 0.6077479720115662 0.3712646961212158 0.6489027142524719
0.23951396346092224 0.6160567402839661 0.27389129996299744 0.6673938632011414
0.15974654257297516 0.5718761682510376 0.1858810931444168 0.6067754030227661
0.1509915590286255 0.5638120174407959 0.17919465899467468 0.5967460870742798
0.22698763012886047 0.6070721745491028 0.26377221941947937 0.6592991948127747
0.47998926043510437 0.08356587588787079 0.6032893061637878 0.19480262696743011
0.22624501585960388 0.6181930899620056 0.25110331177711487 0.6602477431297302
0.06053125858306885 0.41468608379364014 0.3971669673919678 0.7842260599136353
0.35856521129608154 0.5695719718933105 0.4216362237930298 0.5853163003921509
