0.26041868329048157 0.631486713886261 0.2990276515483856 0.6903263926506042
0.33015310764312744 0.6655519604682922 0.3872354030609131 0.74282306432724
0.4332752823829651 0.6664516925811768 0.5644838809967041 0.7425538301467896
0.22308959066867828 0.6055826544761658 0.2670762538909912 0.6622065901756287
0.2339220494031906 0.6125239729881287 0.2736368477344513 0.6663972735404968
0.16091017425060272 0.5717442631721497 0.18612508475780487 0.6061628460884094
0.15187303721904755 0.5634756088256836 0.17912261188030243 0.5954012870788574
0.35632938146591187 0.8370256423950195 0.4033042788505554 0.8495558500289917
0.6140466928482056 0.6094821691513062 0.715654730796814 0.6351591348648071
0.4340631067752838 0.6657325029373169 0.5695449709892273 0.7457280158996582
