0.1354394257068634 0.3294883370399475 0.20507991313934326 0.35945290327072144
0.13140007853507996 0.22031335532665253 0.1881842315196991 0.25586235523223877
0.052396390587091446 0.3599255681037903 0.095770925283432 0.3842807412147522
0.2706468105316162 0.438582181930542 0.3482780456542969 0.48304837942123413
0.5467820167541504 0.48732930421829224 0.7733994722366333 0.5586668848991394
0.10794535279273987 0.27687984704971313 0.16678917407989502 0.316231369972229
0.01541602611541748 0.004240810871124268 0.9403010010719299 0.5951083898544312
0.0018713995814323425 0.3094555735588074 0.032066501677036285 0.3288058042526245
0.547541618347168 0.48652082681655884 0.7742607593536377 0.5601215958595276
0.048653483390808105 0.3123288154602051 0.07947884500026703 0.33250153064727783
0.029577642679214478 0.268952876329422 0.13686254620552063 0.3118153512477875
0.029577642679214478 0.268952876329422 0.13686254620552063 0.3118153512477875
0.2679747939109802 0.4388320744037628 0.34610652923583984 0.4830951392650604
