0.26069560647010803 0.6319315433502197 0.2990654408931732 0.6896086931228638
0.4774945080280304 0.08619868755340576 0.5981758832931519 0.1996719241142273
0.3300684988498688 0.6657747030258179 0.3869791328907013 0.742815375328064
0.3015098571777344 0.6078720688819885 0.37049180269241333 0.6491742730140686
0.2395002394914627 0.6160508394241333 0.27387943863868713 0.6674971580505371
0.15973933041095734 0.5718074440956116 0.18584977090358734 0.6066460013389587
0.15092425048351288 0.5637082457542419 0.17921657860279083 0.5967747569084167
0.22689758241176605 0.6069799661636353 0.2637120485305786 0.6593155860900879
0.3563535213470459 0.5692586898803711 0.4174128770828247 0.5850478410720825
0.22626993060112 0.6181219220161438 0.25118154287338257 0.6602017283439636
0.06566716730594635 0.4228357970714569 0.3981875777244568 0.7834892272949219
0.4774945080280304 0.08619868755340576 0.5981758832931519 0.1996719241142273
0.2305721491575241 0.696921169757843 0.2898896634578705 0.7275434136390686
