0.26063743233680725 0.6320053339004517 0.29906341433525085 0.6892205476760864
0.3304235339164734 0.6652954816818237 0.3851012587547302 0.7426658868789673
0.3047614097595215 0.6083275675773621 0.3750484585762024 0.6519758105278015
0.23970475792884827 0.6162843108177185 0.27389946579933167 0.6672207713127136
0.1597292125225067 0.5717093348503113 0.18611332774162292 0.6068753600120544
0.5105656385421753 0.052504442632198334 0.6539533138275146 0.16329947113990784
0.5105656385421753 0.052504442632198334 0.6539533138275146 0.16329947113990784
0.15103940665721893 0.564020037651062 0.1790500432252884 0.5968217849731445
0.22755436599254608 0.6074795126914978 0.2637358009815216 0.6592537760734558
0.22666627168655396 0.6180104613304138 0.2512681782245636 0.6601887345314026
0.0497850626707077 0.4048730731010437 0.385322630405426 0.7782943844795227
0.2321731448173523 0.6984196305274963 0.29006803035736084 0.7275184988975525
