0.2604251801967621 0.6315227150917053 0.29910144209861755 0.6905661225318909
0.33013370633125305 0.6652525663375854 0.3870460093021393 0.7426093816757202
0.23639380931854248 0.6147303581237793 0.2740970253944397 0.6695511341094971
0.664936363697052 0.614930272102356 0.7751719355583191 0.643097996711731
0.2242664098739624 0.6071397066116333 0.2664082944393158 0.6611573696136475
0.16086910665035248 0.5717641115188599 0.1858663409948349 0.6060953140258789
0.1521185338497162 0.5637983083724976 0.179124653339386 0.5954058170318604
0.4618907570838928 0.67842698097229 0.609496533870697 0.7618159055709839
0.3498009145259857 0.8385770916938782 0.3922392427921295 0.8516613841056824
0.7842532992362976 0.5984596014022827 0.8172200322151184 0.6538429260253906
