0.2606005072593689 0.6318001747131348 0.29905402660369873 0.6894134283065796
0.329917848110199 0.6633739471435547 0.3863255977630615 0.7423892021179199
0.3082203269004822 0.6097180247306824 0.38144052028656006 0.6555771231651306
0.5260853171348572 0.04637032747268677 0.6743486523628235 0.15023957192897797
0.23951603472232819 0.6159298419952393 0.27388957142829895 0.6671638488769531
0.15934772789478302 0.5715651512145996 0.18574877083301544 0.6057548522949219
0.15128421783447266 0.5644406080245972 0.17958304286003113 0.597078800201416
0.22682887315750122 0.6068293452262878 0.264026403427124 0.659458577632904
0.5260853171348572 0.04637032747268677 0.6743486523628235 0.15023957192897797
0.4168536067008972 0.5797603726387024 0.48744577169418335 0.5961927771568298
0.2307485044002533 0.6975420117378235 0.288800448179245 0.727565586566925
0.22648270428180695 0.6175010800361633 0.2514623701572418 0.660147488117218
