0.26035964488983154 0.6315498948097229 0.29880601167678833 0.6894580721855164
0.32965758442878723 0.6649458408355713 0.38709738850593567 0.7421619892120361
0.2386915683746338 0.6148257851600647 0.27347201108932495 0.6676629185676575
0.15928269922733307 0.571819543838501 0.18562795221805573 0.6058461666107178
0.22524838149547577 0.6061763167381287 0.263771653175354 0.6600386500358582
0.15207280218601227 0.5650684833526611 0.18017016351222992 0.5975106954574585
0.6839040517807007 0.671123743057251 0.9434832334518433 0.7841401100158691
0.3291935622692108 0.5164400339126587 0.37776389718055725 0.548058032989502
0.22963660955429077 0.6959246397018433 0.2876259684562683 0.7274700403213501
0.22576414048671722 0.6167491674423218 0.25150129199028015 0.6605930328369141
