0.6535079479217529 0.18373537063598633 0.9569209814071655 0.31299328804016113
0.16731275618076324 0.2734265625476837 0.22847579419612885 0.30551818013191223
0.12813907861709595 0.220350980758667 0.18593040108680725 0.2563030421733856
0.3571864366531372 0.27415546774864197 0.47664666175842285 0.33042898774147034
0.3384450376033783 0.4537794589996338 0.48190733790397644 0.5130687952041626
0.13687297701835632 0.3925594389438629 0.19322547316551208 0.4242244064807892
0.05674031749367714 0.36319097876548767 0.10455496609210968 0.38954445719718933
0.05821511894464493 0.31716203689575195 0.10581067949533463 0.3439983129501343
0.02688579633831978 0.2823311686515808 0.06751389801502228 0.30257874727249146
0.3645515739917755 0.0 1.0 0.24652767181396484
0.3572259545326233 0.2736818194389343 0.4763909578323364 0.33003371953964233
0.024217333644628525 0.3113149106502533 0.047912340611219406 0.32837459444999695
0.16138949990272522 0.31999748945236206 0.2939379811286926 0.36174505949020386
0.009190600365400314 0.342060923576355 0.054532166570425034 0.36853718757629395
0.1369161158800125 0.3920708894729614 0.19309879839420319 0.4239993095397949
0.16138949990272522 0.31999748945236206 0.2939379811286926 0.36174505949020386
0.009190600365400314 0.342060923576355 0.054532166570425034 0.36853718757629395
0.3382982015609741 0.45385465025901794 0.4815223217010498 0.5129228234291077
0.352569580078125 0.0 0.9955159425735474 0.22667187452316284
0.16138949990272522 0.31999748945236206 0.2939379811286926 0.36174505949020386
0.3637706935405731 0.0 0.9931117296218872 0.24996483325958252
