0.5324033498764038 0.23628434538841248 0.720335841178894 0.319906085729599
0.26883023977279663 0.25454840064048767 0.36422258615493774 0.30304327607154846
0.12839148938655853 0.21778114140033722 0.18640457093715668 0.2562447190284729
0.43828192353248596 0.46304115653038025 0.6249157190322876 0.5297649502754211
0.20907694101333618 0.4209935963153839 0.28728848695755005 0.4639599621295929
0.5069562792778015 0.0022217482328414917 0.9980117678642273 0.19595326483249664
0.06656119972467422 0.28114911913871765 0.11882133036851883 0.30524930357933044
0.1028314009308815 0.382270872592926 0.16456055641174316 0.41392046213150024
0.055513255298137665 0.31502464413642883 0.08906600624322891 0.33760425448417664
0.12551777064800262 0.32305997610092163 0.18730612099170685 0.35751962661743164
0.2668203115463257 0.29654020071029663 0.47837358713150024 0.36250030994415283
0.03868185356259346 0.3583696782588959 0.10044147074222565 0.38939282298088074
0.15174327790737152 0.32470783591270447 0.18909744918346405 0.3560731112957001
0.2668203115463257 0.29654020071029663 0.47837358713150024 0.36250030994415283
0.017244834452867508 0.3112735450267792 0.047633182257413864 0.3303876221179962
0.43828192353248596 0.46304115653038025 0.6249157190322876 0.5297649502754211
0.0 0.07342913746833801 0.9515737295150757 0.9096667766571045
0.7004973888397217 0.7470158934593201 0.9858566522598267 0.866122305393219
0.13096635043621063 0.2040126770734787 0.20253457129001617 0.25741031765937805
0.03868185356259346 0.3583696782588959 0.10044147074222565 0.38939282298088074
0.20907694101333618 0.4209935963153839 0.28728848695755005 0.4639599621295929
0.11613667011260986 0.32214033603668213 0.16737276315689087 0.3557624816894531
0.020902574062347412 0.06670486927032471 0.8572773933410645 0.6434892416000366
0.5154790282249451 0.7788129448890686 0.9903011918067932 0.9952111840248108
