0.5474967360496521 0.234476238489151 0.7470420002937317 0.31651780009269714
0.21918021142482758 0.4250869154930115 0.29971563816070557 0.46849989891052246
0.2938458025455475 0.24739353358745575 0.3887627422809601 0.298245370388031
0.12932410836219788 0.20901688933372498 0.19138199090957642 0.2574424743652344
0.4484280049800873 0.46484994888305664 0.6427899599075317 0.5308331847190857
0.5259285569190979 8.61138105392456e-05 0.9975973963737488 0.18937425315380096
0.10783537477254868 0.3842586576938629 0.17545270919799805 0.41808775067329407
0.07363033294677734 0.280117392539978 0.12683996558189392 0.30602890253067017
0.0629059448838234 0.316460520029068 0.09636235982179642 0.3382738530635834
0.1265190988779068 0.32124069333076477 0.20289717614650726 0.35917964577674866
0.2886081039905548 0.2931060791015625 0.5046784281730652 0.36272215843200684
0.020146764814853668 0.3112308979034424 0.0510738343000412 0.3317972421646118
0.04622580483555794 0.36032480001449585 0.1080421507358551 0.39192914962768555
0.019746894016861916 0.2821464538574219 0.04905461519956589 0.3004562258720398
0.0019576549530029297 0.03408822417259216 0.9584052562713623 0.9384605884552002
0.4484280049800873 0.46484994888305664 0.6427899599075317 0.5308331847190857
0.2886081039905548 0.2931060791015625 0.5046784281730652 0.36272215843200684
0.04739541932940483 0.3604702055454254 0.107675701379776 0.3920290172100067
0.7925414443016052 0.7287187576293945 0.9987671971321106 0.8446691036224365
0.29034754633903503 0.29245057702064514 0.4825822412967682 0.36257269978523254
