0.6502318382263184 0.2042570412158966 0.8967885971069336 0.30768510699272156
0.30960825085639954 0.44860485196113586 0.418328195810318 0.4989326298236847
0.49644047021865845 0.11939331889152527 0.6945593953132629 0.22950562834739685
0.13094298541545868 0.20908640325069427 0.18874122202396393 0.25665152072906494
0.07719890028238297 0.323794424533844 0.11902374774217606 0.34834975004196167
0.15511707961559296 0.270896852016449 0.23474295437335968 0.307475745677948
0.07435955107212067 0.27955496311187744 0.1132737249135971 0.3017351031303406
0.14570045471191406 0.32606321573257446 0.20000410079956055 0.35726165771484375
0.3625456392765045 0.2611241042613983 0.6385225057601929 0.35416075587272644
0.3625456392765045 0.2611241042613983 0.6385225057601929 0.35416075587272644
0.10853683203458786 0.385816752910614 0.19361600279808044 0.43445688486099243
0.24855618178844452 0.3125172257423401 0.3666306138038635 0.36489278078079224
0.19047923386096954 0.4082740247249603 0.28200584650039673 0.45460638403892517
0.010226815938949585 0.03360700607299805 0.8994532823562622 0.8355750441551208
0.5349798798561096 0.46609050035476685 0.7740088105201721 0.5429312586784363
0.18937361240386963 0.4076659381389618 0.28196513652801514 0.4545077383518219
0.5326582789421082 0.46536266803741455 0.7726684212684631 0.5429896116256714
0.001313215121626854 0.30411866307258606 0.03573073446750641 0.3280660808086395
0.24576961994171143 0.31281787157058716 0.36202603578567505 0.36433959007263184
0.001313215121626854 0.30411866307258606 0.03573073446750641 0.3280660808086395
0.30300238728523254 0.316330224275589 0.3674900233745575 0.36502763628959656
0.49911099672317505 0.11951880902051926 0.695370614528656 0.22965997457504272
0.10853683203458786 0.385816752910614 0.19361600279808044 0.43445688486099243
0.6496924161911011 0.20222118496894836 0.8971694707870483 0.307746022939682
