0.6397687196731567 0.20657053589820862 0.8843069076538086 0.3098929822444916
0.3050480782985687 0.44722822308540344 0.4112725555896759 0.4972471296787262
0.12846948206424713 0.21658530831336975 0.18675456941127777 0.25604164600372314
0.07214567065238953 0.3233950436115265 0.11186626553535461 0.345718115568161
0.14636197686195374 0.27208828926086426 0.22289001941680908 0.3070117235183716
0.3610418736934662 0.2604030668735504 0.6334654092788696 0.3547486364841461
0.13836769759655 0.3250638246536255 0.18969355523586273 0.3562690019607544
0.06905529648065567 0.27973130345344543 0.10686518996953964 0.30183127522468567
0.360944926738739 0.2609988749027252 0.6326872706413269 0.3556315004825592
0.2702135741710663 0.31412625312805176 0.3569588363170624 0.36490023136138916
0.4814170002937317 0.13446494936943054 0.6648791432380676 0.23365607857704163
0.19267916679382324 0.40796658396720886 0.27230414748191833 0.452244371175766
0.006920993328094482 0.029698342084884644 0.9369500875473022 0.8324850797653198
0.10545819997787476 0.3852384090423584 0.1882171332836151 0.4310723543167114
0.5336080193519592 0.4656224846839905 0.7705139517784119 0.5433475375175476
0.5315756797790527 0.46490344405174255 0.7686913013458252 0.5431503057479858
0.640953004360199 0.20502591133117676 0.8832219243049622 0.3095000982284546
0.24127377569675446 0.3142227828502655 0.3258824348449707 0.3634767234325409
0.0010009948164224625 0.30589205026626587 0.032739393413066864 0.3276597857475281
0.10663064569234848 0.3845710754394531 0.1892518699169159 0.4315031170845032
0.000772794708609581 0.3062247335910797 0.03316797316074371 0.32737037539482117
0.24127377569675446 0.3142227828502655 0.3258824348449707 0.3634767234325409
0.4814170002937317 0.13446494936943054 0.6648791432380676 0.23365607857704163
0.186887726187706 0.4065020978450775 0.2729090452194214 0.4523473083972931
0.1312621533870697 0.20363441109657288 0.20011982321739197 0.2573588490486145
0.48212718963623047 0.13574834167957306 0.6636343002319336 0.23180817067623138
