0.654384434223175 0.20034927129745483 0.908607542514801 0.30445361137390137
0.32265421748161316 0.451414555311203 0.42916521430015564 0.49977871775627136
0.5185422897338867 0.10583599656820297 0.7242486476898193 0.22318285703659058
0.16314983367919922 0.2677212059497833 0.24458229541778564 0.30691424012184143
0.13119745254516602 0.20889748632907867 0.1890256702899933 0.25597327947616577
0.0829889103770256 0.32399141788482666 0.1266893595457077 0.3495720624923706
0.08030012249946594 0.27886608242988586 0.11941348016262054 0.30170753598213196
0.15448039770126343 0.3269476890563965 0.21046090126037598 0.3584288954734802
0.366110622882843 0.26030871272087097 0.6426300406455994 0.3548368513584137
0.366110622882843 0.26030871272087097 0.6426300406455994 0.3548368513584137
0.12023161351680756 0.3886744976043701 0.20046047866344452 0.4374191164970398
0.19699174165725708 0.41049128770828247 0.2900357246398926 0.457409143447876
0.009163767099380493 0.028647392988204956 0.8740824460983276 0.8286157846450806
0.26540184020996094 0.3136867582798004 0.37430888414382935 0.36411258578300476
0.2527986764907837 0.3115420639514923 0.35663682222366333 0.3633172810077667
0.5367356538772583 0.46593335270881653 0.7763500213623047 0.5430276989936829
0.5339274406433105 0.4651848375797272 0.775792121887207 0.5434938073158264
0.1235581785440445 0.3889119029045105 0.20240677893161774 0.4368276000022888
0.005765996873378754 0.3074657618999481 0.0392073318362236 0.3291374742984772
0.015333850868046284 0.2846170663833618 0.04018865525722504 0.30215317010879517
0.3125649690628052 0.31475454568862915 0.3759486675262451 0.3637080192565918
0.1962246298789978 0.4123586416244507 0.28965866565704346 0.4572291970252991
0.00034967996180057526 0.3028315603733063 0.03991062194108963 0.32782360911369324
0.007921487092971802 0.15160197019577026 0.3773215711116791 0.4693085551261902
