0.673333466053009 0.1957750767469406 0.9375656247138977 0.30345040559768677
0.33487164974212646 0.4534083902835846 0.44316548109054565 0.5019463300704956
0.12886203825473785 0.22038477659225464 0.1862783581018448 0.2558163106441498
0.17066314816474915 0.32784172892570496 0.2319936454296112 0.3610682785511017
0.09736455976963043 0.3253975808620453 0.14339672029018402 0.35092058777809143
0.3725959062576294 0.2556461989879608 0.6529291868209839 0.3524291217327118
0.5534542202949524 0.07995876669883728 0.7768445611000061 0.20532706379890442
0.09049303084611893 0.27768874168395996 0.1330825239419937 0.3024975061416626
0.1801479458808899 0.26304328441619873 0.26872411370277405 0.30475282669067383
0.5419392585754395 0.46718940138816833 0.7812669277191162 0.5452917218208313
0.2043374627828598 0.4160098135471344 0.302802711725235 0.4624030888080597
0.1286740005016327 0.3915032744407654 0.21283727884292603 0.44192183017730713
0.3725959062576294 0.2556461989879608 0.6529291868209839 0.3524291217327118
0.011707454919815063 0.03021293878555298 0.9127844572067261 0.8053715825080872
0.5422382354736328 0.46587976813316345 0.7821871042251587 0.544945478439331
0.2048749476671219 0.41568395495414734 0.30281123518943787 0.4619269073009491
0.260638952255249 0.3081604540348053 0.35482102632522583 0.3639011085033417
0.260638952255249 0.3081604540348053 0.35482102632522583 0.3639011085033417
0.12798872590065002 0.39118969440460205 0.21348145604133606 0.4419071674346924
0.3391517400741577 0.3158687651157379 0.39228618144989014 0.36414000391960144
0.002709927037358284 0.30940163135528564 0.04742760211229324 0.3315104842185974
0.016603419557213783 0.2842930555343628 0.048020750284194946 0.30173248052597046
0.002709927037358284 0.30940163135528564 0.04742760211229324 0.3315104842185974
0.008335143327713013 0.15391600131988525 0.3844240605831146 0.47076040506362915
0.5543307065963745 0.08098810911178589 0.7751158475875854 0.2073119580745697
