0.3782917261123657 0.4556156098842621 0.5075876712799072 0.5116232633590698
0.17727242410182953 0.33064794540405273 0.2402411848306656 0.3640609383583069
0.12856701016426086 0.2216086983680725 0.18610215187072754 0.2558957040309906
0.4505743384361267 0.8632001280784607 0.5822424292564392 0.9666237235069275
0.08823941648006439 0.2792501151561737 0.12777145206928253 0.303900808095932
0.41722118854522705 0.22718900442123413 0.7429317235946655 0.3449198007583618
0.17911985516548157 0.260433167219162 0.24436026811599731 0.29777631163597107
0.26029258966445923 0.4306942820549011 0.3758513331413269 0.4856061339378357
0.04861780256032944 0.2797815501689911 0.07739222794771194 0.3024919927120209
0.301285982131958 0.2998739182949066 0.43419742584228516 0.36167243123054504
0.1596851348876953 0.40122857689857483 0.24888280034065247 0.45609280467033386
0.04505057632923126 0.3174045979976654 0.10319414734840393 0.3424675762653351
0.31726840138435364 0.19863760471343994 0.45872530341148376 0.27196621894836426
0.15926113724708557 0.4010528326034546 0.24961945414543152 0.45651495456695557
0.5583860874176025 0.4658847451210022 0.8085354566574097 0.5449933409690857
0.5573710203170776 0.46737873554229736 0.8094408512115479 0.5454505681991577
0.016678720712661743 0.025830090045928955 0.8741790056228638 0.8691877126693726
0.24372008442878723 0.32500964403152466 0.3183920085430145 0.3636866807937622
0.31599435210227966 0.201449453830719 0.4564169943332672 0.2713950276374817
0.26005518436431885 0.43101662397384644 0.3752158284187317 0.48468875885009766
0.9325813055038452 0.00047132186591625214 0.9996882677078247 0.05514106899499893
0.42337846755981445 0.22832922637462616 0.7505996227264404 0.344835489988327
0.301285982131958 0.2998739182949066 0.43419742584228516 0.36167243123054504
5.886424332857132e-05 0.30661600828170776 0.026704933494329453 0.3257536292076111
0.26572954654693604 0.2865627110004425 0.32457399368286133 0.30244341492652893
0.008486464619636536 0.1902635246515274 0.414053738117218 0.47619664669036865
0.025644592940807343 0.3167575001716614 0.04380682855844498 0.33358949422836304
