0.4282604157924652 0.45553842186927795 0.5747928619384766 0.515748918056488
0.4077405035495758 0.2616627514362335 0.6031179428100586 0.3490624725818634
0.28877365589141846 0.22816985845565796 0.3809134364128113 0.2807614803314209
0.20617033541202545 0.32896775007247925 0.27745214104652405 0.3660042881965637
0.12956584990024567 0.22103703022003174 0.18639425933361053 0.2559433579444885
0.28757086396217346 0.3188546597957611 0.37631508708000183 0.3634929358959198
0.495555579662323 0.08874782919883728 0.7261225581169128 0.21394318342208862
0.29429900646209717 0.43956226110458374 0.4207034707069397 0.497308611869812
0.1082237958908081 0.2758934497833252 0.1499837040901184 0.3025476336479187
0.1647120714187622 0.2749761939048767 0.22202950716018677 0.3073429465293884
0.1724553108215332 0.40587568283081055 0.2720789313316345 0.4633597135543823
0.5607114434242249 0.199720561504364 0.6562078595161438 0.24115896224975586
0.6508129835128784 0.07497807592153549 1.0 0.29257887601852417
0.6502037644386292 0.07511267811059952 1.0 0.2934272885322571
0.6774833798408508 0.4622054398059845 0.9958367943763733 0.5581729412078857
0.0864555686712265 0.3210892081260681 0.16909725964069366 0.3517807126045227
0.010584801435470581 0.09153583645820618 0.8655920028686523 0.8449817895889282
0.03187954053282738 0.31392306089401245 0.06895667314529419 0.3317338228225708
0.08655562996864319 0.3210424780845642 0.16984149813652039 0.3518581986427307
0.1724553108215332 0.40587568283081055 0.2720789313316345 0.4633597135543823
0.026363229379057884 0.28290989995002747 0.04815004765987396 0.29999199509620667
0.6502037644386292 0.07511267811059952 1.0 0.2934272885322571
0.056898631155490875 0.3225305676460266 0.09091899544000626 0.34229087829589844
0.495555579662323 0.08874782919883728 0.7261225581169128 0.21394318342208862
0.6774833798408508 0.4622054398059845 0.9958367943763733 0.5581729412078857
0.42860203981399536 0.4556504189968109 0.5741658806800842 0.5158284306526184
0.014890776947140694 0.31147006154060364 0.05970606952905655 0.33050206303596497
0.29429900646209717 0.43956226110458374 0.4207034707069397 0.497308611869812
0.4077405035495758 0.2616627514362335 0.6031179428100586 0.3490624725818634
