0.43753352761268616 0.4558258652687073 0.5890627503395081 0.5165284276008606
0.20873874425888062 0.3292572796344757 0.2798115015029907 0.36629363894462585
0.2952194809913635 0.31821179389953613 0.3837404251098633 0.36323392391204834
0.4194228947162628 0.25344544649124146 0.6287919878959656 0.34760749340057373
0.12956194579601288 0.22054129838943481 0.1865721195936203 0.25582200288772583
0.29803919792175293 0.22370612621307373 0.39678871631622314 0.27815115451812744
0.11489419639110565 0.27467188239097595 0.15583057701587677 0.30223509669303894
0.31338343024253845 0.4425855278968811 0.4259362518787384 0.4980185031890869
0.173029825091362 0.406537801027298 0.2741861045360565 0.4655732214450836
0.17253944277763367 0.2743973135948181 0.2301924228668213 0.3074803352355957
0.5154427289962769 0.07520797103643417 0.7547197341918945 0.21338674426078796
0.09044139832258224 0.3212008476257324 0.17419949173927307 0.3526432514190674
0.6968057155609131 0.05358285456895828 0.9989116191864014 0.28245073556900024
0.059752240777015686 0.3238999843597412 0.09353931248188019 0.34129393100738525
0.08964252471923828 0.3214433491230011 0.17409557104110718 0.35259488224983215
0.030935049057006836 0.3137844204902649 0.07175522297620773 0.3318406343460083
0.5161610841751099 0.0748169869184494 0.7541463375091553 0.2149984985589981
0.009006500244140625 0.09002992510795593 0.8488485813140869 0.8782933950424194
0.6968057155609131 0.05358285456895828 0.9989116191864014 0.28245073556900024
0.01607554405927658 0.31143975257873535 0.06390941888093948 0.3305577039718628
0.4378199875354767 0.45619916915893555 0.5882041454315186 0.5159309506416321
0.02688448503613472 0.28220218420028687 0.051360245794057846 0.3007166385650635
0.1743321269750595 0.40668514370918274 0.27325427532196045 0.4656774699687958
0.0060068098828196526 0.2821107506752014 0.023902732878923416 0.2973039746284485
0.7210119366645813 0.4639784097671509 0.9931185841560364 0.5570759773254395
