0.42095011472702026 0.2583528757095337 0.5654380321502686 0.32754260301589966
0.16206565499305725 0.32204797863960266 0.21801882982254028 0.35283133387565613
0.12850317358970642 0.22034096717834473 0.1875375509262085 0.25687646865844727
0.5648646354675293 0.4546404778957367 0.8109092712402344 0.5288141965866089
0.11070658266544342 0.31653258204460144 0.15620000660419464 0.34458717703819275
0.06124592572450638 0.3217340409755707 0.09901624172925949 0.34376367926597595
0.061036475002765656 0.3647465109825134 0.09633968025445938 0.38774657249450684
0.029961474239826202 0.34722331166267395 0.05781719088554382 0.3678395450115204
0.026976771652698517 0.3138679265975952 0.05353561043739319 0.3339247703552246
0.04012107476592064 0.2805863618850708 0.0868610292673111 0.303869366645813
0.0004528164863586426 0.0 0.9913817644119263 0.9629655480384827
0.01640736684203148 0.2862737774848938 0.0394202284514904 0.301750123500824
0.025024909526109695 0.270812451839447 0.0866086483001709 0.30496156215667725
