0.28498464822769165 0.30375584959983826 0.3769504427909851 0.35034140944480896
0.12814660370349884 0.22290882468223572 0.1863844245672226 0.257245808839798
0.07916072756052017 0.3151496946811676 0.11592226475477219 0.33923402428627014
0.4741749167442322 0.45567387342453003 0.6649587750434875 0.5239004492759705
0.11863837391138077 0.3230770528316498 0.16234871745109558 0.348287433385849
0.04251758009195328 0.3187705874443054 0.07375708222389221 0.33860456943511963
0.029555760324001312 0.27997449040412903 0.06661314517259598 0.3029033839702606
0.01758606731891632 0.34402093291282654 0.03947300836443901 0.35994020104408264
0.03694034367799759 0.3557674288749695 0.06983685493469238 0.3750898241996765
0.12809059023857117 0.20764000713825226 0.19461727142333984 0.25905564427375793
0.47669172286987305 0.4560701549053192 0.6639530658721924 0.5247281789779663
0.016411520540714264 0.31270280480384827 0.03444261848926544 0.3289940655231476
0.0 0.0 1.0 0.9692624807357788
