0.5660580396652222 0.056174322962760925 0.7809110879898071 0.18535073101520538
0.530656099319458 0.4511282742023468 0.7194656133651733 0.5255120992660522
0.5301951766014099 0.7786378860473633 0.7424795031547546 0.893431544303894
0.12877418100833893 0.22210478782653809 0.185913547873497 0.2559761106967926
0.5404645800590515 0.2591679096221924 0.74863201379776 0.34709495306015015
0.30923107266426086 0.3214304745197296 0.41578611731529236 0.3711395561695099
0.3014009892940521 0.24270008504390717 0.3896147310733795 0.29192593693733215
0.19548986852169037 0.26786595582962036 0.2629719376564026 0.30483394861221313
0.09572512656450272 0.27913567423820496 0.1353147327899933 0.30410853028297424
0.3747648596763611 0.4544815719127655 0.5440946817398071 0.5214577317237854
0.1979019045829773 0.42176353931427 0.33383333683013916 0.4860832095146179
0.0469541996717453 0.2796684205532074 0.08525340259075165 0.2990206778049469
0.029671821743249893 0.34843289852142334 0.05870015546679497 0.3682512640953064
0.025770312175154686 0.3129701614379883 0.05710902065038681 0.33232569694519043
0.011376112699508667 0.055158257484436035 0.768424391746521 0.8155527114868164
0.08720572292804718 0.32370638847351074 0.1282537281513214 0.34630924463272095
0.014204936102032661 0.33579742908477783 0.029072673991322517 0.35107988119125366
0.016871066763997078 0.28561580181121826 0.042616382241249084 0.30292779207229614
0.11186476051807404 0.32739031314849854 0.14347372949123383 0.35075128078460693
0.1976480334997177 0.42198482155799866 0.335269033908844 0.48607465624809265
0.06230703741312027 0.3188832700252533 0.10196448117494583 0.33988431096076965
0.36935141682624817 0.45197662711143494 0.49409475922584534 0.5127941370010376
0.5303698778152466 0.4515012800693512 0.7200850248336792 0.5262228846549988
0.1558247059583664 0.3245111405849457 0.2477150410413742 0.3597898781299591
0.1411542147397995 0.2901204824447632 0.17943577468395233 0.3010408282279968
0.3724308907985687 0.45462560653686523 0.45772239565849304 0.5052122473716736
