0.6589453220367432 0.00033792853355407715 0.9196252822875977 0.14361214637756348
0.35400646924972534 0.3115576505661011 0.4761367440223694 0.3678397536277771
0.5319110751152039 0.4518994987010956 0.7192830443382263 0.5253673195838928
0.7192009687423706 0.675591230392456 0.9981702566146851 0.8133925199508667
0.219167560338974 0.26326876878738403 0.29213854670524597 0.303436279296875
0.11315052211284637 0.2783982455730438 0.1578984409570694 0.30364730954170227
0.12965404987335205 0.21903328597545624 0.18840360641479492 0.2555670440196991
0.3438355028629303 0.22514113783836365 0.4330868422985077 0.2822607457637787
0.2110525667667389 0.4251657724380493 0.3565932810306549 0.4932519793510437
0.04193893074989319 0.3534752130508423 0.07376024127006531 0.37508463859558105
0.368732213973999 0.45541658997535706 0.5448617339134216 0.5216168165206909
0.6525932550430298 0.21809066832065582 0.9337482452392578 0.3308752477169037
0.03362283110618591 0.3135872483253479 0.06767093390226364 0.3334307074546814
0.06150318682193756 0.2784580588340759 0.10412444174289703 0.29905831813812256
0.3357841670513153 0.23544913530349731 0.4116915762424469 0.2874928116798401
0.005041658878326416 0.02477070689201355 0.8357217907905579 0.7996131181716919
0.02770189568400383 0.2843184471130371 0.056643906980752945 0.30296552181243896
0.09735254943370819 0.32419660687446594 0.14075587689876556 0.348631352186203
0.01707734912633896 0.33879944682121277 0.0396709144115448 0.3540482819080353
0.07169108837842941 0.32039666175842285 0.10933218151330948 0.34188342094421387
0.015274752862751484 0.31369534134864807 0.031183484941720963 0.32876917719841003
0.5316455960273743 0.4519904851913452 0.7197965979576111 0.5260326266288757
0.16344709694385529 0.2888387441635132 0.20380626618862152 0.3018038272857666
0.08003482222557068 0.3220604956150055 0.13376781344413757 0.34654560685157776
0.7192009687423706 0.675591230392456 0.9981702566146851 0.8133925199508667
0.12685328722000122 0.3280099928379059 0.15631002187728882 0.35168513655662537
0.16264432668685913 0.3252622187137604 0.2664184868335724 0.36044225096702576
0.6528193950653076 0.21839940547943115 0.9321789741516113 0.3319985270500183
0.1319246143102646 0.20450757443904877 0.1988440901041031 0.2562119662761688
0.06773301959037781 0.3203112483024597 0.09534536302089691 0.339407742023468
