0.500620424747467 0.26765313744544983 0.6869831681251526 0.3492991030216217
0.5304564237594604 0.4513836205005646 0.7189513444900513 0.5256545543670654
0.28221938014030457 0.23702527582645416 0.3797699511051178 0.2921396493911743
0.12870928645133972 0.22191122174263 0.18637657165527344 0.2558680772781372
0.07376287877559662 0.36658167839050293 0.11016550660133362 0.3912805914878845
0.1565820276737213 0.2718050181865692 0.21306008100509644 0.3040822446346283
0.09248058497905731 0.27554357051849365 0.14364488422870636 0.3006369471549988
0.4446603059768677 0.16023381054401398 0.5957297086715698 0.2536429762840271
0.1561792492866516 0.328910768032074 0.2007105052471161 0.35828161239624023
0.36317092180252075 0.45468372106552124 0.5451220273971558 0.5214323401451111
0.05488854646682739 0.28125497698783875 0.0885353833436966 0.3018212616443634
0.0019078552722930908 0.020099550485610962 0.9048587083816528 0.8268965482711792
0.19822373986244202 0.31880155205726624 0.3320210874080658 0.3646831810474396
0.19668075442314148 0.31853002309799194 0.332173615694046 0.3644760251045227
0.08632664382457733 0.321821391582489 0.12607167661190033 0.34499824047088623
0.25145068764686584 0.43172988295555115 0.38763704895973206 0.5049275755882263
0.024224208667874336 0.28600800037384033 0.052747294306755066 0.302520215511322
0.44623589515686035 0.16070297360420227 0.5965960025787354 0.25059205293655396
0.05056220293045044 0.31772181391716003 0.08050313591957092 0.33798453211784363
0.5300626754760742 0.45158299803733826 0.7196391820907593 0.5263702273368835
0.0373835414648056 0.34635183215141296 0.06207626312971115 0.3650696575641632
0.12444023787975311 0.3262977600097656 0.1647103875875473 0.3511524200439453
0.10206200927495956 0.3248295485973358 0.15527920424938202 0.35170242190361023
0.08684320747852325 0.3229482173919678 0.14143118262290955 0.3485543727874756
0.24486830830574036 0.4336323142051697 0.3879212439060211 0.5011712908744812
