0.4350398778915405 0.14756600558757782 0.5981000661849976 0.2451697438955307
0.5304694175720215 0.45220765471458435 0.7179571390151978 0.5253236293792725
0.15114443004131317 0.26725631952285767 0.22092168033123016 0.3000749349594116
0.12687000632286072 0.3862033188343048 0.17756322026252747 0.4190729558467865
0.7619712352752686 0.0 0.9990298748016357 0.1259128749370575
0.3047889471054077 0.2915126085281372 0.501713752746582 0.35848355293273926
0.1288347691297531 0.21864968538284302 0.18704046308994293 0.25592270493507385
0.2070675790309906 0.3325953483581543 0.26903754472732544 0.3660692572593689
0.23729459941387177 0.2562965750694275 0.3165748417377472 0.298459529876709
0.36751335859298706 0.45497727394104004 0.5441945791244507 0.5216755867004395
0.10490220785140991 0.2765265703201294 0.1486416757106781 0.30097073316574097
0.07690848410129547 0.36269184947013855 0.10463659465312958 0.3835584819316864
0.0642385333776474 0.2856282591819763 0.10263988375663757 0.30666667222976685
0.009098351001739502 0.030389249324798584 0.9262425899505615 0.8702365756034851
0.07473664730787277 0.3222198784351349 0.11441708356142044 0.3417825400829315
0.147414892911911 0.32818567752838135 0.21415090560913086 0.3563236594200134
0.3047889471054077 0.2915126085281372 0.501713752746582 0.35848355293273926
0.11745649576187134 0.3251998722553253 0.1633325219154358 0.3520476520061493
0.2491309493780136 0.4354484975337982 0.3928506374359131 0.5047555565834045
0.5302054286003113 0.45241302251815796 0.7187634110450745 0.5259397625923157
0.04107353091239929 0.3508714735507965 0.07397641241550446 0.37192729115486145
0.4001944661140442 0.9069737195968628 0.4638488292694092 0.9547533988952637
0.24576526880264282 0.4328286945819855 0.3980259895324707 0.5061042904853821
0.12882095575332642 0.308988094329834 0.17251914739608765 0.32254892587661743
0.5805524587631226 0.5541204810142517 0.6510131359100342 0.5989565253257751
0.13364815711975098 0.3268863558769226 0.19429287314414978 0.35518771409988403
0.0486413836479187 0.3170161843299866 0.08108624815940857 0.33755815029144287
0.002163155935704708 0.3079240918159485 0.029630541801452637 0.3246341347694397
0.3229537010192871 0.25069335103034973 0.377399742603302 0.26911917328834534
0.13062530755996704 0.20406189560890198 0.19870275259017944 0.2564385235309601
0.3752858340740204 0.45433107018470764 0.5348530411720276 0.522462010383606
