0.4150315225124359 0.7229476571083069 0.7803592681884766 0.995455801486969
0.5295858979225159 0.4519387185573578 0.7195805907249451 0.5260745286941528
0.6668920516967773 0.0 0.960323691368103 0.15540236234664917
0.33145615458488464 0.21627485752105713 0.4439304769039154 0.2811020612716675
0.2725502848625183 0.3283846974372864 0.35418248176574707 0.37230348587036133
0.15025053918361664 0.2683814465999603 0.20396704971790314 0.29904958605766296
0.1301945000886917 0.2084495574235916 0.18965385854244232 0.2572305202484131
0.16926629841327667 0.402023583650589 0.2280423492193222 0.43961724638938904
0.21902579069137573 0.25437334179878235 0.30955469608306885 0.2943588197231293
0.10456632822751999 0.2842302918434143 0.1499153971672058 0.3095617890357971
0.024842048063874245 0.3070780634880066 0.05793964862823486 0.32443767786026
0.3673498034477234 0.45521050691604614 0.5444744825363159 0.5217828750610352
0.10520941019058228 0.3763706088066101 0.13979552686214447 0.4009915590286255
0.5016751885414124 0.19301553070545197 0.5744548439979553 0.21725459396839142
0.47581005096435547 0.2101658582687378 0.8058393001556396 0.3311070203781128
0.07283276319503784 0.3609740734100342 0.10508622229099274 0.38296711444854736
0.06593617051839828 0.31878650188446045 0.09816683083772659 0.339708149433136
0.20608727633953094 0.33128708600997925 0.25787588953971863 0.36266690492630005
0.47581005096435547 0.2101658582687378 0.8058393001556396 0.3311070203781128
0.4594729542732239 0.18989799916744232 0.5313689708709717 0.21610231697559357
0.10723686963319778 0.3253721296787262 0.1438508778810501 0.3479253947734833
0.019537359476089478 0.05179151892662048 0.79892897605896 0.7132008075714111
0.14043110609054565 0.3274330794811249 0.181471586227417 0.35622021555900574
0.017608176916837692 0.33719706535339355 0.041543710976839066 0.35581034421920776
0.6672338247299194 0.0 0.9602864980697632 0.15722136199474335
0.582895815372467 0.554440438747406 0.6523086428642273 0.595926821231842
0.007223471999168396 0.24765974283218384 0.2243286669254303 0.42612725496292114
0.4877324104309082 0.1895073503255844 0.5604602098464966 0.22017435729503632
0.5295858979225159 0.4519387185573578 0.7195805907249451 0.5260745286941528
0.279069185256958 0.43446534872055054 0.4016157388687134 0.5068878531455994
0.052879974246025085 0.3508524000644684 0.07929740846157074 0.3675229251384735
0.279069185256958 0.43446534872055054 0.4016157388687134 0.5068878531455994
0.2761959135532379 0.43462613224983215 0.3968551456928253 0.5049571394920349
0.10124728828668594 0.3236449062824249 0.13350382447242737 0.34697869420051575
0.16889160871505737 0.40215715765953064 0.22819212079048157 0.43999621272087097
0.16520588099956512 0.3305746614933014 0.24323303997516632 0.361240953207016
0.4768353998661041 0.21008585393428802 0.8052711486816406 0.33071038126945496
