0.5304200649261475 0.45180466771125793 0.7168992757797241 0.5253163576126099
0.3716862201690674 0.1949516087770462 0.49242836236953735 0.25919798016548157
0.128342866897583 0.21782910823822021 0.1863117218017578 0.255704402923584
0.559634268283844 0.057135723531246185 0.7928659319877625 0.18146184086799622
0.3990740180015564 0.2795802056789398 0.5565491318702698 0.34769681096076965
0.06990153342485428 0.3361407220363617 0.10456884652376175 0.35812631249427795
0.17375469207763672 0.39896488189697266 0.2208162248134613 0.4308159351348877
0.40849173069000244 0.8942004442214966 0.5113365054130554 0.9720288515090942
0.19183340668678284 0.33105212450027466 0.2582841217517853 0.36680757999420166
0.3815803825855255 0.45582762360572815 0.5462349653244019 0.521236777305603
0.559634268283844 0.057135723531246185 0.7928659319877625 0.18146184086799622
0.21999479830265045 0.4198121726512909 0.286429762840271 0.4587841331958771
0.2610631287097931 0.3241318464279175 0.3751969039440155 0.36970019340515137
0.10160616040229797 0.3690509796142578 0.1450739949941635 0.3955414891242981
0.14219482243061066 0.3849373459815979 0.18259452283382416 0.41745322942733765
0.027340255677700043 0.34738805890083313 0.05685693770647049 0.36717018485069275
0.11711388826370239 0.32422196865081787 0.14705055952072144 0.34819406270980835
0.902300238609314 0.15973974764347076 0.9988013505935669 0.2800558805465698
0.19288752973079681 0.2631445825099945 0.2722756862640381 0.3001461327075958
0.009321659803390503 0.07586750388145447 0.8835059404373169 0.8900238275527954
0.2869243025779724 0.24440421164035797 0.38428473472595215 0.2943369448184967
0.14919865131378174 0.3300183415412903 0.19839701056480408 0.3598051071166992
0.4406059980392456 0.8954269886016846 0.5134422779083252 0.9392913579940796
0.2614006996154785 0.3245047628879547 0.373965322971344 0.36977705359458923
0.000901905819773674 0.3044045865535736 0.04387222230434418 0.3313610255718231
0.5301093459129333 0.45184603333473206 0.7179450392723083 0.5259638428688049
0.28035619854927063 0.4363425076007843 0.3894599378108978 0.5053176879882812
0.22190767526626587 0.4194018244743347 0.29201412200927734 0.46271777153015137
0.011062756180763245 0.3318614661693573 0.036827005445957184 0.3536315858364105
0.13100893795490265 0.2041536569595337 0.2005103975534439 0.2572847902774811
0.28019383549690247 0.4350518584251404 0.3935542404651642 0.5062358975410461
0.3990740180015564 0.2795802056789398 0.5565491318702698 0.34769681096076965
0.40891537070274353 0.9169834852218628 0.4485596716403961 0.9726705551147461
0.2867144048213959 0.2436974048614502 0.3854711353778839 0.29423338174819946
