0.5311460494995117 0.4516335129737854 0.7177016735076904 0.5251065492630005
0.6640762686729431 0.7247242331504822 0.9416404366493225 0.8503052592277527
0.4577750563621521 0.14824795722961426 0.6108638644218445 0.23275765776634216
0.7532225847244263 0.00106743723154068 0.9990617036819458 0.10061141103506088
0.6125799417495728 0.17785891890525818 0.8855311870574951 0.29936423897743225
0.12881456315517426 0.21503008902072906 0.18821878731250763 0.2555544972419739
0.18009120225906372 0.40149158239364624 0.2268887460231781 0.4326499104499817
0.2369348108768463 0.33094072341918945 0.3177187144756317 0.3721175789833069
0.18032729625701904 0.33194389939308167 0.24079865217208862 0.36625728011131287
0.34030723571777344 0.30523136258125305 0.48661893606185913 0.36516210436820984
0.3701861798763275 0.4564172625541687 0.5469119548797607 0.5210933685302734
0.24813728034496307 0.2447853833436966 0.34597694873809814 0.2899087965488434
0.04601721465587616 0.35527005791664124 0.08107694983482361 0.3768288791179657
0.4447103440761566 0.8959882855415344 0.5163103342056274 0.9430732131004333
0.13705182075500488 0.325317919254303 0.18122068047523499 0.35275745391845703
0.09381407499313354 0.32331907749176025 0.13480503857135773 0.3467479348182678
0.14879947900772095 0.38854900002479553 0.19186890125274658 0.42237821221351624
0.22140316665172577 0.42031970620155334 0.28887367248535156 0.4602530300617218
0.11718510091304779 0.37187665700912476 0.15806938707828522 0.3994327783584595
0.33612871170043945 0.22161218523979187 0.4573206901550293 0.27913495898246765
0.33612871170043945 0.22161218523979187 0.4573206901550293 0.27913495898246765
0.6125799417495728 0.17785891890525818 0.8855311870574951 0.29936423897743225
0.010713726282119751 0.035660237073898315 0.917104959487915 0.8994431495666504
0.4073641300201416 0.8969603776931763 0.5211291909217834 0.9947390556335449
0.34030723571777344 0.30523136258125305 0.48661893606185913 0.36516210436820984
0.004614554345607758 0.30534541606903076 0.08719217777252197 0.3375978469848633
0.22257710993289948 0.419739693403244 0.29304248094558716 0.46483173966407776
0.3393837511539459 0.3057594299316406 0.4852008521556854 0.3653472065925598
0.5311575531959534 0.4518292248249054 0.7184962630271912 0.5258264541625977
0.2791847288608551 0.4334067106246948 0.40254852175712585 0.5065147876739502
0.11240853369235992 0.3716627359390259 0.1475670486688614 0.3963358998298645
0.00496353954076767 0.305664598941803 0.08803398907184601 0.33760398626327515
0.4064369797706604 0.9210571050643921 0.455005407333374 0.9751352071762085
0.00966867245733738 0.3360539674758911 0.053990840911865234 0.35905468463897705
0.13162264227867126 0.20317812263965607 0.2037586271762848 0.2567654252052307
0.33540594577789307 0.2215520441532135 0.4577353000640869 0.2797148525714874
0.2791847288608551 0.4334067106246948 0.40254852175712585 0.5065147876739502
