0.12795664370059967 0.22217035293579102 0.18557699024677277 0.25565555691719055
0.532116711139679 0.10696840286254883 0.7509880661964417 0.22587627172470093
0.43761304020881653 0.2834480404853821 0.6004108190536499 0.3612581491470337
0.15482503175735474 0.2747621238231659 0.2060292661190033 0.3051786720752716
0.1777326762676239 0.4011598825454712 0.22543981671333313 0.4320499300956726
0.1994970291852951 0.32935261726379395 0.2580580413341522 0.3612433075904846
0.28649821877479553 0.3211444020271301 0.37187591195106506 0.36103302240371704
0.34988024830818176 0.20253905653953552 0.48638638854026794 0.2658946216106415
0.23979364335536957 0.4264776110649109 0.31390124559402466 0.4720380902290344
0.28886228799819946 0.444304883480072 0.48396438360214233 0.5178623199462891
0.7942776083946228 0.13128021359443665 0.9984539151191711 0.2838044762611389
0.7936639189720154 0.12638795375823975 0.999596893787384 0.28366798162460327
0.14858916401863098 0.3889824151992798 0.1937624216079712 0.42040055990219116
0.013584047555923462 0.04074907302856445 0.8989932537078857 0.7838239669799805
0.05397360771894455 0.35761818289756775 0.08798550814390182 0.38070544600486755
0.1228903979063034 0.3739604651927948 0.1614631563425064 0.40218058228492737
0.5169571042060852 0.45823433995246887 0.7746536135673523 0.5437220931053162
0.28946369886398315 0.4443666934967041 0.4713982343673706 0.5184183716773987
0.09686422348022461 0.3711184859275818 0.1315711885690689 0.3975238800048828
0.5169571042060852 0.45823433995246887 0.7746536135673523 0.5437220931053162
0.005140567198395729 0.33551672101020813 0.03356204181909561 0.35552969574928284
0.5309650897979736 0.10698749125003815 0.7497377395629883 0.22499458491802216
0.009444769471883774 0.28177350759506226 0.04634073004126549 0.3030403256416321
0.11368296295404434 0.37293803691864014 0.15333537757396698 0.4004497528076172
0.04959796741604805 0.31128379702568054 0.16165560483932495 0.3542703688144684
0.5169571042060852 0.45823433995246887 0.7746536135673523 0.5437220931053162
0.43699949979782104 0.28403860330581665 0.598379909992218 0.35646694898605347
0.02306404709815979 0.05580949783325195 0.7878302335739136 0.5493518710136414
0.04422863572835922 0.3108097016811371 0.14322608709335327 0.3520287573337555
0.017270341515541077 0.1996113508939743 0.4172215461730957 0.5094912648200989
0.35060739517211914 0.20233981311321259 0.4871382713317871 0.26506274938583374
0.23979364335536957 0.4264776110649109 0.31390124559402466 0.4720380902290344
