0.4481540620326996 0.2777024805545807 0.5928201079368591 0.344863623380661
0.12790486216545105 0.2224661111831665 0.18558600544929504 0.2559489607810974
0.7969585657119751 0.14124879240989685 0.9995179176330566 0.28617990016937256
0.23822687566280365 0.25431469082832336 0.30974486470222473 0.2962587773799896
0.2804834246635437 0.43878501653671265 0.36976897716522217 0.48545050621032715
0.1893051266670227 0.40328720211982727 0.23778018355369568 0.4374021589756012
0.4688343405723572 0.44586265087127686 0.6533569693565369 0.5377931594848633
0.2642187178134918 0.3185695707798004 0.34763774275779724 0.360621839761734
0.41451653838157654 0.16800853610038757 0.5812641978263855 0.2491658627986908
0.147197887301445 0.3889821469783783 0.1948913186788559 0.4200161397457123
0.6795198321342468 0.005736641585826874 0.9828415513038635 0.16747674345970154
0.14040078222751617 0.32067441940307617 0.20193727314472198 0.3646184206008911
0.028263241052627563 0.2753666043281555 0.08007007092237473 0.30496352910995483
0.01737453229725361 0.34158197045326233 0.05042383819818497 0.361573725938797
0.005669593811035156 0.03597027063369751 0.8916451930999756 0.8523879051208496
0.4688343405723572 0.44586265087127686 0.6533569693565369 0.5377931594848633
0.12421119213104248 0.3757319748401642 0.16244280338287354 0.40319064259529114
0.6811068654060364 0.004013471305370331 0.9856184124946594 0.16589289903640747
0.4135170578956604 0.1677417755126953 0.5812252759933472 0.24930748343467712
0.6795198321342468 0.005736641585826874 0.9828415513038635 0.16747674345970154
0.060646019876003265 0.36077237129211426 0.10814977437257767 0.381636381149292
0.10835246741771698 0.3163827061653137 0.2000727504491806 0.3626410961151123
0.09408114105463028 0.37167152762413025 0.1305375099182129 0.3978177011013031
0.014311455190181732 0.31145578622817993 0.06651419401168823 0.3296319246292114
0.06355291604995728 0.31305161118507385 0.16088268160820007 0.3577795922756195
0.028339935466647148 0.27593258023262024 0.080201655626297 0.3044942319393158
0.4135170578956604 0.1677417755126953 0.5812252759933472 0.24930748343467712
0.11027555167675018 0.37361761927604675 0.15673281252384186 0.40049800276756287
0.09927859902381897 0.37216001749038696 0.14360199868679047 0.3995845913887024
