0.12772831320762634 0.220933735370636 0.1857072114944458 0.25610771775245667
0.30342066287994385 0.4439595341682434 0.4020437002182007 0.4944397807121277
0.545735776424408 0.23590326309204102 0.7444233298301697 0.3255906105041504
0.1966833472251892 0.40766310691833496 0.2490958869457245 0.4423620104789734
0.3019729256629944 0.31370049715042114 0.39787572622299194 0.36064785718917847
0.2594746947288513 0.24419476091861725 0.3466801047325134 0.2919762432575226
0.5460825562477112 0.43567895889282227 0.7568216919898987 0.5414984226226807
0.44679689407348633 0.152762770652771 0.6291698217391968 0.23807328939437866
0.03846766799688339 0.2782195210456848 0.09349364787340164 0.30607283115386963
0.15077582001686096 0.3894297480583191 0.19767174124717712 0.41975855827331543
0.7481359839439392 0.00043777376413345337 0.9994555115699768 0.13466164469718933
0.023560404777526855 0.34308621287345886 0.05780595541000366 0.36495545506477356
0.0 0.02090209722518921 0.9288407564163208 0.8965065479278564
0.44679689407348633 0.152762770652771 0.6291698217391968 0.23807328939437866
0.15920200943946838 0.32031506299972534 0.22281154990196228 0.36763936281204224
0.5460825562477112 0.43567895889282227 0.7568216919898987 0.5414984226226807
0.749743640422821 0.0 0.999148428440094 0.13542136549949646
0.12836842238903046 0.3760449290275574 0.16220025718212128 0.4008026123046875
0.7481359839439392 0.00043777376413345337 0.9994555115699768 0.13466164469718933
0.014961546286940575 0.31204715371131897 0.04040076583623886 0.32842084765434265
0.07519800961017609 0.31324324011802673 0.18080951273441315 0.35949817299842834
0.023508107289671898 0.31230849027633667 0.07385367155075073 0.3309008479118347
0.09565643221139908 0.37163400650024414 0.1321089118719101 0.39799588918685913
0.10746723413467407 0.3725934624671936 0.15385428071022034 0.3995714783668518
0.06986846029758453 0.3610355854034424 0.1110621988773346 0.3817409873008728
0.0740010142326355 0.3128527104854584 0.18143537640571594 0.3596787750720978
