0.5585030317306519 0.19587025046348572 0.7555357217788696 0.2970079779624939
0.13444378972053528 0.39426711201667786 0.18730613589286804 0.4279197156429291
0.1636224240064621 0.326925128698349 0.2155502289533615 0.3573159873485565
0.2203531265258789 0.4272070527076721 0.301338255405426 0.46759992837905884
0.08231770992279053 0.2829799950122833 0.11588628590106964 0.3046073019504547
0.12926889955997467 0.21928077936172485 0.1884869486093521 0.2563701868057251
0.043251268565654755 0.35559263825416565 0.07388690114021301 0.375556081533432
0.1538686901330948 0.2674212157726288 0.23251564800739288 0.30776116251945496
0.2785550355911255 0.311723530292511 0.3521954417228699 0.35499072074890137
0.04531572759151459 0.2815287411212921 0.07366842031478882 0.30204883217811584
0.037462156265974045 0.3201720118522644 0.06606118381023407 0.33716875314712524
0.060083966702222824 0.32455146312713623 0.09258805215358734 0.34145236015319824
0.008261053822934628 0.31288278102874756 0.03325236216187477 0.3286554217338562
0.003793735057115555 0.336246520280838 0.023286448791623116 0.3510268032550812
0.22012415528297424 0.42707642912864685 0.30219677090644836 0.46785029768943787
0.13209688663482666 0.20537686347961426 0.1998201608657837 0.25725477933883667
0.0 0.003085494041442871 0.9067755937576294 0.9199521541595459
