0.6130601167678833 0.8116068243980408 0.7393494844436646 0.9475391507148743
0.2606255114078522 0.6318959593772888 0.2984032928943634 0.6901553273200989
0.32919788360595703 0.6644690632820129 0.3865167498588562 0.7421432137489319
0.15053170919418335 0.564856767654419 0.18215566873550415 0.5985238552093506
0.15645615756511688 0.5700926780700684 0.18431754410266876 0.6032582521438599
0.22568924725055695 0.6055883765220642 0.2707918584346771 0.6639426350593567
0.743272066116333 0.6743970513343811 0.9939702749252319 0.7977314591407776
0.2346622794866562 0.6150346398353577 0.27478671073913574 0.6678490042686462
0.23268945515155792 0.6987653970718384 0.28957369923591614 0.7275403738021851
0.74116051197052 0.6745432615280151 0.9943404197692871 0.7966210842132568
