0.6127610206604004 0.8160671591758728 0.7375949621200562 0.9529330134391785
0.2606748938560486 0.6320477724075317 0.2983565926551819 0.6897802352905273
0.32933151721954346 0.6643373966217041 0.3865976333618164 0.7420207262039185
0.15061414241790771 0.5644456744194031 0.18197110295295715 0.5982444882392883
0.7003459334373474 0.6687310934066772 0.9328951239585876 0.7804259061813354
0.22565026581287384 0.605492115020752 0.2702798545360565 0.6637033224105835
0.15720677375793457 0.570071280002594 0.1844315528869629 0.6033894419670105
0.2346898317337036 0.6157135963439941 0.2738006114959717 0.6662260293960571
0.699701189994812 0.667594850063324 0.9323520660400391 0.7806033492088318
0.23164579272270203 0.6981109380722046 0.2882847487926483 0.7275885343551636
