0.6151653528213501 0.8102965354919434 0.7387429475784302 0.9472417831420898
0.260434091091156 0.6317214369773865 0.29913008213043213 0.6906711459159851
0.3290368914604187 0.6638144850730896 0.3868657946586609 0.7420887351036072
0.4965987205505371 0.5123207569122314 0.6110204458236694 0.6404666900634766
0.15114137530326843 0.5641719698905945 0.1808520257472992 0.5962908864021301
0.15825770795345306 0.5706098079681396 0.18466143310070038 0.605570912361145
0.23624075949192047 0.6152893304824829 0.2738882899284363 0.6678704023361206
0.2262551188468933 0.605836808681488 0.2702863812446594 0.6640309691429138
0.3436368703842163 0.5551890730857849 0.4018934965133667 0.5687760710716248
0.2265796959400177 0.6236391663551331 0.24987640976905823 0.6605071425437927
