0.613963782787323 0.8102779984474182 0.7381437420845032 0.9470949769020081
0.25977638363838196 0.631111741065979 0.29827681183815 0.6897112131118774
0.3294239938259125 0.6638317108154297 0.3867797553539276 0.7417547702789307
0.45298612117767334 0.20851708948612213 0.5351713299751282 0.32024532556533813
0.1497688889503479 0.5646229386329651 0.18361923098564148 0.601430356502533
0.2367859184741974 0.6148748397827148 0.2742662727832794 0.6664080619812012
0.22551241517066956 0.6072719097137451 0.2657126188278198 0.6594481468200684
0.4613247215747833 0.20839889347553253 0.5324987769126892 0.2844204902648926
0.7093111276626587 0.178702250123024 0.7446573972702026 0.20113234221935272
0.15802600979804993 0.5704225301742554 0.18566575646400452 0.6039011478424072
0.3275822699069977 0.5171480774879456 0.37363991141319275 0.5482487082481384
