0.6162415742874146 0.809822142124176 0.7382289171218872 0.9479532837867737
0.26019394397735596 0.6318086385726929 0.2991487979888916 0.6889138221740723
0.32942378520965576 0.6642588973045349 0.38688838481903076 0.7424860596656799
0.4540700316429138 0.19892644882202148 0.5322543978691101 0.30605071783065796
0.2386019229888916 0.6154439449310303 0.27428537607192993 0.6684361696243286
0.15932142734527588 0.5712997317314148 0.18544122576713562 0.6051216721534729
0.22514821588993073 0.607363224029541 0.26346132159233093 0.6595277786254883
0.15141849219799042 0.5645266771316528 0.1809137612581253 0.5979411602020264
0.3279438018798828 0.5172387957572937 0.37534111738204956 0.5487868189811707
0.22433699667453766 0.6167932748794556 0.25136256217956543 0.6604790687561035
