0.6160003542900085 0.809804379940033 0.7380782961845398 0.9478649497032166
0.2601522207260132 0.6318781971931458 0.2992435097694397 0.689026415348053
0.4556907117366791 0.16234633326530457 0.5428664684295654 0.27717405557632446
0.32944774627685547 0.6640663146972656 0.3866390585899353 0.7423261404037476
0.23835179209709167 0.61599200963974 0.2743436396121979 0.6701030135154724
0.15929684042930603 0.571121335029602 0.18537384271621704 0.6051630973815918
0.22469842433929443 0.6074932217597961 0.26328831911087036 0.6597101092338562
0.1511235237121582 0.5641326904296875 0.1805790662765503 0.5975441932678223
0.22400116920471191 0.6157424449920654 0.2517399191856384 0.6605709791183472
0.3277745842933655 0.5169260501861572 0.37508171796798706 0.548749566078186
0.2296438068151474 0.6958974599838257 0.28648847341537476 0.7277772426605225
