0.6155709028244019 0.8101222515106201 0.7386940717697144 0.9471055269241333
0.26067060232162476 0.6312510967254639 0.2998690605163574 0.6899765729904175
0.32990965247154236 0.6646167039871216 0.3867189586162567 0.7422671318054199
0.54229736328125 0.037432681769132614 0.7044700384140015 0.1444893330335617
0.16006341576576233 0.572102427482605 0.18595483899116516 0.6066142320632935
0.23941347002983093 0.6150118708610535 0.2736552655696869 0.6679280400276184
0.2256355881690979 0.6073681116104126 0.26227089762687683 0.6600056886672974
0.15155303478240967 0.5642827153205872 0.1789255440235138 0.5964687466621399
0.54229736328125 0.037432681769132614 0.7044700384140015 0.1444893330335617
0.29778334498405457 0.5588556528091431 0.35098835825920105 0.573523759841919
0.5740520358085632 0.8716003894805908 0.6194984316825867 0.8863955736160278
0.22643230855464935 0.6162406206130981 0.2520214319229126 0.6602435111999512
0.2566547989845276 0.6274401545524597 0.29158467054367065 0.6812474131584167
