0.6145641207695007 0.8102098107337952 0.7388841509819031 0.9465952515602112
0.26074203848838806 0.631284773349762 0.2998359501361847 0.6899570822715759
0.32988241314888 0.6646099090576172 0.3867866098880768 0.7422131299972534
0.2393488585948944 0.6151678562164307 0.2737872302532196 0.6679491996765137
0.16010785102844238 0.572155237197876 0.18593892455101013 0.6066974401473999
0.2258676141500473 0.6076950430870056 0.26213082671165466 0.6599512696266174
0.1515548974275589 0.5642237663269043 0.17884241044521332 0.5964257717132568
0.5542110204696655 0.030127283185720444 0.7230589389801025 0.13939771056175232
0.30430927872657776 0.5613030195236206 0.3542950451374054 0.5745340585708618
0.5520341396331787 0.031942956149578094 0.7430727481842041 0.1671503484249115
0.22622354328632355 0.6162628531455994 0.25193822383880615 0.6602403521537781
0.25640594959259033 0.6273899078369141 0.291523814201355 0.6810370683670044
