0.6166582703590393 0.8104367852210999 0.7384030222892761 0.9479212164878845
0.26070070266723633 0.6312806010246277 0.2998085021972656 0.6898543238639832
0.32990238070487976 0.664903461933136 0.38692232966423035 0.7422598004341125
0.5773277282714844 0.8311980366706848 0.6415228843688965 0.8551885485649109
0.2403474599123001 0.6161718964576721 0.27488797903060913 0.6695039868354797
0.16011475026607513 0.572418749332428 0.1859801560640335 0.6068488955497742
0.22619077563285828 0.6075307130813599 0.2620847225189209 0.6595926284790039
0.151781365275383 0.5644499659538269 0.17901544272899628 0.5962079167366028
0.3155841529369354 0.5624980926513672 0.3712722361087799 0.5762902498245239
0.2327338606119156 0.6100397109985352 0.27142059803009033 0.6627099514007568
0.5866838693618774 0.00748404860496521 0.778478741645813 0.19187037646770477
0.22582437098026276 0.6160671710968018 0.2518419325351715 0.6602667570114136
0.5874939560890198 0.001876790076494217 0.7728260159492493 0.12268726527690887
0.5866838693618774 0.00748404860496521 0.778478741645813 0.19187037646770477
