0.6166518330574036 0.8093745708465576 0.7390236258506775 0.9471540451049805
0.2610015869140625 0.6308715343475342 0.29958754777908325 0.6900449991226196
0.33021485805511475 0.6641401648521423 0.38662755489349365 0.7425691485404968
0.6022475361824036 0.788484513759613 0.6888763308525085 0.8142710328102112
0.2392260730266571 0.614689290523529 0.27405890822410583 0.6686357855796814
0.15987466275691986 0.5718741416931152 0.18602849543094635 0.6062887907028198
0.22575406730175018 0.6072921752929688 0.26268455386161804 0.6602143049240112
0.15263080596923828 0.5648866295814514 0.1796046793460846 0.5966702103614807
0.3349792957305908 0.5648589134216309 0.39353275299072266 0.5808490514755249
0.6754456758499146 0.0 0.8254473209381104 0.049901947379112244
0.22536417841911316 0.6149381995201111 0.25202348828315735 0.6606414914131165
0.7354630827903748 0.00038148462772369385 0.9378449320793152 0.09821779280900955
