0.6163238883018494 0.807697057723999 0.7389324307441711 0.9472562074661255
0.2609967291355133 0.630878746509552 0.29957082867622375 0.6900649666786194
0.3302275240421295 0.6640002131462097 0.3865887224674225 0.7426039576530457
0.6057254672050476 0.7855962514877319 0.6932457089424133 0.8097233772277832
0.23921319842338562 0.6148793697357178 0.274015873670578 0.6685705184936523
0.15987196564674377 0.5718513131141663 0.18608373403549194 0.6062657237052917
0.2258172333240509 0.6073729991912842 0.2627367079257965 0.6602280139923096
0.1527089923620224 0.564942479133606 0.1796250194311142 0.5967706441879272
0.3361181616783142 0.5648564100265503 0.3996972441673279 0.5820207595825195
0.687501847743988 0.0002864040434360504 0.8110596537590027 0.039209455251693726
0.225386381149292 0.6151841282844543 0.2519938349723816 0.6606424450874329
