0.616481363773346 0.8081927299499512 0.7385498881340027 0.9477101564407349
0.26097649335861206 0.6308305263519287 0.29944467544555664 0.6898900270462036
0.33010923862457275 0.6642908453941345 0.3866133689880371 0.7423375248908997
0.5904516577720642 0.7990570068359375 0.6773436665534973 0.8221365213394165
0.2391456663608551 0.6143400073051453 0.2739892303943634 0.6685077548027039
0.15998567640781403 0.5721288919448853 0.18612955510616302 0.6075102090835571
0.22584010660648346 0.607291579246521 0.2629331648349762 0.6602222919464111
0.1524980366230011 0.5647832155227661 0.17947518825531006 0.5969259738922119
0.6565169095993042 0.0 0.8315776586532593 0.06631384789943695
0.32994183897972107 0.5645045042037964 0.3885336220264435 0.5801523923873901
0.2253868132829666 0.6153599619865417 0.2519100308418274 0.6606220602989197
