0.6161799430847168 0.8096058368682861 0.7380541563034058 0.9477592706680298
0.2608768045902252 0.6310442686080933 0.2994063198566437 0.6902433633804321
0.32991260290145874 0.6646297574043274 0.3871387839317322 0.7429623007774353
0.6765559911727905 0.7407721877098083 0.7706248760223389 0.7667866349220276
0.23908764123916626 0.6149667501449585 0.2741319537162781 0.6682865619659424
0.15988761186599731 0.5722513794898987 0.18599915504455566 0.6064885258674622
0.22622910141944885 0.6076220870018005 0.2622844874858856 0.6599922776222229
0.15229728817939758 0.5647342205047607 0.1791779100894928 0.5965784788131714
0.9772276878356934 0.8448744416236877 1.0 0.8808441758155823
0.2253057062625885 0.6150686740875244 0.25189682841300964 0.6604984998703003
