0.6160781383514404 0.8093874454498291 0.7383134365081787 0.9476488828659058
0.26090627908706665 0.6309777498245239 0.29944878816604614 0.6903731822967529
0.3298013210296631 0.6647700071334839 0.3870190382003784 0.7428584098815918
0.7029417157173157 0.7246840000152588 0.8042638897895813 0.7550418376922607
0.2389567494392395 0.6151484847068787 0.2742319703102112 0.6682414412498474
0.15986977517604828 0.5720978379249573 0.18595464527606964 0.6065544486045837
0.22635860741138458 0.6076332926750183 0.26270541548728943 0.6599273085594177
0.15231062471866608 0.5647079348564148 0.17949678003787994 0.5966394543647766
0.9794180393218994 0.8126278519630432 1.0 0.8507937788963318
0.22537310421466827 0.6151283979415894 0.2519248425960541 0.6604315042495728
