0.6153888702392578 0.8103622198104858 0.7384802103042603 0.9474822282791138
0.260662317276001 0.631341814994812 0.2994944453239441 0.6895591020584106
0.3298916816711426 0.6646345257759094 0.3867913484573364 0.7421899437904358
0.2391524314880371 0.6152823567390442 0.27401793003082275 0.6677984595298767
0.16010268032550812 0.5723217725753784 0.18604527413845062 0.6062809228897095
0.2254909873008728 0.607291042804718 0.2622077465057373 0.6600165963172913
0.1510588824748993 0.5638670325279236 0.17856743931770325 0.5954111218452454
0.7939638495445251 0.7030256390571594 0.901556670665741 0.7347533106803894
0.9482589364051819 0.7244265675544739 1.0 0.7475993037223816
0.22866633534431458 0.6964617371559143 0.28755345940589905 0.7277809977531433
