0.6155080795288086 0.8098546862602234 0.7384234666824341 0.9474779963493347
0.26097577810287476 0.6310409903526306 0.2993277907371521 0.6891118884086609
0.32991594076156616 0.6632656455039978 0.38657867908477783 0.7418397068977356
0.6817758083343506 0.6125602722167969 0.7796485424041748 0.6414884328842163
0.23796816170215607 0.6143190860748291 0.27340567111968994 0.6671396493911743
0.22600987553596497 0.607937753200531 0.2648319602012634 0.6607452034950256
0.15970037877559662 0.5708960294723511 0.18560127913951874 0.6044516563415527
0.15082527697086334 0.5641003251075745 0.17871342599391937 0.5956855416297913
0.7852418422698975 0.6013371348381042 0.8198349475860596 0.6540479063987732
0.5268020033836365 0.609760582447052 0.6220805048942566 0.6350354552268982
