0.615832507610321 0.8097516298294067 0.738402783870697 0.9476213455200195
0.260891318321228 0.631258487701416 0.29929596185684204 0.6891189813613892
0.32973265647888184 0.6648378968238831 0.3870084881782532 0.7420682311058044
0.6178461909294128 0.6297813653945923 0.7268081307411194 0.6574077606201172
0.23789450526237488 0.6143711805343628 0.2731967270374298 0.6666063070297241
0.2259504497051239 0.6078183650970459 0.2649921178817749 0.6605604887008667
0.16124093532562256 0.5710840225219727 0.18678748607635498 0.6070700883865356
0.5747441053390503 0.5948076844215393 0.6661823987960815 0.6183645129203796
0.15090958774089813 0.5638919472694397 0.17972369492053986 0.5964855551719666
0.153720885515213 0.5654564499855042 0.18465813994407654 0.6050638556480408
