0.6156865358352661 0.8102691769599915 0.7381386756896973 0.947655975818634
0.26030397415161133 0.6314483284950256 0.29946577548980713 0.689464271068573
0.3296998143196106 0.6642868518829346 0.38692158460617065 0.7421911954879761
0.23873615264892578 0.6143752336502075 0.2734472155570984 0.6671735048294067
0.5222302079200745 0.5819841623306274 0.6020389199256897 0.6081609725952148
0.1594800055027008 0.571473240852356 0.18577787280082703 0.6063128709793091
0.7170436978340149 0.6389337778091431 0.8396050333976746 0.6693552732467651
0.2267097383737564 0.6070271730422974 0.26420140266418457 0.6599783897399902
0.15269935131072998 0.5661154389381409 0.18068760633468628 0.5988327860832214
0.2269454002380371 0.6195808053016663 0.25149810314178467 0.6603417992591858
0.22987326979637146 0.6953005194664001 0.2840785086154938 0.7276356816291809
