0.19957058131694794 0.2672942280769348 0.26865851879119873 0.30392181873321533
0.3733353614807129 0.1981128454208374 0.48771315813064575 0.2663888931274414
0.22674506902694702 0.4338343143463135 0.2958441972732544 0.4778384566307068
0.23839989304542542 0.31941357254981995 0.3003039062023163 0.36027732491493225
0.376938134431839 0.296607106924057 0.48816701769828796 0.35054370760917664
0.1290416270494461 0.22088149189949036 0.18709899485111237 0.2570320665836334
0.10854505747556686 0.3225683271884918 0.15773366391658783 0.3479398190975189
0.027913521975278854 0.3118109703063965 0.05853406712412834 0.33261221647262573
0.1139872670173645 0.38515380024909973 0.156599223613739 0.41157886385917664
0.44047847390174866 0.4670335352420807 0.5996875762939453 0.5304490327835083
0.009701132774353027 0.0 0.9509887099266052 0.9626539945602417
0.22720393538475037 0.3266191780567169 0.26112839579582214 0.35711023211479187
0.020594477653503418 0.012476891279220581 0.7771260142326355 0.7186843156814575
0.11396758258342743 0.38512128591537476 0.15670959651470184 0.4118569493293762
0.23249170184135437 0.3175002336502075 0.2823716104030609 0.35806983709335327
