0.2829138934612274 0.3104279637336731 0.3701484501361847 0.3579540252685547
0.47105860710144043 0.14120090007781982 0.6281622648239136 0.2331617772579193
0.245323047041893 0.25597837567329407 0.32010936737060547 0.2970791757106781
0.13050979375839233 0.32299283146858215 0.18517398834228516 0.35100147128105164
0.26284611225128174 0.44504913687705994 0.342018723487854 0.4960116446018219
0.1359189748764038 0.3930792808532715 0.18381327390670776 0.4220188856124878
0.5008499622344971 0.25499963760375977 0.6512893438339233 0.3273642659187317
0.13006198406219482 0.21330536901950836 0.18871858716011047 0.25862783193588257
0.03759424760937691 0.31394994258880615 0.07144014537334442 0.3338245749473572
0.5234924554824829 0.4702654778957367 0.7235865592956543 0.5432121753692627
0.012373358011245728 0.02034798264503479 0.9013921022415161 0.8911342620849609
0.23882871866226196 0.26311028003692627 0.2914666533470154 0.2994815707206726
0.5234803557395935 0.47059252858161926 0.7233789563179016 0.5438212752342224
0.47105860710144043 0.14120090007781982 0.6281622648239136 0.2331617772579193
0.5014564394950867 0.2546679377555847 0.6549491286277771 0.3272528648376465
