0.6156243681907654 0.8100060820579529 0.7385219931602478 0.9477488398551941
0.26073598861694336 0.6312417387962341 0.29917556047439575 0.6893584132194519
0.33030229806900024 0.6641786694526672 0.38642418384552 0.7423915266990662
0.7840673327445984 0.0 0.9839579463005066 0.13678142428398132
0.23813848197460175 0.6146930456161499 0.2738479673862457 0.6676086187362671
0.22553566098213196 0.6072422862052917 0.2641175389289856 0.6603434681892395
0.15953771770000458 0.5719065070152283 0.18579097092151642 0.6053946614265442
0.15163451433181763 0.5641400814056396 0.1798226237297058 0.5951254367828369
0.22488120198249817 0.6149871945381165 0.2520989179611206 0.660424530506134
0.32929837703704834 0.5167849659919739 0.376304566860199 0.5484872460365295
0.17002567648887634 0.6993524432182312 0.2319568395614624 0.7339274287223816
