0.6159085035324097 0.809599757194519 0.7381367683410645 0.9479595422744751
0.2605745792388916 0.631202757358551 0.29966264963150024 0.6900357604026794
0.32992398738861084 0.664577305316925 0.38623225688934326 0.7422478795051575
0.7867669463157654 0.0 0.9691106677055359 0.14022508263587952
0.23939189314842224 0.61517333984375 0.2737227976322174 0.6678574085235596
0.22549307346343994 0.6072371006011963 0.2619800865650177 0.6598473787307739
0.16003857553005219 0.5708069205284119 0.18540717661380768 0.6062940955162048
0.15141063928604126 0.5640953183174133 0.1789412796497345 0.5961894392967224
0.7164649367332458 0.6532633900642395 0.834185779094696 0.6866788268089294
0.8691069483757019 0.10511238127946854 0.997710645198822 0.3398134410381317
0.22628875076770782 0.6157755255699158 0.2521780729293823 0.6601682305335999
0.22835388779640198 0.6947373151779175 0.2909638583660126 0.727739691734314
0.25632578134536743 0.6272984147071838 0.29222607612609863 0.681438148021698
