0.616331934928894 0.8088274002075195 0.7385756969451904 0.9479947090148926
0.2605591416358948 0.631284773349762 0.29935991764068604 0.6900040507316589
0.33001992106437683 0.6645292639732361 0.38731929659843445 0.7443119883537292
0.7772753238677979 0.0 0.9666495323181152 0.1393674612045288
0.23952263593673706 0.6152807474136353 0.27384042739868164 0.6683050394058228
0.5899369716644287 0.7209776639938354 0.6813044548034668 0.7462242841720581
0.22523503005504608 0.6070990562438965 0.2619403898715973 0.6595891714096069
0.1512913852930069 0.5643926858901978 0.17971424758434296 0.5958459377288818
0.15917597711086273 0.5710362792015076 0.18580807745456696 0.6045138239860535
0.22918462753295898 0.6953179836273193 0.2901928424835205 0.7276210784912109
