0.6162354946136475 0.807084858417511 0.7377771139144897 0.9478774666786194
0.2605147063732147 0.6310631036758423 0.2995162308216095 0.6899988651275635
0.33027389645576477 0.6638838052749634 0.38657787442207336 0.7421350479125977
0.7864269614219666 0.0 0.9658234715461731 0.14004038274288177
0.23937657475471497 0.6150648593902588 0.2739068567752838 0.6681069135665894
0.22535669803619385 0.6072705984115601 0.2623260021209717 0.6596403121948242
0.1508394181728363 0.5643162727355957 0.17984503507614136 0.5953457355499268
0.15883249044418335 0.5718094706535339 0.18559709191322327 0.6056639552116394
0.8705939054489136 0.09599938988685608 0.9980794191360474 0.33779945969581604
0.22592748701572418 0.6159345507621765 0.25198227167129517 0.6601100564002991
0.22858010232448578 0.6956270933151245 0.28948694467544556 0.7276620864868164
