0.6157795786857605 0.8103588223457336 0.7383150458335876 0.9475443959236145
0.26072219014167786 0.6313710808753967 0.2992572486400604 0.6895826458930969
0.33000418543815613 0.6649641990661621 0.3871426284313202 0.7417879104614258
0.7877519130706787 0.0 0.9595526456832886 0.1375989317893982
0.23866736888885498 0.6158236861228943 0.2738040089607239 0.6692067980766296
0.16044294834136963 0.5719255805015564 0.18557089567184448 0.6063053011894226
0.22619327902793884 0.6079963445663452 0.265282541513443 0.6600837707519531
0.1529180258512497 0.5659463405609131 0.18004418909549713 0.59803307056427
0.5818231105804443 0.8715486526489258 0.6193970441818237 0.8963886499404907
0.3558409810066223 0.8391216993331909 0.40335094928741455 0.8511017560958862
0.8797961473464966 0.0968565046787262 0.9974292516708374 0.34068048000335693
0.22545884549617767 0.6157269477844238 0.2522115707397461 0.6604501008987427
0.22980250418186188 0.6957622766494751 0.2900642156600952 0.7275872230529785
