0.6159393787384033 0.8100515604019165 0.7382146120071411 0.9481024742126465
0.260762482881546 0.6313586831092834 0.2992665469646454 0.6896970868110657
0.3300130069255829 0.664962649345398 0.38718751072883606 0.742124080657959
0.7872117757797241 0.0 0.9609131813049316 0.13861621916294098
0.23882131278514862 0.6159428954124451 0.27386248111724854 0.669431746006012
0.16039741039276123 0.5737817287445068 0.1869449019432068 0.6063481569290161
0.22597113251686096 0.6079468727111816 0.2650826573371887 0.6600685119628906
0.1509678214788437 0.5644031167030334 0.17863498628139496 0.5953869223594666
0.8789968490600586 0.09409056603908539 0.9979307651519775 0.3390465974807739
0.22545884549617767 0.6156826615333557 0.2522706985473633 0.660337507724762
