0.6190529465675354 0.8106451630592346 0.7384212613105774 0.947284996509552
0.2607295513153076 0.6313871145248413 0.29925692081451416 0.6895784139633179
0.3300328254699707 0.6649494767189026 0.38717687129974365 0.741814911365509
0.7878003716468811 0.0 0.9626089930534363 0.13776354491710663
0.23873859643936157 0.6158587336540222 0.27383899688720703 0.6692885756492615
0.160542830824852 0.5721723437309265 0.18563847243785858 0.6062720417976379
0.2261630743741989 0.6079766750335693 0.2652471661567688 0.6600836515426636
0.15228866040706635 0.5654446482658386 0.1795131415128708 0.5970348715782166
0.3558308780193329 0.8398776054382324 0.40394219756126404 0.8524265289306641
0.5805181264877319 0.8591897487640381 0.6275789737701416 0.8950426578521729
0.5812751054763794 0.8688287734985352 0.6199218034744263 0.8965928554534912
0.2255251705646515 0.6157694458961487 0.2522529065608978 0.6604251265525818
