0.6169276833534241 0.8101295828819275 0.7381901144981384 0.9474977850914001
0.26073989272117615 0.6313945651054382 0.29928919672966003 0.6896527409553528
0.7881165742874146 0.0 0.9617758989334106 0.13843472301959991
0.32997971773147583 0.664891242980957 0.38717561960220337 0.7419149875640869
0.23870912194252014 0.6159297823905945 0.2738628089427948 0.6693262457847595
0.1608349084854126 0.5729007124900818 0.18616828322410583 0.6066617369651794
0.22609367966651917 0.6081206202507019 0.2651022970676422 0.6600518822669983
0.15230336785316467 0.5649645328521729 0.17797774076461792 0.5972533226013184
0.3645989000797272 0.8233723044395447 0.4154032766819 0.8386383652687073
0.8792928457260132 0.09702284634113312 0.9976211786270142 0.33939266204833984
0.22523020207881927 0.6156892776489258 0.2522720992565155 0.6603593826293945
