0.12983575463294983 0.2080734670162201 0.18955489993095398 0.2573261857032776
0.06061457842588425 0.3213421106338501 0.10253620892763138 0.3427887558937073
0.04890376701951027 0.35618412494659424 0.07722607254981995 0.3770458698272705
0.027546677738428116 0.28341394662857056 0.04865935072302818 0.29969197511672974
0.7594765424728394 0.07743218541145325 0.9995603561401367 0.2507447898387909
0.040200360119342804 0.3170068562030792 0.07379751652479172 0.33728882670402527
0.7594765424728394 0.07743218541145325 0.9995603561401367 0.2507447898387909
0.002428845502436161 0.33484894037246704 0.024205099791288376 0.3504146933555603
0.0 0.0 1.0 0.9541550874710083
0.036421265453100204 0.31974372267723083 0.05460282042622566 0.33513739705085754
0.7594765424728394 0.07743218541145325 0.9995603561401367 0.2507447898387909
