0.12931352853775024 0.2060754895210266 0.18877312541007996 0.25670570135116577
0.15432536602020264 0.40184804797172546 0.21343207359313965 0.4363972246646881
0.11566045135259628 0.3234042525291443 0.16855907440185547 0.35090625286102295
0.09112849831581116 0.276133269071579 0.1351800262928009 0.3014509379863739
0.04930119961500168 0.3185322880744934 0.0824924185872078 0.34030282497406006
0.1694217473268509 0.3296160101890564 0.2436278611421585 0.36264705657958984
0.044612377882003784 0.3517295718193054 0.07719611376523972 0.37217479944229126
0.020268969237804413 0.3097767233848572 0.04531724005937576 0.328171968460083
0.01209618803113699 0.27997449040412903 0.03848995268344879 0.30122485756874084
0.0 0.0 1.0 0.9740724563598633
0.16876715421676636 0.3297818899154663 0.24298495054244995 0.3624149560928345
