0.13016170263290405 0.20646066963672638 0.18936151266098022 0.2563459575176239
0.12159724533557892 0.274042546749115 0.1725185066461563 0.3025912642478943
0.14733946323394775 0.322944313287735 0.20844879746437073 0.35558751225471497
0.19983261823654175 0.417257696390152 0.2685628831386566 0.4572843611240387
0.06960336118936539 0.3230873644351959 0.10686083883047104 0.34351399540901184
0.03482416272163391 0.3094005584716797 0.06348218768835068 0.3281927704811096
0.06228762865066528 0.35761526226997375 0.09787891805171967 0.3798542320728302
0.2187974452972412 0.3268352448940277 0.3093665838241577 0.3637857139110565
0.02027621679008007 0.2781880497932434 0.04874918609857559 0.30172014236450195
0.0 0.0 0.9970554709434509 0.9445050358772278
0.21641691029071808 0.32628196477890015 0.3109252452850342 0.36301422119140625
