0.5170122385025024 0.23200713098049164 0.6919684410095215 0.31848084926605225
0.33569586277008057 0.219692662358284 0.43949800729751587 0.2803192138671875
0.13239417970180511 0.20878779888153076 0.19020642340183258 0.25524431467056274
0.24350929260253906 0.4278048574924469 0.32494664192199707 0.4683009088039398
0.029608316719532013 0.3129608631134033 0.05545864254236221 0.33304446935653687
0.06264717131853104 0.35691261291503906 0.10113977640867233 0.38078010082244873
0.015608591958880424 0.34194228053092957 0.038769133388996124 0.3586592972278595
0.047666408121585846 0.26709482073783875 0.1726965606212616 0.3077678978443146
0.050270404666662216 0.2668127417564392 0.17205579578876495 0.3079630732536316
0.024533472955226898 0.2854565382003784 0.05189265310764313 0.3005675673484802
0.05321894958615303 0.26671358942985535 0.1736573427915573 0.3083389699459076
0.24317744374275208 0.4275374114513397 0.324810653924942 0.4686581790447235
