0.5787845253944397 0.04526226222515106 0.8207812905311584 0.18268851935863495
0.2059963345527649 0.2750777304172516 0.2730201482772827 0.3153894245624542
0.13100282847881317 0.2096567302942276 0.18809659779071808 0.2561560869216919
0.3060222566127777 0.305757611989975 0.4005996286869049 0.3535231649875641
0.611303985118866 0.16840076446533203 0.8638955950737 0.2895149886608124
0.19047138094902039 0.4090830087661743 0.2522280514240265 0.4446091651916504
0.029082991182804108 0.2691340446472168 0.13393151760101318 0.30669963359832764
0.0378480888903141 0.3472173511981964 0.0716811865568161 0.3673771917819977
0.02796873077750206 0.2685803771018982 0.13365447521209717 0.3063697814941406
0.015618564561009407 0.3110103905200958 0.03684030473232269 0.32894250750541687
0.6110025644302368 0.1676875501871109 0.8630133867263794 0.29011180996894836
0.19043639302253723 0.4088429808616638 0.25246915221214294 0.4447917342185974
0.002908826805651188 0.3347581923007965 0.023785054683685303 0.3510952293872833
