0.6352579593658447 0.03510887920856476 0.8726911544799805 0.1711328625679016
0.1289195567369461 0.2189934104681015 0.18661411106586456 0.2550314962863922
0.05024933069944382 0.31620824337005615 0.08123116940259933 0.33845144510269165
0.3069516718387604 0.4430723190307617 0.409078985452652 0.49256253242492676
0.09092288464307785 0.3697943687438965 0.13514167070388794 0.3982831835746765
0.029000548645853996 0.34603673219680786 0.057976916432380676 0.3666922450065613
0.07337600737810135 0.2616316080093384 0.22581899166107178 0.31051087379455566
0.021676862612366676 0.31554338335990906 0.03889332711696625 0.32920750975608826
0.04081016033887863 0.2827855050563812 0.0706201121211052 0.30032482743263245
0.09092288464307785 0.3697943687438965 0.13514167070388794 0.3982831835746765
0.07528264820575714 0.26195505261421204 0.22466488182544708 0.3102007806301117
0.023353956639766693 0.28456488251686096 0.03977655619382858 0.2969147264957428
0.0 0.025628209114074707 1.0 0.9682373404502869
