0.25729864835739136 0.3176308870315552 0.3340337872505188 0.35876673460006714
0.19094407558441162 0.32003283500671387 0.25543949007987976 0.35591769218444824
0.2872539460659027 0.44522708654403687 0.3867686688899994 0.49256497621536255
0.1400880515575409 0.39163199067115784 0.1966768503189087 0.42748668789863586
0.1637984812259674 0.2733372449874878 0.21786299347877502 0.3039790391921997
0.11615626513957977 0.3222763240337372 0.1611023098230362 0.34751418232917786
0.11352896690368652 0.279213011264801 0.15531519055366516 0.303791344165802
0.12908674776554108 0.21928460896015167 0.18789677321910858 0.25540998578071594
0.07162313163280487 0.36151400208473206 0.10555167496204376 0.3854893147945404
0.07608485221862793 0.31629857420921326 0.10752968490123749 0.339157372713089
0.364615797996521 0.0010670274496078491 0.9664688110351562 0.25251078605651855
0.038024161010980606 0.3474010229110718 0.0663348063826561 0.36708515882492065
0.012647137977182865 0.34251755475997925 0.03196898102760315 0.3582592010498047
0.03435296565294266 0.27962803840637207 0.07088440656661987 0.30176615715026855
0.04117975011467934 0.3161777853965759 0.06862181425094604 0.33352380990982056
0.01835605502128601 0.3126419186592102 0.037294723093509674 0.32878363132476807
0.35746046900749207 0.0021148547530174255 0.98713219165802 0.24807420372962952
0.1312476545572281 0.2037743479013443 0.19789867103099823 0.2563071548938751
0.00871170312166214 0.2237033247947693 0.21081161499023438 0.4100527763366699
