0.2923910319805145 0.054936788976192474 0.7223389148712158 0.28350257873535156
0.22131898999214172 0.42740124464035034 0.30358555912971497 0.4714221954345703
0.12325117737054825 0.2765347361564636 0.16719816625118256 0.3032578229904175
0.13062116503715515 0.2096782624721527 0.188662588596344 0.256539911031723
0.1800583451986313 0.3222654163837433 0.23504216969013214 0.35812637209892273
0.10718677192926407 0.37843209505081177 0.15457935631275177 0.40853697061538696
0.08262258023023605 0.27978354692459106 0.11831400543451309 0.3017408847808838
0.05065213888883591 0.353478342294693 0.08061733096837997 0.37452611327171326
0.13241200149059296 0.31894451379776 0.18536882102489471 0.34783101081848145
0.08513117581605911 0.31984567642211914 0.12045814841985703 0.3414255976676941
0.022028092294931412 0.34117424488067627 0.04911746457219124 0.35844671726226807
0.051878079771995544 0.31525999307632446 0.07969079911708832 0.33383846282958984
0.0271424800157547 0.3134908080101013 0.046411216259002686 0.32949602603912354
0.24094000458717346 0.19930638372898102 0.42073407769203186 0.29167893528938293
0.746113121509552 0.4571579396724701 0.9912031292915344 0.5525193214416504
0.011483749374747276 0.2833280563354492 0.04768495261669159 0.30106449127197266
0.02429927885532379 0.2831266522407532 0.04716196656227112 0.29955631494522095
0.00392790324985981 0.3363259732723236 0.02133324183523655 0.3510114252567291
