0.283768892288208 0.31170183420181274 0.3680714964866638 0.3589134216308594
0.12398183345794678 0.2789628207683563 0.16714343428611755 0.30459144711494446
0.30317702889442444 0.44575273990631104 0.41293027997016907 0.4974040389060974
0.14972202479839325 0.3957209587097168 0.20888082683086395 0.43219655752182007
0.2096165418624878 0.31966525316238403 0.2778796851634979 0.35601651668548584
0.17576807737350464 0.2707754969596863 0.23285698890686035 0.3035238981246948
0.405358225107193 0.0005725249648094177 0.9752945899963379 0.24233001470565796
0.12862375378608704 0.2199098914861679 0.1870601773262024 0.25550317764282227
0.1262596696615219 0.3219567537307739 0.1739053577184677 0.3492615222930908
0.07807834446430206 0.3640270233154297 0.11257678270339966 0.38772445917129517
0.0461590476334095 0.31641530990600586 0.07454285025596619 0.33541297912597656
0.08270388841629028 0.3168703317642212 0.11711142957210541 0.34010666608810425
0.042601995170116425 0.3483930230140686 0.07366073131561279 0.37004220485687256
0.014896634966135025 0.3430323004722595 0.03681107610464096 0.35917359590530396
0.04105844348669052 0.28061920404434204 0.07779494673013687 0.3025793433189392
0.405358225107193 0.0005725249648094177 0.9752945899963379 0.24233001470565796
0.020976480096578598 0.3134339451789856 0.04123659059405327 0.3304290175437927
0.13089945912361145 0.20416788756847382 0.19969302415847778 0.2556714117527008
0.027122920379042625 0.28207069635391235 0.06293585896492004 0.3028196096420288
0.0 0.0662727952003479 0.9163275361061096 0.942836582660675
0.6899372339248657 0.0 0.9985474348068237 0.12017719447612762
0.025747276842594147 0.28324273228645325 0.04881668835878372 0.302034467458725
