0.3064713776111603 0.30590924620628357 0.40923503041267395 0.3571624457836151
0.23077519237995148 0.31674760580062866 0.30529582500457764 0.3566707372665405
0.18920104205608368 0.2687150239944458 0.2484867423772812 0.30298787355422974
0.1602422595024109 0.39946043491363525 0.22187376022338867 0.4371095895767212
0.13445226848125458 0.2780766189098358 0.18033002316951752 0.3045194447040558
0.3198922276496887 0.4485008418560028 0.4370843172073364 0.5005877017974854
0.1287114918231964 0.21919602155685425 0.18709933757781982 0.25528642535209656
0.13944309949874878 0.32218313217163086 0.18784239888191223 0.35124528408050537
0.09341218322515488 0.31779396533966064 0.1270403265953064 0.34194278717041016
0.05230308696627617 0.31717434525489807 0.08176185935735703 0.33767470717430115
0.08487319946289062 0.36584198474884033 0.12044574320316315 0.39060914516448975
0.017339352518320084 0.3439638018608093 0.03983760252594948 0.36108243465423584
0.4667661488056183 0.0 0.9932289123535156 0.21784430742263794
0.049083925783634186 0.35101181268692017 0.07992909103631973 0.3728122115135193
0.0220484621822834 0.31261512637138367 0.04708758369088173 0.33235254883766174
0.03229659050703049 0.2814081907272339 0.06739688664674759 0.3030681014060974
0.04709296673536301 0.28056952357292175 0.08538708835840225 0.3025567829608917
0.13102446496486664 0.20446039736270905 0.1977384239435196 0.2545338571071625
0.319706529378891 0.4488190710544586 0.43666204810142517 0.49993571639060974
0.027403514832258224 0.2818899154663086 0.05655418708920479 0.30274319648742676
0.305410772562027 0.4473550021648407 0.3478113114833832 0.46666619181632996
0.4667661488056183 0.0 0.9932289123535156 0.21784430742263794
0.0 0.05341258645057678 0.9432322978973389 0.9367899894714355
0.006087876856327057 0.2388535737991333 0.22429773211479187 0.4240191578865051
