0.32050612568855286 0.23022568225860596 0.41613903641700745 0.2835272550582886
0.12824346125125885 0.22315388917922974 0.18594183027744293 0.25504228472709656
0.2210702896118164 0.3178221881389618 0.29675155878067017 0.3589920103549957
0.15293088555335999 0.27392148971557617 0.20681342482566833 0.30661332607269287
0.47273507714271545 0.14586016535758972 0.6242748498916626 0.22969219088554382
0.17002373933792114 0.3981686532497406 0.22923967242240906 0.43735072016716003
0.49266600608825684 0.4521867632865906 0.675413966178894 0.5218541622161865
0.29606765508651733 0.4443684220314026 0.39493656158447266 0.49279671907424927
0.38777393102645874 0.289417028427124 0.5119706988334656 0.34942591190338135
0.11248306930065155 0.37864238023757935 0.16026024520397186 0.4062970280647278
0.06104119122028351 0.35971716046333313 0.09376838803291321 0.3834567964076996
0.13366515934467316 0.3223017752170563 0.1870720237493515 0.3510434925556183
0.08714691549539566 0.32375648617744446 0.12208747118711472 0.3473357856273651
0.05002067983150482 0.31659212708473206 0.07971836626529694 0.3363315165042877
0.11428661644458771 0.2773403227329254 0.15028055012226105 0.30413928627967834
0.0031537115573883057 0.026555180549621582 0.9456319808959961 0.8829778432846069
0.009074680507183075 0.3432365953922272 0.03342725336551666 0.3588649332523346
0.0713728666305542 0.27794238924980164 0.10664032399654388 0.3034723103046417
0.028088904917240143 0.285165399312973 0.04859098047018051 0.3018733561038971
0.41475629806518555 0.7729861736297607 0.741226315498352 0.9380702972412109
0.49266600608825684 0.4521867632865906 0.675413966178894 0.5218541622161865
0.014714030548930168 0.31186509132385254 0.036510780453681946 0.32735103368759155
0.9572704434394836 0.09943832457065582 0.9998399615287781 0.2316254824399948
0.017383456230163574 0.05941450595855713 0.7720977663993835 0.681883692741394
0.47273507714271545 0.14586016535758972 0.6242748498916626 0.22969219088554382
0.010023646056652069 0.24237625300884247 0.2260327935218811 0.4326475262641907
0.4181522727012634 0.7739163637161255 0.7401185631752014 0.9417442083358765
0.38776445388793945 0.28888991475105286 0.5127792358398438 0.3488697111606598
