0.44254279136657715 0.2637689709663391 0.5960594415664673 0.34085386991500854
0.35844022035598755 0.4535785913467407 0.4912605285644531 0.5104817748069763
0.23160627484321594 0.42333245277404785 0.3045865595340729 0.4695535898208618
0.12787212431430817 0.22272157669067383 0.18583239614963531 0.25534293055534363
0.5597564578056335 0.44658058881759644 0.7789900898933411 0.5280947089195251
0.13144266605377197 0.2742845118045807 0.1775205433368683 0.30265381932258606
0.09787248075008392 0.3747642934322357 0.13922862708568573 0.4029844105243683
0.14751845598220825 0.3274865746498108 0.1987667977809906 0.35687220096588135
0.06177636608481407 0.28301095962524414 0.09805534780025482 0.3047252297401428
0.1637641191482544 0.3976781666278839 0.22195804119110107 0.431466668844223
0.18878144025802612 0.2651655375957489 0.25272202491760254 0.3019350469112396
0.25729405879974365 0.24075978994369507 0.35576295852661133 0.29282647371292114
0.4296581447124481 0.891834557056427 0.5417943596839905 0.9878097176551819
0.09632498025894165 0.3218950033187866 0.1420818567276001 0.34813082218170166
0.03751351684331894 0.3540576994419098 0.06498479843139648 0.3728584945201874
0.23763889074325562 0.3194860517978668 0.3128778338432312 0.36034658551216125
0.03895549848675728 0.3156393766403198 0.07113960385322571 0.33483755588531494
0.6766840219497681 0.027379922568798065 0.9119359254837036 0.16403505206108093
0.010760277509689331 0.025684356689453125 0.8916316032409668 0.8542116284370422
0.5597564578056335 0.44658058881759644 0.7789900898933411 0.5280947089195251
0.006768114864826202 0.3054937720298767 0.029874935746192932 0.32920002937316895
0.1640586107969284 0.39734140038490295 0.2220369130373001 0.4312954843044281
0.35844022035598755 0.4535785913467407 0.4912605285644531 0.5104817748069763
0.014370650053024292 0.039588332176208496 0.7463815212249756 0.6251806020736694
