0.2925264537334442 0.24140523374080658 0.38007089495658875 0.2898365557193756
0.42702555656433105 0.1691538244485855 0.5596842169761658 0.24679403007030487
0.1279182732105255 0.2230234444141388 0.18551239371299744 0.2552192509174347
0.47972622513771057 0.45137637853622437 0.6599470376968384 0.5237634778022766
0.3463863134384155 0.29844364523887634 0.45424729585647583 0.35394707322120667
0.7832463979721069 0.12206730991601944 0.9982208013534546 0.2631278932094574
0.20330190658569336 0.3201989531517029 0.271798312664032 0.35878199338912964
0.14048705995082855 0.27628132700920105 0.19184757769107819 0.3066091239452362
0.16199782490730286 0.39591050148010254 0.21764728426933289 0.43170255422592163
0.2827794849872589 0.44322893023490906 0.37746283411979675 0.4886040985584259
0.05903031677007675 0.358487069606781 0.08798068016767502 0.3817083239555359
0.12446781992912292 0.3224223852157593 0.17457523941993713 0.3496084213256836
0.10614429414272308 0.37600764632225037 0.1519027203321457 0.4030773937702179
0.040246181190013885 0.3152902126312256 0.07368527352809906 0.335283100605011
0.07817328721284866 0.32268399000167847 0.11336710304021835 0.3464272618293762
0.00792461633682251 0.030319780111312866 0.8440873622894287 0.8203601837158203
0.008316682651638985 0.34080076217651367 0.03064568154513836 0.3576018810272217
0.1038019061088562 0.2775259017944336 0.14390920102596283 0.30429214239120483
0.013331429101526737 0.3115887939929962 0.032258450984954834 0.3261081874370575
0.06353706121444702 0.2824766933917999 0.09621578454971313 0.30343326926231384
0.47972622513771057 0.45137637853622437 0.6599470376968384 0.5237634778022766
0.3843602240085602 0.7959961891174316 0.6929004192352295 0.9529478549957275
0.01904480904340744 0.2848064601421356 0.045253410935401917 0.3011586368083954
0.12833666801452637 0.27643218636512756 0.17659991979599 0.30692097544670105
0.10614429414272308 0.37600764632225037 0.1519027203321457 0.4030773937702179
0.3843602240085602 0.7959961891174316 0.6929004192352295 0.9529478549957275
0.38792335987091064 0.7974010705947876 0.6869505643844604 0.9533703327178955
