0.14970223605632782 0.39423277974128723 0.20114333927631378 0.42834970355033875
0.7902398109436035 0.6622962951660156 0.9989821910858154 0.7995172739028931
0.39355599880218506 0.1785321980714798 0.525393009185791 0.2554496228694916
0.12779036164283752 0.22216437757015228 0.18565809726715088 0.2552248537540436
0.6705893278121948 0.0 0.9973610639572144 0.1512862890958786
0.14063660800457 0.27734601497650146 0.1946561485528946 0.30549174547195435
0.5426238179206848 0.23134656250476837 0.752254068851471 0.32926231622695923
0.5271837115287781 0.7899606227874756 0.7103846669197083 0.9013782739639282
0.39709749817848206 0.4558317959308624 0.545184850692749 0.5165345668792725
0.29791051149368286 0.3180858790874481 0.38633787631988525 0.36368587613105774
0.24716666340827942 0.24960561096668243 0.32789602875709534 0.29667097330093384
0.07786612957715988 0.3705303370952606 0.1140824481844902 0.39297446608543396
0.19672875106334686 0.3246228098869324 0.2686561942100525 0.36100053787231445
0.5960546731948853 0.4469422399997711 0.8420383930206299 0.5314596891403198
0.2815867066383362 0.4447685778141022 0.37460941076278687 0.4923485815525055
0.09617308527231216 0.32485729455947876 0.14098960161209106 0.3491452932357788
0.03394356369972229 0.34740689396858215 0.06163908541202545 0.3683665096759796
0.014197319746017456 0.04059278964996338 0.8890280723571777 0.8829106688499451
0.21432200074195862 0.41725295782089233 0.28643760085105896 0.45962631702423096
0.5971011519432068 0.4471490979194641 0.8423395752906799 0.5322893857955933
0.031808920204639435 0.3109179437160492 0.0690421462059021 0.33731183409690857
0.21449577808380127 0.41722896695137024 0.28629130125045776 0.45919159054756165
0.0008230395615100861 0.3097807466983795 0.035120923072099686 0.33496108651161194
0.021977707743644714 0.3101891577243805 0.06262984871864319 0.33721837401390076
0.39355599880218506 0.1785321980714798 0.525393009185791 0.2554496228694916
0.7921805381774902 0.6585948467254639 1.0 0.801101803779602
0.5263704657554626 0.7894180417060852 0.7093175053596497 0.9005780816078186
0.5432118773460388 0.23281268775463104 0.750516951084137 0.32843178510665894
0.3960661292076111 0.45660072565078735 0.5426539182662964 0.5165942311286926
