0.4640446901321411 0.45834627747535706 0.5890718698501587 0.521531343460083
0.12826572358608246 0.22232919931411743 0.1859184354543686 0.25547677278518677
0.22609488666057587 0.331929475069046 0.2984415888786316 0.367055207490921
0.18728205561637878 0.40828120708465576 0.24895933270454407 0.4469953775405884
0.31608134508132935 0.22402378916740417 0.42132699489593506 0.28314098715782166
0.3008840084075928 0.4474446773529053 0.3987114429473877 0.49920302629470825
0.6074433326721191 0.04759373515844345 0.8593568801879883 0.1889631152153015
0.46918562054634094 0.26363781094551086 0.6428930759429932 0.34112170338630676
0.12875041365623474 0.390586793422699 0.17643091082572937 0.4188522696495056
0.0717499852180481 0.3637402355670929 0.10994245111942291 0.3888402283191681
0.24165663123130798 0.4264475405216217 0.3202679455280304 0.47064241766929626
0.04932086914777756 0.3167993128299713 0.0953010693192482 0.35040172934532166
0.6074433326721191 0.04759373515844345 0.8593568801879883 0.1889631152153015
0.015650048851966858 0.34454667568206787 0.05032452940940857 0.3651673197746277
0.01901078224182129 0.0529215931892395 0.8412581086158752 0.79703688621521
0.07405182719230652 0.31466296315193176 0.14668188989162445 0.35451099276542664
0.03396138548851013 0.30706971883773804 0.06900649517774582 0.3298569917678833
0.4248201549053192 0.4636452794075012 0.49735018610954285 0.5051959156990051
0.24165663123130798 0.4264475405216217 0.3202679455280304 0.47064241766929626
0.04932086914777756 0.3167993128299713 0.0953010693192482 0.35040172934532166
0.46918562054634094 0.26363781094551086 0.6428930759429932 0.34112170338630676
0.01280685979872942 0.3397146761417389 0.04326000064611435 0.3634306490421295
0.7884233593940735 0.43747586011886597 0.9996889233589172 0.535384476184845
0.46918562054634094 0.26363781094551086 0.6428930759429932 0.34112170338630676
0.07523229718208313 0.31566715240478516 0.14664171636104584 0.3571498990058899
