0.3452134132385254 0.4539538323879242 0.456195592880249 0.5096729397773743
0.2045070379972458 0.4152824282646179 0.27059778571128845 0.4578220844268799
0.12696093320846558 0.21873736381530762 0.18608522415161133 0.2555027902126312
0.5063538551330566 0.4586496651172638 0.7031543254852295 0.5304676294326782
0.04966580495238304 0.36107945442199707 0.0943104475736618 0.3827611804008484
0.11307307332754135 0.3207353949546814 0.15263289213180542 0.3488956689834595
0.11830143630504608 0.3821479082107544 0.1682770997285843 0.412527859210968
0.2559173107147217 0.43120574951171875 0.3396419882774353 0.4773505926132202
0.17304447293281555 0.3055962324142456 0.34097978472709656 0.36846470832824707
0.17707456648349762 0.40536898374557495 0.22145791351795197 0.43804413080215454
0.8379749655723572 0.13672733306884766 0.9996365904808044 0.27237436175346375
0.8379749655723572 0.13672733306884766 0.9996365904808044 0.27237436175346375
0.02122309058904648 0.33781036734580994 0.04859863966703415 0.35665932297706604
0.03694670647382736 0.3496774435043335 0.06760674715042114 0.3689269423484802
0.17304447293281555 0.3055962324142456 0.34097978472709656 0.36846470832824707
0.013168960809707642 0.015857070684432983 0.9512723684310913 0.8914709091186523
0.16495145857334137 0.4030255377292633 0.21414269506931305 0.4355308711528778
0.25590580701828003 0.43120646476745605 0.33976519107818604 0.4772370457649231
0.0020164651796221733 0.30814245343208313 0.02753680944442749 0.32704129815101624
0.5063538551330566 0.4586496651172638 0.7031543254852295 0.5304676294326782
