0.4115847945213318 0.4556763768196106 0.5462138056755066 0.5176528096199036
0.22010037302970886 0.3191070258617401 0.29048749804496765 0.3578704297542572
0.28328198194503784 0.4437081813812256 0.3736368417739868 0.4909778833389282
0.12869501113891602 0.22098462283611298 0.1867518424987793 0.25547516345977783
0.16156700253486633 0.39803609251976013 0.22464972734451294 0.4345661699771881
0.21510085463523865 0.41928449273109436 0.2846933901309967 0.4606033265590668
0.12046805024147034 0.320451021194458 0.18343722820281982 0.34966927766799927
0.10850399732589722 0.2772318422794342 0.15178871154785156 0.3026624023914337
0.028044722974300385 0.3421916961669922 0.06440778076648712 0.3657975196838379
0.10594341158866882 0.3848816752433777 0.1588648557662964 0.41404634714126587
0.04582976549863815 0.2827288508415222 0.08704525977373123 0.3050280809402466
0.06915142387151718 0.35909155011177063 0.10728133469820023 0.38231298327445984
0.09611761569976807 0.37372684478759766 0.13479505479335785 0.39917075634002686
0.09999299049377441 0.37783321738243103 0.14499275386333466 0.4107784926891327
0.029631685465574265 0.3094002604484558 0.05596431717276573 0.3268590569496155
0.012032806873321533 0.015112459659576416 0.9714385271072388 0.8979235887527466
0.017834074795246124 0.2837159335613251 0.041709110140800476 0.29876431822776794
0.00208079069852829 0.2328023612499237 0.19573622941970825 0.4181326925754547
0.13017629086971283 0.20388996601104736 0.198977991938591 0.2556847631931305
0.0052385954186320305 0.3029235005378723 0.025043386965990067 0.3234506845474243
