0.3048901855945587 0.44887882471084595 0.406698077917099 0.49993234872817993
0.3776457905769348 0.2863819897174835 0.4927159547805786 0.3435598313808441
0.16858932375907898 0.2718285322189331 0.23437708616256714 0.304972767829895
0.128155916929245 0.2213437557220459 0.18648460507392883 0.2554418742656708
0.17268601059913635 0.4023849368095398 0.23825380206108093 0.44170451164245605
0.5130309462547302 0.4661824703216553 0.6934835314750671 0.5406805276870728
0.19465738534927368 0.31709063053131104 0.28427037596702576 0.35730791091918945
0.08232323825359344 0.2812827229499817 0.13006065785884857 0.30778855085372925
0.05992177501320839 0.31023073196411133 0.08864470571279526 0.33107519149780273
0.11211980134248734 0.38614487648010254 0.1661210060119629 0.4166581630706787
0.2365855723619461 0.4293689727783203 0.30825358629226685 0.4691948890686035
0.03548875078558922 0.34470418095588684 0.0753827840089798 0.36868956685066223
0.10650257766246796 0.3820135295391083 0.15466304123401642 0.41417762637138367
0.011037647724151611 0.0168115496635437 0.8540565371513367 0.8290154337882996
0.07272310554981232 0.36189183592796326 0.11338256299495697 0.3865950405597687
0.0321083702147007 0.2757708430290222 0.06621210277080536 0.2983520030975342
0.02274678833782673 0.3096746504306793 0.04721114784479141 0.3276260793209076
0.09923890233039856 0.37517473101615906 0.13706551492214203 0.4004809558391571
0.005856908857822418 0.3357844948768616 0.025281045585870743 0.3513243794441223
0.2362438142299652 0.4295198917388916 0.30727723240852356 0.4691321849822998
0.10449147969484329 0.377901166677475 0.13861727714538574 0.4098621904850006
0.00940055213868618 0.30808693170547485 0.045815423130989075 0.32730185985565186
0.005292885005474091 0.25328272581100464 0.17588207125663757 0.41464823484420776
