0.24013210833072662 0.3163272738456726 0.31400877237319946 0.3574793338775635
0.4230600595474243 0.4574175477027893 0.5628612041473389 0.5197883248329163
0.28685954213142395 0.4444335997104645 0.3776714503765106 0.49173542857170105
0.12869922816753387 0.22096389532089233 0.18667413294315338 0.2555677592754364
0.11776256561279297 0.2771522104740143 0.162168949842453 0.3029201328754425
0.1670476347208023 0.39956793189048767 0.22668741643428802 0.4347274601459503
0.13008858263492584 0.32102328538894653 0.19722102582454681 0.35145020484924316
0.028371188789606094 0.3424452543258667 0.06578204035758972 0.365509033203125
0.21927818655967712 0.42282015085220337 0.2874375283718109 0.461813747882843
0.10531795024871826 0.3852323889732361 0.15978261828422546 0.41417109966278076
0.06944406777620316 0.35973313450813293 0.10833484679460526 0.38393184542655945
0.053045980632305145 0.2834799885749817 0.09163913875818253 0.30511271953582764
0.09695779532194138 0.37408947944641113 0.13535495102405548 0.397999107837677
0.10039480030536652 0.3784189224243164 0.14713943004608154 0.41143691539764404
0.02969880774617195 0.30877748131752014 0.060859207063913345 0.3265701234340668
0.010024935007095337 0.013070285320281982 0.9516445398330688 0.8958821296691895
0.2180972397327423 0.4217999279499054 0.2871096432209015 0.46128085255622864
0.024851830676198006 0.28313905000686646 0.04661204665899277 0.2985818386077881
0.012978699058294296 0.3065408170223236 0.028657279908657074 0.32309237122535706
0.1301068365573883 0.20398695766925812 0.19941651821136475 0.25564509630203247
