0.37178653478622437 0.45720234513282776 0.4938196539878845 0.5125952959060669
0.15731385350227356 0.27462977170944214 0.22671791911125183 0.3093934655189514
0.19223889708518982 0.40980494022369385 0.2617897689342499 0.45128941535949707
0.12824541330337524 0.2226581871509552 0.1866380274295807 0.2554856836795807
0.3433285057544708 0.20550446212291718 0.4672401249408722 0.27460363507270813
0.4164546728134155 0.26130610704421997 0.5933383703231812 0.3388546109199524
0.11305791139602661 0.31477874517440796 0.1546974778175354 0.3413759469985962
0.08064890652894974 0.2769247591495514 0.11362013965845108 0.29989388585090637
0.11986042559146881 0.3914123475551605 0.17880310118198395 0.42178043723106384
0.044849611818790436 0.34816011786460876 0.08678991347551346 0.37267836928367615
0.2794952392578125 0.44178953766822815 0.35484594106674194 0.4825892746448517
0.018563661724328995 0.3439304828643799 0.03940204903483391 0.35992252826690674
0.05101392790675163 0.31693199276924133 0.08515246212482452 0.33530160784721375
0.083741694688797 0.3639632761478424 0.11770008504390717 0.3909064829349518
0.016734838485717773 0.024762898683547974 0.8137861490249634 0.8217580318450928
0.10487458109855652 0.377598375082016 0.1415901482105255 0.4003852307796478
0.3574541211128235 0.05419469252228737 0.4394207000732422 0.07590056955814362
0.4164546728134155 0.26130610704421997 0.5933383703231812 0.3388546109199524
0.025079553946852684 0.31402066349983215 0.05677090585231781 0.33345702290534973
0.2725183367729187 0.44323214888572693 0.35237187147140503 0.48337027430534363
0.04791906476020813 0.2777344882488251 0.07979050278663635 0.29612866044044495
0.0044898465275764465 0.2516746520996094 0.17751479148864746 0.41595637798309326
0.4164546728134155 0.26130610704421997 0.5933383703231812 0.3388546109199524
0.19351890683174133 0.4109051525592804 0.26203715801239014 0.4504872262477875
