0.4281212091445923 0.4583286643028259 0.5714429020881653 0.518310546875
0.12834951281547546 0.22129595279693604 0.18634232878684998 0.25548508763313293
0.7539467811584473 0.0 1.0 0.11406931281089783
0.2167242467403412 0.41690653562545776 0.2920171320438385 0.4595281481742859
0.2579854428768158 0.24135398864746094 0.36332592368125916 0.2906646728515625
0.12273535132408142 0.2765693962574005 0.1643228530883789 0.3017304837703705
0.17863889038562775 0.31566640734672546 0.23938290774822235 0.35061946511268616
0.3151315748691559 0.44999611377716064 0.40366271138191223 0.4953005909919739
0.11395974457263947 0.38065046072006226 0.15012924373149872 0.4070804715156555
0.07742145657539368 0.2762882709503174 0.11454707384109497 0.2981024384498596
0.09057766199111938 0.3229837119579315 0.12583643198013306 0.34519949555397034
0.08553819358348846 0.36473825573921204 0.1205015778541565 0.389724999666214
0.047034136950969696 0.3185029625892639 0.09066412597894669 0.3408113718032837
0.12960757315158844 0.39644989371299744 0.19303490221500397 0.4290423095226288
0.025989752262830734 0.34634023904800415 0.050444889813661575 0.3663645386695862
0.39414915442466736 0.033075086772441864 0.4765479862689972 0.0543687641620636
0.019330322742462158 0.025883495807647705 0.8719367384910583 0.858765721321106
0.05207807943224907 0.35091376304626465 0.09320324659347534 0.3777450919151306
0.12960757315158844 0.39644989371299744 0.19303490221500397 0.4290423095226288
0.7516933083534241 0.0 1.0 0.11371929943561554
0.003579556941986084 0.24754320085048676 0.18520130217075348 0.4123297929763794
0.024007072672247887 0.31124356389045715 0.04730386286973953 0.32935938239097595
0.026423431932926178 0.3156002163887024 0.046500660479068756 0.33367013931274414
0.05212264508008957 0.35113027691841125 0.09312822669744492 0.3778226673603058
