0.12821336090564728 0.22122254967689514 0.18626977503299713 0.2556729316711426
0.19485661387443542 0.31558841466903687 0.25848388671875 0.3517826199531555
0.4372482895851135 0.45851171016693115 0.5850698351860046 0.5201402902603149
0.22373487055301666 0.4196833074092865 0.29795950651168823 0.4626951515674591
0.13193605840206146 0.27565839886665344 0.17494787275791168 0.3027738630771637
0.08451887965202332 0.27494576573371887 0.12176227569580078 0.2987307012081146
0.28444376587867737 0.22968298196792603 0.3999857008457184 0.28532761335372925
0.11359429359436035 0.380611777305603 0.15252861380577087 0.40888750553131104
0.34990155696868896 0.45334112644195557 0.41246700286865234 0.49562233686447144
0.1008090004324913 0.32453325390815735 0.1353827714920044 0.34755781292915344
0.08405700325965881 0.3653319180011749 0.12097576260566711 0.38982459902763367
0.05329466611146927 0.3517536520957947 0.09543860703706741 0.3785160779953003
0.313140332698822 0.45037952065467834 0.36426830291748047 0.48719164729118347
0.05408184230327606 0.3192291557788849 0.09634627401828766 0.34292516112327576
0.027898510918021202 0.34826549887657166 0.050625286996364594 0.36680224537849426
0.3998871445655823 0.030063999816775322 0.4806644320487976 0.051211126148700714
0.13153615593910217 0.39753443002700806 0.19494986534118652 0.429871141910553
0.13153615593910217 0.39753443002700806 0.19494986534118652 0.429871141910553
0.020058900117874146 0.014973163604736328 0.8812152147293091 0.8486214280128479
0.028177086263895035 0.3126542270183563 0.05002593621611595 0.33391687273979187
0.003293829970061779 0.3370143473148346 0.022162161767482758 0.3525525629520416
0.13382764160633087 0.30516985058784485 0.17781512439250946 0.32005074620246887
0.2847699224948883 0.229265496134758 0.40007707476615906 0.285735160112381
0.43776649236679077 0.4586568772792816 0.5812827944755554 0.5195876955986023
0.0027809515595436096 0.24568526446819305 0.1865670084953308 0.4161298871040344
0.43684515357017517 0.4623945951461792 0.5323514938354492 0.5127058029174805
