0.301529198884964 0.44139769673347473 0.40131518244743347 0.48926159739494324
0.41688910126686096 0.1672615259885788 0.5459253191947937 0.24205242097377777
0.12798652052879333 0.2210971713066101 0.1861969530582428 0.25570136308670044
0.24747368693351746 0.2454639971256256 0.3249818980693817 0.29127004742622375
0.30731314420700073 0.3112677037715912 0.3916483521461487 0.3608332574367523
0.4032822251319885 0.4606020748615265 0.5298312902450562 0.5145401358604431
0.5764281153678894 0.4602038264274597 0.786599338054657 0.537620484828949
0.1542052924633026 0.392878919839859 0.18630453944206238 0.4211965501308441
0.331875205039978 0.3105069696903229 0.40867555141448975 0.3567138612270355
0.12236060947179794 0.3247299790382385 0.17201560735702515 0.35319268703460693
0.09035223722457886 0.3191141188144684 0.12538833916187286 0.3426317870616913
0.185663104057312 0.4225144684314728 0.27013877034187317 0.4654729664325714
0.18287412822246552 0.3324238061904907 0.26910150051116943 0.36782991886138916
0.01978161931037903 0.04579934477806091 0.861176609992981 0.8886961936950684
0.02041197195649147 0.2801370322704315 0.06475687026977539 0.3019411861896515
0.03666243702173233 0.314442902803421 0.06795420497655869 0.3316222131252289
0.14134900271892548 0.39044189453125 0.18241561949253082 0.4203692078590393
0.11159534752368927 0.3779642879962921 0.15221770107746124 0.4058908522129059
0.18630430102348328 0.4226546883583069 0.2700061500072479 0.4658912420272827
0.40320146083831787 0.46011072397232056 0.5298832654953003 0.5148917436599731
0.07158414274454117 0.3596930503845215 0.11654921621084213 0.385498046875
0.18287412822246552 0.3324238061904907 0.26910150051116943 0.36782991886138916
0.02686775103211403 0.34745892882347107 0.05479045584797859 0.36571887135505676
0.05114584416151047 0.3600936830043793 0.07164768129587173 0.37607839703559875
0.575468897819519 0.4593455195426941 0.7897360324859619 0.538088858127594
0.01988166943192482 0.31195881962776184 0.03827185183763504 0.3283907473087311
0.10169253498315811 0.37604445219039917 0.14372365176677704 0.4044690728187561
