0.30925410985946655 0.4418841302394867 0.4136952757835388 0.4928710162639618
0.12826089560985565 0.2212298959493637 0.18629081547260284 0.2553330957889557
0.5937780141830444 0.45968449115753174 0.8197628259658813 0.5409101247787476
0.4098767042160034 0.280009388923645 0.5554731488227844 0.34718042612075806
0.46455278992652893 0.8631414771080017 0.5919259786605835 0.9622874855995178
0.5679563283920288 0.07271605730056763 0.7615898847579956 0.18501973152160645
0.15361709892749786 0.3242504298686981 0.21099673211574554 0.3571998178958893
0.32158416509628296 0.21539394557476044 0.42135024070739746 0.27446407079696655
0.4254595637321472 0.4622769057750702 0.5468780994415283 0.5156142711639404
0.23539064824581146 0.3262135088443756 0.33918145298957825 0.36923936009407043
0.10646051168441772 0.32276105880737305 0.1465511918067932 0.3485468029975891
0.16036206483840942 0.3968155086040497 0.1944362223148346 0.42543062567710876
0.010051608085632324 0.08612120151519775 0.7860325574874878 0.8146190643310547
0.05227203667163849 0.31625717878341675 0.0828847736120224 0.3339328169822693
0.1967860609292984 0.4260077476501465 0.2842232286930084 0.47124022245407104
0.0356801301240921 0.279302179813385 0.08551791310310364 0.30296647548675537
0.03136615827679634 0.34904834628105164 0.05831940099596977 0.36726251244544983
0.14617370069026947 0.3939597010612488 0.19190271198749542 0.4248594641685486
0.5689405798912048 0.07210870832204819 0.7624085545539856 0.1856454610824585
0.01846531219780445 0.311445027589798 0.05054600536823273 0.3303309381008148
0.12285725772380829 0.3814007341861725 0.15748189389705658 0.41079309582710266
0.19698259234428406 0.42615553736686707 0.28399232029914856 0.4709251821041107
0.07717036455869675 0.36175018548965454 0.12186975032091141 0.3875855803489685
0.10968800634145737 0.3795988857746124 0.14638003706932068 0.4068826735019684
0.4173382818698883 0.4633309543132782 0.4980282485485077 0.5110717415809631
0.0771602988243103 0.36079344153404236 0.1216399222612381 0.38666823506355286
0.4740624725818634 0.8612945079803467 0.5932939648628235 0.9634392261505127
0.4254595637321472 0.4622769057750702 0.5468780994415283 0.5156142711639404
0.057113029062747955 0.36082252860069275 0.07945159822702408 0.3810475766658783
0.03516018018126488 0.2794627249240875 0.08520530164241791 0.3028670847415924
0.32158416509628296 0.21539394557476044 0.42135024070739746 0.27446407079696655
