0.12854789197444916 0.22156764566898346 0.18745745718479156 0.25521746277809143
0.2006261944770813 0.3264240324497223 0.2692570984363556 0.36375877261161804
0.33858227729797363 0.4482828378677368 0.45099228620529175 0.4999426603317261
0.13070569932460785 0.2671158015727997 0.20744936168193817 0.30421194434165955
0.46378642320632935 0.4626201093196869 0.611638605594635 0.5237508416175842
0.3507242202758789 0.2913359999656677 0.4780881404876709 0.3507429361343384
0.643532931804657 0.17611372470855713 0.9847015738487244 0.3109675645828247
0.18297521770000458 0.4052879810333252 0.22004194557666779 0.43554121255874634
0.10283446311950684 0.32206761837005615 0.14450669288635254 0.34572893381118774
0.06202239915728569 0.3189295530319214 0.09440575540065765 0.3405998945236206
0.044537246227264404 0.35590699315071106 0.07624491304159164 0.37743547558784485
0.045383110642433167 0.28052741289138794 0.07541264593601227 0.3008275628089905
0.22398658096790314 0.43659982085227966 0.31992053985595703 0.4835013449192047
0.03629862517118454 0.31285932660102844 0.06443499028682709 0.33253762125968933
0.01592099666595459 0.004568755626678467 0.9745886325836182 0.8452596664428711
0.7616544961929321 0.4542294144630432 0.997025728225708 0.5586249232292175
0.2236553132534027 0.4367844760417938 0.3195904791355133 0.48333385586738586
0.16675589978694916 0.40229564905166626 0.21282856166362762 0.4345540404319763
0.6419307589530945 0.17740179598331451 0.9956235289573669 0.31186848878860474
0.017516355961561203 0.3435821831226349 0.040726300328969955 0.3592604696750641
0.16376623511314392 0.4000723659992218 0.19920286536216736 0.4322952330112457
0.46378642320632935 0.4626201093196869 0.611638605594635 0.5237508416175842
0.12721775472164154 0.3882617652416229 0.18047325313091278 0.4210396707057953
0.08655857294797897 0.36686280369758606 0.13874855637550354 0.3966456353664398
0.03111245110630989 0.34846261143684387 0.05850021168589592 0.36732175946235657
0.0017990367487072945 0.3078402280807495 0.024726249277591705 0.3254072666168213
0.08655857294797897 0.36686280369758606 0.13874855637550354 0.3966456353664398
0.2236553132534027 0.4367844760417938 0.3195904791355133 0.48333385586738586
0.006605669856071472 0.2536151707172394 0.21090376377105713 0.42354485392570496
