0.21523946523666382 0.32450175285339355 0.2880043387413025 0.3644537329673767
0.12859705090522766 0.22230829298496246 0.18643400073051453 0.2551876902580261
0.3431701064109802 0.4483194351196289 0.45570772886276245 0.500723123550415
0.3823336660861969 0.2810336649417877 0.5258783102035522 0.34676864743232727
0.47360149025917053 0.46253877878189087 0.6248578429222107 0.5237569212913513
0.1432073563337326 0.26377221941947937 0.2288597673177719 0.3050890862941742
0.05070992559194565 0.28141865134239197 0.08245233446359634 0.3011358678340912
0.10927204042673111 0.32242026925086975 0.1530478447675705 0.346403032541275
0.06562411040067673 0.3195111155509949 0.09958919137716293 0.34120410680770874
0.22558052837848663 0.43726369738578796 0.32232892513275146 0.48385027050971985
0.04720304533839226 0.3567503094673157 0.0786651223897934 0.378085732460022
0.17287635803222656 0.403916597366333 0.2211625874042511 0.4371137022972107
0.18911206722259521 0.40688297152519226 0.2217707633972168 0.4365009367465973
0.010727465152740479 0.03417396545410156 0.8922837376594543 0.8065187931060791
0.1307349056005478 0.3885316550731659 0.18163742125034332 0.42114517092704773
0.08817160874605179 0.3679920434951782 0.14011286199092865 0.39676594734191895
0.7289497256278992 0.1360968053340912 0.9985206723213196 0.29196080565452576
0.47360149025917053 0.46253877878189087 0.6248578429222107 0.5237569212913513
0.01787872053682804 0.3439619839191437 0.04109001159667969 0.3592148721218109
0.03793391212821007 0.31356221437454224 0.06751513481140137 0.3318132758140564
0.003450186923146248 0.3082904815673828 0.026068368926644325 0.3259919285774231
0.1672302484512329 0.40133437514305115 0.20588600635528564 0.4334176480770111
0.22558052837848663 0.43726369738578796 0.32232892513275146 0.48385027050971985
0.8016273975372314 0.4531952738761902 0.9979723691940308 0.5556390881538391
0.7262510061264038 0.13595011830329895 1.0 0.29638057947158813
0.03344335779547691 0.3497540056705475 0.05881303921341896 0.3677607476711273
0.7274945378303528 0.14110532402992249 0.9967799782752991 0.2921370267868042
0.22558052837848663 0.43726369738578796 0.32232892513275146 0.48385027050971985
