0.12829381227493286 0.2212647944688797 0.18597111105918884 0.2555709183216095
0.19209738075733185 0.3283122181892395 0.2573734223842621 0.360557496547699
0.12632812559604645 0.2769230306148529 0.17288701236248016 0.30313393473625183
0.43136388063430786 0.12558585405349731 0.6346214413642883 0.2409263551235199
0.41089439392089844 0.454872727394104 0.5517106056213379 0.5170483589172363
0.114518903195858 0.3274240791797638 0.1664789915084839 0.3555956184864044
0.19041414558887482 0.41178086400032043 0.2505151629447937 0.4490601122379303
0.43289050459861755 0.2872602939605713 0.5827139019966125 0.3561026453971863
0.10397777706384659 0.3720289468765259 0.1530287116765976 0.4018182158470154
0.028998013585805893 0.2731851637363434 0.06182057783007622 0.2976829707622528
0.07850855588912964 0.3209851086139679 0.11703923344612122 0.343373566865921
0.0430043563246727 0.3542124629020691 0.07457663118839264 0.3746018409729004
0.0271645188331604 0.34716516733169556 0.057040080428123474 0.3656318783760071
0.24782127141952515 0.444321870803833 0.3479786515235901 0.49426722526550293
0.06057722866535187 0.36118754744529724 0.09230263531208038 0.38345715403556824
0.0188017375767231 0.3117324709892273 0.05833191052079201 0.33266669511795044
0.011635750532150269 0.05238643288612366 0.8479795455932617 0.8920762538909912
0.15126971900463104 0.39610812067985535 0.1988471895456314 0.42800644040107727
0.7667741775512695 0.4419861435890198 0.9942531585693359 0.5318230390548706
0.07872211933135986 0.37069687247276306 0.10376225411891937 0.39204469323158264
0.410873144865036 0.4550723135471344 0.5519793033599854 0.5171080231666565
0.2475653439760208 0.44447770714759827 0.3482414484024048 0.4942649304866791
0.9381470680236816 0.09206034243106842 1.0 0.2288561910390854
0.12552016973495483 0.3950484097003937 0.19677478075027466 0.428623765707016
0.14028318226337433 0.39491787552833557 0.18756501376628876 0.42524829506874084
