0.35546040534973145 0.44890958070755005 0.4718315005302429 0.5043789744377136
0.1283552646636963 0.22177228331565857 0.18643933534622192 0.25569412112236023
0.26886966824531555 0.3198529779911041 0.3592187464237213 0.36523351073265076
0.5125590562820435 0.22734688222408295 0.7186524868011475 0.3238636553287506
0.07122115045785904 0.27929019927978516 0.10623370856046677 0.301349401473999
0.13216876983642578 0.3239125609397888 0.18121865391731262 0.3509765863418579
0.17563976347446442 0.40413910150527954 0.2308303564786911 0.44100022315979004
0.5259616374969482 0.4623536467552185 0.6934230327606201 0.5295833945274353
0.08097068965435028 0.32258012890815735 0.117808997631073 0.34521475434303284
0.05238807201385498 0.3581746518611908 0.08367562294006348 0.3795052468776703
0.0510697141289711 0.3163565695285797 0.08231841772794724 0.3361090123653412
0.006969720125198364 0.027582436800003052 0.8653483390808105 0.8262592554092407
0.004580453038215637 0.3082455098628998 0.03639736771583557 0.32763442397117615
0.23339439928531647 0.44046545028686523 0.3319876790046692 0.4867139458656311
0.09323570877313614 0.369599848985672 0.1439346969127655 0.40050533413887024
0.5203090906143188 0.4620307385921478 0.6940516233444214 0.529165506362915
0.20167605578899384 0.24864082038402557 0.3036978542804718 0.2991151213645935
0.23453427851200104 0.4406876266002655 0.3312242031097412 0.4869413673877716
0.021099794656038284 0.34575679898262024 0.047096606343984604 0.3614102900028229
0.12501823902130127 0.3907746374607086 0.18706095218658447 0.422905296087265
0.5115118026733398 0.2268337607383728 0.7177695035934448 0.325100302696228
0.03710096701979637 0.3502907454967499 0.06583619117736816 0.3705579936504364
0.20187926292419434 0.2484397292137146 0.30499744415283203 0.29919564723968506
0.07342400401830673 0.36902347207069397 0.09712866693735123 0.38884642720222473
0.0030843913555145264 0.16169646382331848 0.3693435788154602 0.49801722168922424
0.20118562877178192 0.24894684553146362 0.3044090270996094 0.2992618680000305
0.14843492209911346 0.39300337433815 0.18690736591815948 0.4228481948375702
0.5259616374969482 0.4623536467552185 0.6934230327606201 0.5295833945274353
