0.3143140375614166 0.3133549392223358 0.4198749363422394 0.36411431431770325
0.3680526316165924 0.4513360261917114 0.4908103048801422 0.5069285035133362
0.12837819755077362 0.22117319703102112 0.18634887039661407 0.2555757761001587
0.1503293663263321 0.32546311616897583 0.2034398764371872 0.35397160053253174
0.6169684529304504 0.18128740787506104 0.8911928534507751 0.3013705015182495
0.08666982501745224 0.27727994322776794 0.12549185752868652 0.30130621790885925
0.25585800409317017 0.22736899554729462 0.3767578601837158 0.2910853922367096
0.18160179257392883 0.40692511200904846 0.23703929781913757 0.44300124049186707
0.09074260294437408 0.32386451959609985 0.13263100385665894 0.3483208417892456
0.05694136768579483 0.358989953994751 0.08834705501794815 0.38095033168792725
0.010313652455806732 0.3101288080215454 0.04312685504555702 0.3302425742149353
0.5760983228683472 0.4630275368690491 0.7724014520645142 0.5312123894691467
0.02235564962029457 0.3439650535583496 0.05017152801156044 0.3636459708213806
0.00740128755569458 0.022469013929367065 0.8557549715042114 0.8070915937423706
0.23842887580394745 0.44066983461380005 0.3365958333015442 0.4870741367340088
0.0957777127623558 0.36932629346847534 0.146625354886055 0.39944034814834595
0.5760983228683472 0.4630275368690491 0.7724014520645142 0.5312123894691467
0.2564639747142792 0.22732679545879364 0.3761361539363861 0.29118451476097107
0.14916568994522095 0.39247745275497437 0.1913905143737793 0.4260684847831726
0.013044234365224838 0.2802932560443878 0.0433015339076519 0.29869523644447327
0.06583476811647415 0.3167159855365753 0.0926966741681099 0.3368878662586212
0.23902419209480286 0.4410042464733124 0.33619675040245056 0.4873790442943573
0.005040749907493591 0.19375358521938324 0.39848625659942627 0.5025848746299744
0.23911075294017792 0.44157516956329346 0.3366715908050537 0.4873967170715332
0.07769224047660828 0.37011417746543884 0.10291355848312378 0.3901868164539337
0.5760983228683472 0.4630275368690491 0.7724014520645142 0.5312123894691467
0.13018010556697845 0.3902350962162018 0.18769462406635284 0.42239752411842346
0.040184538811445236 0.35162147879600525 0.06675398349761963 0.37212052941322327
0.6161030530929565 0.18290148675441742 0.8905317783355713 0.30205464363098145
