0.24427440762519836 0.25554603338241577 0.31652185320854187 0.2985679507255554
0.3063637316226959 0.31921109557151794 0.4046163260936737 0.36316606402397156
0.128666952252388 0.22067135572433472 0.1868121474981308 0.25598886609077454
0.18813958764076233 0.33231693506240845 0.2553667724132538 0.3663218021392822
0.12962383031845093 0.32660967111587524 0.17688190937042236 0.3553239703178406
0.0739324539899826 0.27318015694618225 0.11147801578044891 0.3003959357738495
0.28185075521469116 0.4529988765716553 0.39461982250213623 0.5068252086639404
0.05203358829021454 0.3154888451099396 0.09676682949066162 0.3398272693157196
0.2104073315858841 0.41929891705513 0.28292936086654663 0.460367351770401
0.5548649430274963 0.4643118381500244 0.7636412978172302 0.5415936708450317
0.1544376015663147 0.4004531502723694 0.21933835744857788 0.43519413471221924
0.00420650839805603 0.0033575892448425293 0.9691433906555176 0.8736504316329956
0.044605813920497894 0.2814301550388336 0.07203628867864609 0.30167582631111145
0.06745665520429611 0.3637021780014038 0.09885258227586746 0.38668471574783325
0.10982533544301987 0.3762354850769043 0.1644577533006668 0.4090961813926697
0.08545475453138351 0.37320172786712646 0.112848199903965 0.39644140005111694
0.10982533544301987 0.3762354850769043 0.1644577533006668 0.4090961813926697
0.7569501996040344 0.1614627093076706 0.9977490305900574 0.3017899990081787
0.060438819229602814 0.3599623441696167 0.08946118503808975 0.38271552324295044
0.03614668548107147 0.350381463766098 0.06625045090913773 0.36823466420173645
0.0066774869337677956 0.3105241656303406 0.025394972413778305 0.32513922452926636
0.007036167196929455 0.2844953238964081 0.03034348413348198 0.3019265830516815
0.053549766540527344 0.3569686710834503 0.08241789042949677 0.3802246153354645
0.20908889174461365 0.4195736050605774 0.28264319896698 0.4591817855834961
0.14447346329689026 0.4017789363861084 0.220168799161911 0.4345358610153198
0.008565455675125122 0.12899118661880493 0.3654137849807739 0.4862323999404907
0.010158494114875793 0.23222163319587708 0.229537233710289 0.4187929332256317
