0.2007611244916916 0.2670357823371887 0.2642868757247925 0.30278581380844116
0.1286771595478058 0.22070594131946564 0.18668133020401 0.2558214068412781
0.16732890903949738 0.3314654529094696 0.2247576266527176 0.36401811242103577
0.06240738928318024 0.27416396141052246 0.09550115466117859 0.30001193284988403
0.26875796914100647 0.32388976216316223 0.3540041148662567 0.36270639300346375
0.5019756555557251 0.46315422654151917 0.69014573097229 0.5352585315704346
0.11385601758956909 0.3251629173755646 0.15673372149467468 0.35120341181755066
0.27813947200775146 0.4506729245185852 0.3761356472969055 0.5015125274658203
0.6424177289009094 0.2114284485578537 0.9000468850135803 0.32781320810317993
0.20197245478630066 0.41820698976516724 0.2718519866466522 0.45758068561553955
0.04045214504003525 0.31447672843933105 0.08386671543121338 0.33598172664642334
0.10597440600395203 0.3746711313724518 0.16168659925460815 0.40709879994392395
0.06620366871356964 0.364364892244339 0.09830765426158905 0.3864944279193878
0.032683730125427246 0.28244277834892273 0.060057058930397034 0.300990492105484
0.03440426290035248 0.34952637553215027 0.06369612365961075 0.36813315749168396
0.002318441867828369 0.010100334882736206 0.9677252173423767 0.8570786714553833
0.14604823291301727 0.3991501033306122 0.21405033767223358 0.4331240952014923
0.05963372439146042 0.3610910177230835 0.08966071158647537 0.3832778334617615
0.051986828446388245 0.3580053150653839 0.08055074512958527 0.38008174300193787
0.08368521183729172 0.37212857604026794 0.1119537279009819 0.3960430324077606
0.2045133262872696 0.41804057359695435 0.2734539210796356 0.45656663179397583
0.6430256366729736 0.21163728833198547 0.9014081954956055 0.32807525992393494
0.13529470562934875 0.3988882303237915 0.21459311246871948 0.4332149624824524
0.10597440600395203 0.3746711313724518 0.16168659925460815 0.40709879994392395
0.008930116891860962 0.23401807248592377 0.22154156863689423 0.41710996627807617
