0.6380215883255005 0.7750226855278015 0.9065980911254883 0.8933994174003601
0.12765683233737946 0.2724933922290802 0.18338645994663239 0.30118903517723083
0.4709225296974182 0.2758272588253021 0.6237993836402893 0.35046449303627014
0.3277324140071869 0.2188628911972046 0.431519478559494 0.27774545550346375
0.6505035161972046 0.009999647736549377 0.9282795190811157 0.169138565659523
0.38421985507011414 0.46429792046546936 0.501524031162262 0.5219538807868958
0.12825560569763184 0.21968527138233185 0.18698382377624512 0.25536495447158813
0.8532021641731262 0.14891786873340607 1.0 0.2846575975418091
0.5132920742034912 0.48114800453186035 0.7277107238769531 0.5493631362915039
0.14425331354141235 0.32600438594818115 0.1903667151927948 0.35289961099624634
0.08316101878881454 0.37137845158576965 0.1200711652636528 0.39832642674446106
0.2766527235507965 0.4451579749584198 0.3768163025379181 0.49046429991722107
0.12251715362071991 0.388176828622818 0.16103576123714447 0.41404423117637634
0.019042348489165306 0.3119034171104431 0.041986048221588135 0.32882148027420044
0.019640743732452393 0.05469620227813721 0.7870891094207764 0.7721742987632751
0.045743707567453384 0.35341590642929077 0.07709112763404846 0.3749532103538513
0.01366778090596199 0.28074926137924194 0.04851119592785835 0.3003082275390625
0.06578145921230316 0.3612430989742279 0.09392552077770233 0.3848927319049835
0.22357147932052612 0.3211034834384918 0.3236287236213684 0.36650118231773376
0.1718277931213379 0.40322503447532654 0.24569985270500183 0.4465247094631195
0.5132920742034912 0.48114800453186035 0.7277107238769531 0.5493631362915039
0.4709225296974182 0.2758272588253021 0.6237993836402893 0.35046449303627014
0.012240491807460785 0.2343851625919342 0.23688581585884094 0.43204817175865173
0.17034074664115906 0.40375834703445435 0.2465362846851349 0.44681400060653687
0.2758082449436188 0.44467586278915405 0.3760736286640167 0.4899844527244568
0.1311083883047104 0.20397821068763733 0.19735725224018097 0.25583359599113464
0.17034074664115906 0.40375834703445435 0.2465362846851349 0.44681400060653687
0.22357147932052612 0.3211034834384918 0.3236287236213684 0.36650118231773376
0.3824370503425598 0.4646892547607422 0.4985332489013672 0.5207695364952087
