0.2618247866630554 0.244576558470726 0.3459097146987915 0.29156652092933655
0.48086637258529663 0.2753217816352844 0.6546943783760071 0.34906893968582153
0.32183995842933655 0.3181780278682709 0.4228741228580475 0.3659217655658722
0.4237959384918213 0.47219929099082947 0.6026372909545898 0.5349872708320618
0.16062328219413757 0.2748076617717743 0.21481889486312866 0.30590561032295227
0.12834656238555908 0.22046536207199097 0.18822675943374634 0.25563332438468933
0.31604623794555664 0.45048871636390686 0.41189080476760864 0.5025871992111206
0.07238265872001648 0.32022497057914734 0.10727371275424957 0.3404616415500641
0.06176038086414337 0.27901726961135864 0.10194191336631775 0.3008013963699341
0.07472845911979675 0.3683289587497711 0.11160990595817566 0.39320823550224304
0.1010715588927269 0.3797275424003601 0.14211776852607727 0.4058374762535095
0.14292261004447937 0.3907444179058075 0.2075766921043396 0.43101343512535095
0.05879967659711838 0.35901203751564026 0.08955524116754532 0.3808951675891876
0.015717625617980957 0.03587526082992554 0.804821252822876 0.8257896304130554
0.1429106593132019 0.3231249153614044 0.2168402373790741 0.35662636160850525
0.04278269410133362 0.3519107401371002 0.0737379789352417 0.3729584515094757
0.1423729658126831 0.32267317175865173 0.2168416976928711 0.35884085297584534
0.14276088774204254 0.39098647236824036 0.2074609249830246 0.4310060441493988
0.21525970101356506 0.42453959584236145 0.2963128983974457 0.4676569402217865
0.21525970101356506 0.42453959584236145 0.2963128983974457 0.4676569402217865
0.42589980363845825 0.47224798798561096 0.6028098464012146 0.5355943441390991
0.21497391164302826 0.42459794878959656 0.2958122491836548 0.46739521622657776
0.0054651666432619095 0.28297746181488037 0.022921673953533173 0.29881733655929565
0.13086508214473724 0.20441198348999023 0.19630499184131622 0.2562885582447052
0.9144988059997559 0.1258690357208252 0.9989007711410522 0.2594487965106964
