0.4935048222541809 0.23158147931098938 0.7070268988609314 0.32857754826545715
0.3420550227165222 0.31608322262763977 0.4501340985298157 0.36663147807121277
0.12924084067344666 0.20830437541007996 0.18956393003463745 0.255509614944458
0.4272412061691284 0.4647925794124603 0.5849027633666992 0.5263853669166565
0.07972906529903412 0.3181888163089752 0.11567555367946625 0.3402157127857208
0.06083420664072037 0.3596612811088562 0.09603748470544815 0.3841547966003418
0.09225598722696304 0.2732628583908081 0.16496115922927856 0.3060987591743469
0.08848612010478973 0.37184277176856995 0.12209002673625946 0.39743056893348694
0.1221139207482338 0.3870246708393097 0.16570717096328735 0.41714122891426086
0.25272080302238464 0.43429040908813477 0.3542090356349945 0.48435574769973755
0.13935984671115875 0.3256198763847351 0.18768559396266937 0.35428881645202637
0.0573156476020813 0.27865397930145264 0.08984239399433136 0.30000102519989014
0.17092451453208923 0.4076980948448181 0.22749221324920654 0.4411134719848633
0.781038761138916 0.4576502740383148 0.9997848272323608 0.5606194734573364
0.020532287657260895 0.3162176311016083 0.06739853322505951 0.33507242798805237
0.4935048222541809 0.23158147931098938 0.7070268988609314 0.32857754826545715
0.4272412061691284 0.4647925794124603 0.5849027633666992 0.5263853669166565
0.003922224044799805 0.02970096468925476 0.890106737613678 0.8371795415878296
0.47184768319129944 0.2992747128009796 0.581845223903656 0.3387177884578705
0.007082089781761169 0.23481141030788422 0.21287555992603302 0.4307502508163452
0.0046156784519553185 0.33084940910339355 0.02674798294901848 0.34941476583480835
0.7807434797286987 0.4573986530303955 0.9981504678726196 0.5607243776321411
0.2526189684867859 0.4343525469303131 0.35380810499191284 0.4843533933162689
0.17164422571659088 0.4077340066432953 0.2281462401151657 0.4413394629955292
0.09234326332807541 0.2736157774925232 0.1651063859462738 0.30646973848342896
