0.17205314338207245 0.32845354080200195 0.22810377180576324 0.3609773516654968
0.12874841690063477 0.21968334913253784 0.18719446659088135 0.25530102849006653
0.5356939435005188 0.2125624418258667 0.7736147046089172 0.3175296187400818
0.39066335558891296 0.30539271235466003 0.5123521089553833 0.3623889982700348
0.10271520167589188 0.3218449652194977 0.14507398009300232 0.34588953852653503
0.5282019376754761 0.46688932180404663 0.737605094909668 0.5396206974983215
0.13494634628295898 0.39119431376457214 0.18060645461082458 0.4226447641849518
0.18781355023384094 0.41358262300491333 0.2456859052181244 0.4478806257247925
0.09963341057300568 0.3755705952644348 0.13238292932510376 0.4013311266899109
0.27386587858200073 0.43915820121765137 0.38588911294937134 0.49431872367858887
0.07864299416542053 0.27656465768814087 0.11421866714954376 0.30082249641418457
0.12418925017118454 0.27029144763946533 0.21033960580825806 0.3077768087387085
0.06717072427272797 0.3623485565185547 0.10115979611873627 0.385983407497406
0.058627016842365265 0.3205036222934723 0.09585268050432205 0.34100696444511414
0.03144706040620804 0.31544002890586853 0.06499820947647095 0.33418962359428406
0.012930085882544518 0.3366835117340088 0.03896600753068924 0.3536515235900879
0.007114768028259277 0.014705896377563477 0.8931334018707275 0.8464990258216858
0.2737640142440796 0.4387236535549164 0.3858482241630554 0.4940386116504669
0.391227662563324 0.3052491545677185 0.5117499828338623 0.3624836206436157
0.2737640142440796 0.4387236535549164 0.3858482241630554 0.4940386116504669
0.020451532676815987 0.2872622609138489 0.041750065982341766 0.3027041554450989
0.5282019376754761 0.46688932180404663 0.737605094909668 0.5396206974983215
0.12603974342346191 0.27060240507125854 0.20901712775230408 0.30900251865386963
0.5345805883407593 0.21217551827430725 0.7748841047286987 0.31949207186698914
0.18793466687202454 0.4135349988937378 0.24536514282226562 0.4477633833885193
