0.19980880618095398 0.32959574460983276 0.2671659588813782 0.3653010129928589
0.1310955137014389 0.21049559116363525 0.19004495441913605 0.26046955585479736
0.08242066204547882 0.28207749128341675 0.12251922488212585 0.30440574884414673
0.19281631708145142 0.24004951119422913 0.3497423529624939 0.30490174889564514
0.052586380392313004 0.35602158308029175 0.08160078525543213 0.3760552406311035
0.10402435064315796 0.3831399381160736 0.1527230143547058 0.4106934368610382
0.03003513440489769 0.3198055922985077 0.06438764929771423 0.3386370837688446
0.8705061078071594 0.00019559450447559357 1.0 0.05797373503446579
0.004620710387825966 0.2866193354129791 0.024970179423689842 0.3065873682498932
0.10402435064315796 0.3831399381160736 0.1527230143547058 0.4106934368610382
0.0 0.0 1.0 0.9612537622451782
