0.22580260038375854 0.3269871175289154 0.29999446868896484 0.3659828007221222
0.13068820536136627 0.20905719697475433 0.19520501792430878 0.2594408690929413
0.09210240095853806 0.28153613209724426 0.13547171652317047 0.30520400404930115
0.11228768527507782 0.3859192430973053 0.16578330099582672 0.4156111776828766
0.059798769652843475 0.3582702875137329 0.08892469853162766 0.37979114055633545
0.21432921290397644 0.22832974791526794 0.3813101351261139 0.29986485838890076
0.036656320095062256 0.32022199034690857 0.0719049870967865 0.34036001563072205
0.002844228409230709 0.28475502133369446 0.02743423357605934 0.3068109452724457
0.13031445443630219 0.22285957634449005 0.18734689056873322 0.25690406560897827
0.0 0.0 1.0 0.9996206760406494
