0.25995251536369324 0.6312707662582397 0.2991708815097809 0.6893283128738403
0.3298405408859253 0.664680540561676 0.3867817521095276 0.7420411705970764
0.6473696231842041 0.5998722314834595 0.7605990171432495 0.6291289329528809
0.2386614978313446 0.6150127649307251 0.274417906999588 0.668280839920044
0.22500327229499817 0.6071080565452576 0.26285532116889954 0.6600787043571472
0.1603614091873169 0.5727688074111938 0.18643790483474731 0.6070959568023682
0.15286847949028015 0.5664560794830322 0.18186217546463013 0.6008985042572021
0.1557348221540451 0.5456690788269043 0.17936180531978607 0.5645827054977417
0.22439752519130707 0.6146448850631714 0.25201573967933655 0.6608498096466064
0.15089812874794006 0.5604665875434875 0.17800366878509521 0.5934417843818665
