[0.226 0.239 0.243 0.228 0.232 0.233
 0.239 0.241 0.244 0.247 0.271 0.287
 0.301 0.315 0.327 0.323 0.322 0.320
 0.317 0.314 0.319 0.321 0.324 0.326
 0.330 0.335 0.340 0.347 0.354 0.360
 0.358 0.355 0.354 0.352 0.351 0.354
 0.358 0.360 0.363 0.367 0.370 0.371
 0.374 0.375 0.377 0.375 0.372 0.369
 0.367 0.364 0.362 0.360 0.359 0.356
 0.355 0.354 0.352 0.350 0.348 0.347
 0.347 0.346 0.345 0.345 0.344 0.344
 0.343 0.342 0.341 0.339 0.338 0.337
 0.336 0.336 0.335 0.334 0.333 0.332
 0.331 0.330 0.329 0.327 0.326 0.325
 0.324 0.324 0.322 0.321 0.320 0.319
 0.318 0.318 0.317 0.317 0.316 0.315
 0.314 0.313 0.313 0.312]
0.3282160261769446 0.25488663855278987 0.07332938762415475
------------------------------------------------------------------
[0.175 0.183 0.240 0.224 0.229 0.233
 0.243 0.251 0.256 0.249 0.235 0.226
 0.223 0.224 0.216 0.227 0.232 0.237
 0.251 0.256 0.273 0.295 0.312 0.327
 0.340 0.348 0.353 0.360 0.363 0.373
 0.379 0.378 0.377 0.379 0.382 0.384
 0.388 0.393 0.397 0.402 0.399 0.394
 0.391 0.390 0.389 0.390 0.393 0.394
 0.393 0.399 0.404 0.409 0.413 0.417
 0.422 0.427 0.431 0.435 0.438 0.441
 0.443 0.446 0.448 0.449 0.448 0.450
 0.451 0.452 0.452 0.452 0.453 0.453
 0.452 0.451 0.451 0.453 0.455 0.456
 0.457 0.458 0.461 0.463 0.465 0.467
 0.469 0.469 0.470 0.470 0.471 0.471
 0.472 0.474 0.475 0.475 0.476 0.477
 0.477 0.478 0.479 0.479]
0.38443650729022744 0.3814863089813343 0.0029501983088931483
------------------------------------------------------------------
[0.000 0.000 0.000 0.000 0.000 0.001
 0.004 0.002 0.002 0.004 0.002 -0.000
 -0.004 0.019 0.014 0.015 0.016 0.017
 0.018 0.017 0.031 0.052 0.067 0.075
 0.081 0.084 0.089 0.095 0.100 0.105
 0.102 0.099 0.096 0.095 0.092 0.094
 0.097 0.100 0.103 0.107 0.102 0.095
 0.093 0.091 0.089 0.087 0.086 0.084
 0.082 0.081 0.082 0.083 0.086 0.088
 0.091 0.095 0.098 0.101 0.101 0.103
 0.104 0.104 0.105 0.105 0.104 0.104
 0.106 0.106 0.106 0.104 0.103 0.102
 0.100 0.099 0.098 0.098 0.099 0.099
 0.098 0.100 0.100 0.099 0.098 0.098
 0.098 0.097 0.096 0.095 0.094 0.093
 0.094 0.093 0.093 0.092 0.091 0.090
 0.089 0.088 0.088 0.087]
0.07627958593304807
------------------------------------------------------------------
